8 0.1815165876777251 0.12843601895734597 0.12796208530805686 0.11279620853080569
8 0.1895734597156398 0.2052132701421801 0.10995260663507109 0.08720379146919431
9 0.2127962085308057 0.2725118483412322 0.1014218009478673 0.08625592417061612
9 0.24075829383886255 0.3194312796208531 0.09573459715639811 0.09194312796208531
1 0.27582938388625594 0.3691943127962085 0.08720379146919431 0.1014218009478673
6 0.32606635071090045 0.3966824644549763 0.08436018957345971 0.11848341232227488
6 0.3876777251184834 0.4246445497630332 0.07772511848341232 0.12227488151658768
6 0.4601895734597156 0.43554502369668247 0.0881516587677725 0.11563981042654028
6 0.5208530805687204 0.41184834123222747 0.08341232227488152 0.0947867298578199
1 0.5654028436018957 0.3758293838862559 0.0881516587677725 0.09194312796208531
9 0.5729857819905213 0.3132701421800948 0.07298578199052133 0.0995260663507109
9 0.5890995260663507 0.25781990521327014 0.04075829383886256 0.1023696682464455
8 0.7184834123222749 0.4545023696682464 0.08625592417061612 0.0881516587677725
8 0.7497630331753554 0.4033175355450237 0.08720379146919431 0.09289099526066351
9 0.7800947867298578 0.35450236966824644 0.06350710900473934 0.06540284360189573
1 0.8355450236966825 0.2720379146919431 0.05781990521327014 0.06255924170616113
6 0.890521327014218 0.25118483412322273 0.06824644549763033 0.058767772511848344
6 0.956872037914692 0.24834123222748816 0.06824644549763033 0.06255924170616113
6 0.9881516587677726 0.266824644549763 0.023696682464454975 0.06919431279620854
8 0.06824644549763033 0.6417061611374407 0.07393364928909953 0.08720379146919431
8 0.12796208530805686 0.6175355450236967 0.07393364928909953 0.08246445497630332
9 0.1734597156398104 0.5914691943127962 0.05118483412322275 0.06350710900473934
9 0.21137440758293838 0.5862559241706161 0.046445497630331754 0.06350710900473934
1 0.25071090047393363 0.5791469194312796 0.05308056872037915 0.05971563981042654
6 0.2919431279620853 0.5924170616113744 0.05781990521327014 0.05402843601895735
6 0.32606635071090045 0.6161137440758294 0.07109004739336493 0.07488151658767772
6 0.35971563981042654 0.647867298578199 0.06350710900473934 0.06540284360189573
8 0.737914691943128 0.7099526066350711 0.0881516587677725 0.0938388625592417
9 0.7654028436018957 0.5985781990521327 0.06540284360189573 0.06350710900473934
1 0.7872037914691943 0.556872037914692 0.05781990521327014 0.05402843601895735
6 0.8312796208530806 0.542654028436019 0.04739336492890995 0.025592417061611375
6 0.885308056872038 0.5417061611374407 0.07203791469194312 0.023696682464454975
6 0.9516587677725118 0.5417061611374407 0.07203791469194312 0.023696682464454975
6 0.9876777251184834 0.5507109004739337 0.024644549763033177 0.04170616113744076
9 0.7644549763033175 0.6497630331753554 0.06445497630331753 0.06350710900473934