8 0.6867298578199053 0.015165876777251185 0.0881516587677725 0.03033175355450237
9 0.6654028436018957 0.031279620853080566 0.07962085308056872 0.06255924170616113
9 0.6426540284360189 0.06919431279620854 0.08246445497630332 0.07203791469194312
1 0.6085308056872037 0.10900473933649289 0.06729857819905213 0.06824644549763033
6 0.5654028436018957 0.13317535545023695 0.07298578199052133 0.06255924170616113
3 0.03981042654028436 0.8611374407582938 0.03886255924170616 0.03981042654028436
3 0.08388625592417062 0.8876777251184834 0.04075829383886256 0.03886255924170616
3 0.25971563981042656 0.6616113744075829 0.055924170616113746 0.05308056872037915
3 0.25402843601895736 0.7398104265402844 0.046445497630331754 0.04454976303317536
3 0.26587677725118486 0.7990521327014218 0.04265402843601896 0.04075829383886256
1 0.11658767772511848 0.9165876777251185 0.05781990521327014 0.06635071090047394
1 0.25971563981042656 0.8440758293838863 0.06824644549763033 0.06066350710900474
6 0.24360189573459715 0.8838862559241706 0.05687203791469194 0.05687203791469194
6 0.22369668246445498 0.9052132701421801 0.06066350710900474 0.06350710900473934
6 0.18862559241706162 0.9208530805687204 0.05023696682464455 0.05781990521327014
6 0.15687203791469195 0.9222748815165877 0.05308056872037915 0.05687203791469194
8 0.7426540284360189 0.6303317535545023 0.08909952606635071 0.0938388625592417
8 0.7061611374407583 0.6924170616113744 0.09573459715639811 0.0976303317535545
9 0.6696682464454976 0.7431279620853081 0.07109004739336493 0.07203791469194312
1 0.6388625592417062 0.7796208530805687 0.06824644549763033 0.061611374407582936
6 0.5985781990521327 0.7976303317535545 0.05308056872037915 0.058767772511848344
6 0.5644549763033175 0.8056872037914692 0.04928909952606635 0.05781990521327014
6 0.5284360189573459 0.7995260663507109 0.05023696682464455 0.05781990521327014
6 0.4938388625592417 0.7777251184834123 0.04928909952606635 0.061611374407582936
1 0.4819905213270142 0.7492890995260664 0.025592417061611375 0.06729857819905213