8 0.20568720379146918 0.18293838862559242 0.1004739336492891 0.10710900473933649
8 0.21374407582938387 0.27014218009478674 0.1061611374407583 0.10426540284360189
9 0.2184834123222749 0.3469194312796208 0.0881516587677725 0.08436018957345971
9 0.2104265402843602 0.4109004739336493 0.08625592417061612 0.08436018957345971
1 0.1933649289099526 0.46729857819905213 0.08436018957345971 0.08625592417061612
6 0.17109004739336492 0.5066350710900474 0.07298578199052133 0.08436018957345971
6 0.13270142180094788 0.5218009478672986 0.06445497630331753 0.0909952606635071
6 0.09052132701421801 0.5322274881516588 0.06540284360189573 0.0966824644549763
6 0.05971563981042654 0.5450236966824644 0.07109004739336493 0.0938388625592417
1 0.018957345971563982 0.5436018957345972 0.037914691943127965 0.08625592417061612
5 0.9033175355450237 0.1928909952606635 0.05118483412322275 0.055924170616113746
4 0.6440758293838863 0.2663507109004739 0.04170616113744076 0.04454976303317536
4 0.6800947867298578 0.32748815165876777 0.03981042654028436 0.04265402843601896
4 0.8777251184834123 0.2838862559241706 0.04265402843601896 0.043601895734597156
4 0.8492890995260663 0.3298578199052133 0.04075829383886256 0.04170616113744076
3 0.7241706161137441 0.3630331753554502 0.03886255924170616 0.04170616113744076
8 0.33791469194312795 0.6838862559241706 0.0881516587677725 0.0947867298578199
8 0.2933649289099526 0.647867298578199 0.09573459715639811 0.09573459715639811
9 0.25260663507109005 0.6213270142180095 0.07109004739336493 0.04265402843601896
3 0.21374407582938387 0.604739336492891 0.03696682464454976 0.009478672985781991
6 0.02843601895734597 0.6099526066350711 0.05687203791469194 0.01990521327014218
6 0.01800947867298578 0.6270142180094787 0.03601895734597156 0.05402843601895735
1 0.017061611374407582 0.6663507109004739 0.034123222748815164 0.07203791469194312
9 0.023696682464454975 0.7208530805687203 0.04739336492890995 0.06540284360189573
2 0.05260663507109005 0.8725118483412322 0.07488151658767772 0.07109004739336493
4 0.5995260663507109 0.8279620853080568 0.043601895734597156 0.04454976303317536
8 0.6720379146919432 0.8374407582938389 0.09289099526066351 0.0938388625592417
9 0.7364928909952607 0.8398104265402844 0.05781990521327014 0.058767772511848344
9 0.7838862559241706 0.8312796208530806 0.058767772511848344 0.058767772511848344
1 0.8246445497630331 0.814218009478673 0.06919431279620854 0.06066350710900474
6 0.8473933649289099 0.7886255924170616 0.06635071090047394 0.05023696682464455
6 0.866824644549763 0.752132701421801 0.06540284360189573 0.05118483412322275
6 0.8710900473933649 0.7213270142180095 0.06445497630331753 0.04834123222748815