8 0.771090047393365 0.3872037914691943 0.08246445497630332 0.06540284360189573
8 0.7009478672985782 0.37819905213270144 0.0976303317535545 0.08341232227488152
9 0.6355450236966824 0.36587677725118484 0.06824644549763033 0.08246445497630332
2 0.590047393364929 0.36492890995260663 0.055924170616113746 0.07772511848341232
1 0.5284360189573459 0.37345971563981045 0.07014218009478673 0.06919431279620854
6 0.48530805687203793 0.39478672985781993 0.06635071090047394 0.05023696682464455
6 0.44976303317535543 0.4080568720379147 0.08056872037914692 0.023696682464454975
6 0.010900473933649289 0.7502369668246446 0.021800947867298578 0.05971563981042654
6 0.032701421800947865 0.7464454976303317 0.04454976303317536 0.05971563981042654
6 0.052132701421800945 0.718957345971564 0.04834123222748815 0.052132701421800945
1 0.08909952606635071 0.7109004739336493 0.05687203791469194 0.06729857819905213
9 0.1052132701421801 0.6706161137440758 0.05781990521327014 0.058767772511848344
9 0.11706161137440758 0.6293838862559241 0.06824644549763033 0.05781990521327014
3 0.12985781990521328 0.5777251184834123 0.04170616113744076 0.03601895734597156
8 0.875829383886256 0.5327014218009478 0.09289099526066351 0.0938388625592417
8 0.8071090047393364 0.5658767772511848 0.0909952606635071 0.09194312796208531
9 0.7440758293838863 0.5914691943127962 0.06635071090047394 0.06540284360189573
9 0.6895734597156398 0.5924170616113744 0.06255924170616113 0.06635071090047394
1 0.6407582938388625 0.5933649289099526 0.055924170616113746 0.052132701421800945
6 0.609478672985782 0.5843601895734597 0.06255924170616113 0.05118483412322275
6 0.5800947867298578 0.5587677725118484 0.06445497630331753 0.04739336492890995