8 0.27535545023696684 0.3587677725118483 0.09004739336492891 0.04075829383886256
8 0.1985781990521327 0.36824644549763036 0.08625592417061612 0.021800947867298578
8 0.942654028436019 0.3644549763033175 0.06919431279620854 0.029383886255924172
9 0.9222748815165877 0.3407582938388626 0.05118483412322275 0.04928909952606635
9 0.9042654028436019 0.3056872037914692 0.046445497630331754 0.04739336492890995
1 0.875829383886256 0.27109004739336495 0.04170616113744076 0.04739336492890995
8 0.6748815165876777 0.36824644549763036 0.07203791469194312 0.021800947867298578
9 0.690521327014218 0.34549763033175357 0.05308056872037915 0.04739336492890995
9 0.70521327014218 0.30995260663507107 0.04454976303317536 0.04739336492890995
1 0.7317535545023697 0.2739336492890995 0.04265402843601896 0.04834123222748815
6 0.7554502369668247 0.25355450236966826 0.04170616113744076 0.04075829383886256
6 0.7881516587677725 0.24218009478672986 0.034123222748815164 0.03696682464454976
6 0.819431279620853 0.24312796208530807 0.034123222748815164 0.03981042654028436
6 0.8492890995260663 0.25260663507109005 0.035071090047393366 0.04170616113744076
9 0.018957345971563982 0.5919431279620853 0.037914691943127965 0.055924170616113746
8 0.24075829383886255 0.7890995260663507 0.07772511848341232 0.06635071090047394
8 0.25071090047393363 0.7336492890995261 0.08246445497630332 0.06350710900473934
9 0.2554502369668246 0.680568720379147 0.05971563981042654 0.05971563981042654
1 0.04170616113744076 0.5597156398104265 0.054976303317535544 0.058767772511848344
1 0.2554502369668246 0.623696682464455 0.05402843601895735 0.061611374407582936
6 0.23696682464454977 0.5829383886255924 0.054976303317535544 0.05781990521327014
6 0.1995260663507109 0.557345971563981 0.06445497630331753 0.06919431279620854
6 0.14265402843601896 0.533649289099526 0.06635071090047394 0.055924170616113746
6 0.08483412322274882 0.5374407582938389 0.05308056872037915 0.055924170616113746
8 0.8540284360189574 0.985781990521327 0.07772511848341232 0.02843601895734597
8 0.842654028436019 0.9454976303317536 0.07298578199052133 0.07488151658767772
8 0.4985781990521327 0.9279620853080569 0.07393364928909953 0.08056872037914692
8 0.533649289099526 0.8777251184834123 0.07582938388625593 0.08151658767772511
9 0.5597156398104265 0.8322274881516588 0.06350710900473934 0.05781990521327014
9 0.5857819905213271 0.7981042654028436 0.06540284360189573 0.054976303317535544
9 0.8393364928909952 0.8900473933649289 0.06540284360189573 0.05023696682464455
9 0.8255924170616113 0.8492890995260663 0.06540284360189573 0.05023696682464455
1 0.8132701421800947 0.8090047393364929 0.052132701421800945 0.05118483412322275
1 0.6113744075829384 0.7682464454976303 0.04834123222748815 0.054976303317535544
6 0.6516587677725119 0.7554502369668247 0.04739336492890995 0.05971563981042654
6 0.6990521327014217 0.7511848341232228 0.054976303317535544 0.06635071090047394
6 0.7464454976303317 0.761611374407583 0.05118483412322275 0.06445497630331753
6 0.7838862559241706 0.7791469194312797 0.04928909952606635 0.05971563981042654