3 0.14123222748815165 0.418957345971564 0.07203791469194312 0.07867298578199051
8 0.05545023696682464 0.37772511848341234 0.1061611374407583 0.11563981042654028
9 0.014218009478672985 0.35023696682464456 0.02843601895734597 0.09194312796208531
8 0.6123222748815166 0.2876777251184834 0.08720379146919431 0.07677725118483412
8 0.9127962085308057 0.23933649289099526 0.08720379146919431 0.08436018957345971
8 0.9023696682464455 0.1924170616113744 0.08341232227488152 0.0881516587677725
9 0.8815165876777251 0.14976303317535544 0.06919431279620854 0.058767772511848344
9 0.8635071090047394 0.11327014218009479 0.07393364928909953 0.061611374407582936
8 0.6132701421800948 0.23459715639810427 0.06255924170616113 0.06540284360189573
9 0.6232227488151659 0.18672985781990523 0.07677725118483412 0.05971563981042654
9 0.6407582938388625 0.14644549763033177 0.07109004739336493 0.05971563981042654
1 0.6521327014218009 0.10284360189573459 0.06350710900473934 0.061611374407582936
6 0.6739336492890995 0.06208530805687204 0.05781990521327014 0.05971563981042654
6 0.7165876777251184 0.05118483412322275 0.06255924170616113 0.061611374407582936
6 0.7706161137440758 0.03933649289099526 0.06350710900473934 0.058767772511848344
6 0.8156398104265403 0.04454976303317536 0.05402843601895735 0.06066350710900474
1 0.8459715639810427 0.06777251184834124 0.06255924170616113 0.06350710900473934
8 0.6189573459715639 0.33127962085308055 0.07772511848341232 0.06445497630331753
8 0.909478672985782 0.2853080568720379 0.07488151658767772 0.05971563981042654
2 0.2777251184834123 0.8151658767772512 0.043601895734597156 0.13459715639810427
8 0.5388625592417061 0.6744075829383887 0.07772511848341232 0.08530805687203792
8 0.604739336492891 0.6829383886255924 0.07772511848341232 0.08341232227488152
9 0.6597156398104266 0.685781990521327 0.05687203791469194 0.07203791469194312