8 0.5379146919431279 0.614218009478673 0.07488151658767772 0.07014218009478673
8 0.5345971563981042 0.5625592417061611 0.06824644549763033 0.06729857819905213
9 0.5118483412322274 0.5127962085308057 0.06824644549763033 0.06540284360189573
2 0.490521327014218 0.4606635071090047 0.055924170616113746 0.058767772511848344
6 0.46398104265402845 0.418957345971564 0.06540284360189573 0.07109004739336493
6 0.4165876777251185 0.3900473933649289 0.06824644549763033 0.07298578199052133
6 0.35118483412322277 0.38957345971563984 0.06824644549763033 0.07677725118483412
6 0.2890995260663507 0.4075829383886256 0.06255924170616113 0.061611374407582936
1 0.24597156398104264 0.43554502369668247 0.058767772511848344 0.06824644549763033
9 0.21469194312796208 0.4777251184834123 0.07582938388625593 0.06445497630331753
8 0.1957345971563981 0.5284360189573459 0.07582938388625593 0.05781990521327014
8 0.18293838862559242 0.5857819905213271 0.0881516587677725 0.08341232227488152
9 0.8739336492890996 0.22322274881516588 0.08056872037914692 0.06635071090047394
1 0.8559241706161137 0.27582938388625594 0.06729857819905213 0.06919431279620854
6 0.8312796208530806 0.3184834123222749 0.06255924170616113 0.07677725118483412
6 0.7815165876777251 0.32796208530805687 0.06729857819905213 0.07772511848341232
6 0.7369668246445498 0.33933649289099527 0.035071090047393366 0.07772511848341232
3 0.6502369668246446 0.7601895734597156 0.03601895734597156 0.035071090047393366
4 0.6037914691943128 0.7881516587677725 0.037914691943127965 0.034123222748815164
3 0.3469194312796208 0.6966824644549763 0.037914691943127965 0.015165876777251185
9 0.557345971563981 0.8369668246445497 0.05118483412322275 0.05308056872037915
9 0.5322274881516588 0.8696682464454977 0.04549763033175355 0.055924170616113746
9 0.34170616113744073 0.7436018957345971 0.05308056872037915 0.05023696682464455
9 0.3469194312796208 0.7862559241706161 0.05023696682464455 0.04739336492890995
1 0.3630331753554502 0.8251184834123223 0.05687203791469194 0.04928909952606635
1 0.4924170616113744 0.8800947867298579 0.03981042654028436 0.05971563981042654
6 0.45545023696682463 0.885781990521327 0.03886255924170616 0.055924170616113746
6 0.4251184834123223 0.8824644549763033 0.04170616113744076 0.054976303317535544
6 0.3990521327014218 0.8706161137440759 0.04454976303317536 0.05118483412322275
6 0.37819905213270144 0.8507109004739336 0.05118483412322275 0.05118483412322275