9 0.010900473933649289 0.5246445497630332 0.021800947867298578 0.07488151658767772
9 0.04028436018957346 0.5345971563981042 0.058767772511848344 0.06729857819905213
1 0.0881516587677725 0.5412322274881517 0.06066350710900474 0.054976303317535544
6 0.12037914691943127 0.5246445497630332 0.08056872037914692 0.052132701421800945
6 0.13601895734597155 0.4957345971563981 0.07298578199052133 0.05023696682464455
8 0.42227488151658765 0.3706161137440758 0.04454976303317536 0.1004739336492891
8 0.4549763033175355 0.323696682464455 0.0909952606635071 0.1004739336492891
9 0.5227488151658768 0.31990521327014215 0.058767772511848344 0.07298578199052133
9 0.5033175355450237 0.26445497630331755 0.07867298578199051 0.06919431279620854
1 0.5393364928909953 0.2156398104265403 0.06350710900473934 0.06540284360189573
1 0.7668246445497631 0.2734597156398104 0.058767772511848344 0.061611374407582936
8 0.795734597156398 0.4976303317535545 0.08530805687203792 0.0881516587677725
8 0.781042654028436 0.43601895734597157 0.0976303317535545 0.09004739336492891
9 0.7838862559241706 0.37156398104265403 0.07488151658767772 0.05971563981042654
9 0.7758293838862559 0.3232227488151659 0.07393364928909953 0.05971563981042654
6 0.38293838862559243 0.975829383886256 0.034123222748815164 0.04834123222748815
6 0.35924170616113743 0.9886255924170616 0.07203791469194312 0.022748815165876776
4 0.6909952606635071 0.7265402843601896 0.034123222748815164 0.03317535545023697
2 0.6540284360189573 0.7554502369668247 0.05308056872037915 0.061611374407582936
9 0.7293838862559242 0.7360189573459716 0.052132701421800945 0.052132701421800945
9 0.776303317535545 0.7341232227488151 0.058767772511848344 0.04834123222748815
1 0.8218009478672986 0.7298578199052133 0.058767772511848344 0.03981042654028436
6 0.8601895734597157 0.7364928909952607 0.05023696682464455 0.05308056872037915
6 0.8947867298578199 0.7554502369668247 0.06350710900473934 0.06729857819905213