8 0.3687203791469194 0.3464454976303318 0.08151658767772511 0.11090047393364928
9 0.3355450236966825 0.290521327014218 0.0947867298578199 0.07867298578199051
9 0.2990521327014218 0.24407582938388625 0.0909952606635071 0.08246445497630332
1 0.25402843601895736 0.2161137440758294 0.06919431279620854 0.07772511848341232
6 0.20616113744075829 0.1985781990521327 0.061611374407582936 0.07677725118483412
6 0.14644549763033177 0.21374407582938387 0.08436018957345971 0.07962085308056872
6 0.08341232227488152 0.23080568720379147 0.08341232227488152 0.08625592417061612
6 0.03886255924170616 0.262085308056872 0.06635071090047394 0.08151658767772511
1 0.02132701421800948 0.31990521327014215 0.04265402843601896 0.06919431279620854
9 0.02132701421800948 0.37819905213270144 0.04265402843601896 0.07393364928909953
8 0.79478672985782 0.01990521327014218 0.09004739336492891 0.03981042654028436
8 0.7985781990521327 0.08151658767772511 0.08625592417061612 0.09004739336492891
8 0.4663507109004739 0.09194312796208531 0.1052132701421801 0.10426540284360189
8 0.5137440758293839 0.16350710900473933 0.0995260663507109 0.09573459715639811
9 0.547867298578199 0.22180094786729856 0.07014218009478673 0.06540284360189573
9 0.7971563981042654 0.15402843601895735 0.06350710900473934 0.06635071090047394
1 0.7824644549763033 0.1990521327014218 0.05402843601895735 0.05687203791469194
1 0.5890995260663507 0.24928909952606634 0.052132701421800945 0.05781990521327014
6 0.752132701421801 0.22796208530805687 0.04834123222748815 0.05308056872037915
6 0.7184834123222749 0.25071090047393363 0.04549763033175355 0.05687203791469194
6 0.6800947867298578 0.26303317535545023 0.04739336492890995 0.055924170616113746
6 0.6355450236966824 0.2611374407582938 0.04454976303317536 0.05308056872037915
8 0.023222748815165877 0.4720379146919431 0.046445497630331754 0.07393364928909953
8 0.02843601895734597 0.533175355450237 0.05687203791469194 0.07488151658767772
9 0.02890995260663507 0.5848341232227489 0.05687203791469194 0.052132701421800945
1 0.06398104265402843 0.6592417061611374 0.054976303317535544 0.04928909952606635
6 0.08767772511848342 0.6791469194312796 0.04834123222748815 0.04928909952606635
6 0.11800947867298578 0.6862559241706161 0.04265402843601896 0.05023696682464455
6 0.14928909952606634 0.6895734597156398 0.04075829383886256 0.04834123222748815
6 0.18246445497630331 0.6834123222748815 0.04454976303317536 0.04739336492890995
1 0.2161137440758294 0.6701421800947868 0.04834123222748815 0.04834123222748815
9 0.24454976303317535 0.6454976303317536 0.05402843601895735 0.05308056872037915
9 0.26492890995260665 0.6099526066350711 0.05781990521327014 0.05402843601895735
8 0.28151658767772514 0.5587677725118484 0.07867298578199051 0.08056872037914692
3 0.2985781990521327 0.5033175355450237 0.037914691943127965 0.03886255924170616
9 0.04265402843601896 0.6270142180094787 0.05687203791469194 0.052132701421800945
9 0.42417061611374407 0.6431279620853081 0.029383886255924172 0.05971563981042654
9 0.45071090047393364 0.6222748815165877 0.055924170616113746 0.055924170616113746
1 0.4957345971563981 0.5995260663507109 0.06445497630331753 0.06540284360189573
6 0.543127962085308 0.5876777251184834 0.05402843601895735 0.05402843601895735
6 0.5834123222748815 0.5976303317535545 0.07203791469194312 0.06635071090047394
6 0.6175355450236967 0.6251184834123222 0.06635071090047394 0.06066350710900474
6 0.6369668246445498 0.6687203791469194 0.054976303317535544 0.05402843601895735
1 0.6459715639810426 0.7156398104265402 0.06824644549763033 0.06066350710900474
9 0.6431279620853081 0.7625592417061612 0.06729857819905213 0.05402843601895735
9 0.6312796208530805 0.8028436018957346 0.06729857819905213 0.05781990521327014
8 0.6165876777251185 0.8507109004739336 0.08530805687203792 0.08056872037914692
8 0.5933649289099526 0.8990521327014218 0.07393364928909953 0.07393364928909953