0 0.2791469194312796 0.024170616113744076 0.061611374407582936 0.04834123222748815
0 0.2677725118483412 0.07014218009478673 0.04928909952606635 0.05023696682464455
1 0.015165876777251185 0.19478672985781992 0.03033175355450237 0.07109004739336493
1 0.2611374407582938 0.13222748815165877 0.06824644549763033 0.06919431279620854
6 0.22511848341232227 0.18341232227488152 0.061611374407582936 0.07014218009478673
6 0.17582938388625594 0.21137440758293838 0.07393364928909953 0.08436018957345971
6 0.11137440758293839 0.22369668246445498 0.07772511848341232 0.07772511848341232
6 0.04597156398104266 0.21658767772511847 0.05971563981042654 0.06919431279620854
9 0.6085308056872037 0.42796208530805685 0.054976303317535544 0.04265402843601896
9 0.5601895734597157 0.42417061611374407 0.05687203791469194 0.05023696682464455
1 0.5293838862559241 0.4265402843601896 0.01990521327014218 0.04549763033175355
9 0.4066350710900474 0.7786729857819905 0.04928909952606635 0.055924170616113746
9 0.4492890995260663 0.7777251184834123 0.046445497630331754 0.052132701421800945
1 0.4881516587677725 0.7886255924170616 0.05308056872037915 0.04928909952606635
6 0.5056872037914691 0.8061611374407583 0.027488151658767772 0.04265402843601896
7 0.34834123222748814 0.7890995260663507 0.06919431279620854 0.05971563981042654
4 0.6990521327014217 0.6682464454976303 0.03317535545023697 0.03317535545023697
2 0.6663507109004739 0.7023696682464455 0.05118483412322275 0.05971563981042654
9 0.7364928909952607 0.6644549763033175 0.05023696682464455 0.06729857819905213
9 0.7824644549763033 0.6549763033175355 0.05687203791469194 0.06540284360189573
1 0.8270142180094787 0.6412322274881517 0.05687203791469194 0.06445497630331753
6 0.8672985781990521 0.6545023696682465 0.04834123222748815 0.05402843601895735
6 0.9042654028436019 0.6687203791469194 0.061611374407582936 0.06540284360189573