8 0.3360189573459716 0.4995260663507109 0.08625592417061612 0.06066350710900474
8 0.012796208530805687 0.4933649289099526 0.025592417061611375 0.07298578199052133
9 0.01990521327014218 0.4549763033175355 0.03981042654028436 0.06824644549763033
9 0.03459715639810427 0.4104265402843602 0.06919431279620854 0.07393364928909953
9 0.3165876777251185 0.4549763033175355 0.07677725118483412 0.06066350710900474
9 0.2966824644549763 0.414218009478673 0.07488151658767772 0.06540284360189573
1 0.2677725118483412 0.3767772511848341 0.06350710900473934 0.07488151658767772
6 0.22843601895734597 0.35260663507109 0.07298578199052133 0.08720379146919431
1 0.04881516587677725 0.37109004739336493 0.06350710900473934 0.07109004739336493
6 0.08246445497630332 0.34360189573459715 0.05687203791469194 0.07962085308056872
6 0.12701421800947868 0.32559241706161135 0.06350710900473934 0.08436018957345971
6 0.18341232227488152 0.32037914691943126 0.06729857819905213 0.08530805687203792
6 0.9924170616113744 0.23554502369668245 0.015165876777251185 0.04454976303317536
6 0.9706161137440759 0.23886255924170616 0.034123222748815164 0.037914691943127965
6 0.9364928909952607 0.24075829383886255 0.04265402843601896 0.03981042654028436
1 0.9071090047393365 0.22890995260663508 0.04549763033175355 0.052132701421800945
9 0.8819905213270142 0.2018957345971564 0.04834123222748815 0.04834123222748815
9 0.8696682464454977 0.17109004739336492 0.05118483412322275 0.046445497630331754
8 0.36682464454976305 0.6085308056872037 0.0976303317535545 0.08436018957345971
9 0.33080568720379144 0.7023696682464455 0.07203791469194312 0.058767772511848344
9 0.48625592417061614 0.8772511848341232 0.026540284360189573 0.07109004739336493
1 0.3090047393364929 0.7535545023696683 0.06824644549763033 0.05971563981042654
6 0.3127962085308057 0.8004739336492891 0.061611374407582936 0.04928909952606635
6 0.3298578199052133 0.8454976303317535 0.06635071090047394 0.06919431279620854
6 0.36113744075829385 0.8748815165876778 0.06919431279620854 0.06824644549763033
6 0.4085308056872038 0.890521327014218 0.04265402843601896 0.04170616113744076
9 0.7279620853080568 0.5611374407582939 0.06635071090047394 0.06255924170616113
9 0.7161137440758294 0.6071090047393365 0.055924170616113746 0.058767772511848344
1 0.5109004739336492 0.6407582938388625 0.022748815165876776 0.05308056872037915
1 0.6796208530805687 0.6360189573459716 0.04834123222748815 0.055924170616113746
6 0.6417061611374407 0.6559241706161137 0.04265402843601896 0.052132701421800945
6 0.6018957345971564 0.6639810426540285 0.043601895734597156 0.058767772511848344
6 0.5687203791469194 0.6616113744075829 0.04170616113744076 0.05308056872037915
6 0.5327014218009478 0.657345971563981 0.04549763033175355 0.05118483412322275