8 0.36208530805687206 0.04549763033175355 0.1004739336492891 0.0909952606635071
8 0.04834123222748815 0.5597156398104265 0.0909952606635071 0.1080568720379147
9 0.11374407582938388 0.5450236966824644 0.061611374407582936 0.08909952606635071
9 0.17298578199052134 0.5417061611374407 0.06824644549763033 0.0966824644549763
4 0.23744075829383887 0.5436018957345972 0.05023696682464455 0.05308056872037915
1 0.3033175355450237 0.5303317535545023 0.08436018957345971 0.08625592417061612
6 0.3748815165876777 0.5407582938388625 0.07867298578199051 0.06919431279620854
6 0.42748815165876775 0.5829383886255924 0.0976303317535545 0.0976303317535545
8 0.933175355450237 0.404739336492891 0.07014218009478673 0.07962085308056872
8 0.9483412322274881 0.4834123222748815 0.07298578199052133 0.07298578199052133
9 0.9454976303317536 0.5838862559241706 0.055924170616113746 0.04928909952606635
1 0.9369668246445497 0.6341232227488152 0.06635071090047394 0.04834123222748815
4 0.8701421800947867 0.6753554502369669 0.03033175355450237 0.031279620853080566
4 0.8265402843601896 0.6962085308056872 0.029383886255924172 0.03222748815165877
1 0.7658767772511849 0.7118483412322275 0.05402843601895735 0.06350710900473934
9 0.7151658767772512 0.6853080568720379 0.052132701421800945 0.05308056872037915