3 0.2829383886255924 0.20568720379146918 0.052132701421800945 0.05781990521327014
3 0.2184834123222749 0.2037914691943128 0.052132701421800945 0.05687203791469194
9 0.14360189573459717 0.22843601895734597 0.06919431279620854 0.06729857819905213
9 0.08293838862559241 0.23507109004739338 0.058767772511848344 0.06540284360189573
1 0.03175355450236967 0.22274881516587677 0.06350710900473934 0.08341232227488152
6 0.008530805687203791 0.209478672985782 0.017061611374407582 0.07962085308056872
8 0.5706161137440758 0.42890995260663506 0.07867298578199051 0.08530805687203792
8 0.6151658767772512 0.3824644549763033 0.08720379146919431 0.09573459715639811
8 0.918957345971564 0.5033175355450237 0.08436018957345971 0.03222748815165877
8 0.8995260663507109 0.4658767772511848 0.09004739336492891 0.0938388625592417
9 0.6559241706161137 0.33744075829383885 0.06824644549763033 0.07203791469194312
1 0.690521327014218 0.30379146919431277 0.06255924170616113 0.07772511848341232
6 0.7303317535545024 0.285781990521327 0.05023696682464455 0.07109004739336493
6 0.7753554502369668 0.2838862559241706 0.054976303317535544 0.07393364928909953
6 0.8260663507109005 0.2914691943127962 0.05781990521327014 0.07014218009478673
6 0.8573459715639811 0.318957345971564 0.05118483412322275 0.061611374407582936
1 0.876303317535545 0.352132701421801 0.06350710900473934 0.06350710900473934
9 0.8886255924170616 0.4033175355450237 0.07867298578199051 0.06824644549763033
8 0.018957345971563982 0.6071090047393365 0.037914691943127965 0.13175355450236967
9 0.07677725118483412 0.6033175355450237 0.1023696682464455 0.1080568720379147
9 0.16161137440758294 0.604739336492891 0.0909952606635071 0.1033175355450237
1 0.23744075829383887 0.6312796208530805 0.0995260663507109 0.09289099526066351
6 0.2734597156398104 0.6616113744075829 0.10710900473933649 0.0881516587677725
6 0.2947867298578199 0.7251184834123223 0.1033175355450237 0.07014218009478673
8 0.9161137440758294 0.8639810426540284 0.16777251184834124 0.1924170616113744
9 0.7909952606635071 0.8876777251184834 0.12511848341232226 0.14881516587677726
9 0.6909952606635071 0.8886255924170616 0.12417061611374408 0.15071090047393365
1 0.5853080568720379 0.8772511848341232 0.11090047393364928 0.13744075829383887
6 0.5530805687203791 0.8464454976303317 0.046445497630331754 0.10995260663507109