8 0.2663507109004739 0.3227488151658768 0.1052132701421801 0.1080568720379147
8 0.17962085308056872 0.32085308056872036 0.1061611374407583 0.10995260663507109
9 0.104739336492891 0.33981042654028437 0.07582938388625593 0.08436018957345971
1 0.04691943127962085 0.35497630331753555 0.06635071090047394 0.07488151658767772
6 0.023222748815165877 0.3881516587677725 0.046445497630331754 0.06350710900473934
6 0.02085308056872038 0.4270142180094787 0.04170616113744076 0.05023696682464455
8 0.4909952606635071 0.1966824644549763 0.06255924170616113 0.0938388625592417
9 0.4985781990521327 0.13601895734597155 0.07772511848341232 0.07488151658767772
9 0.5165876777251185 0.08720379146919431 0.07962085308056872 0.07014218009478673
1 0.5327014218009478 0.037914691943127965 0.06635071090047394 0.06729857819905213
6 0.5767772511848341 0.022748815165876776 0.06350710900473934 0.04549763033175355
6 0.6303317535545023 0.011374407582938388 0.07393364928909953 0.022748815165876776
6 0.6853080568720379 0.014218009478672985 0.06635071090047394 0.02843601895734597
8 0.4881516587677725 0.26303317535545023 0.05687203791469194 0.07677725118483412
8 0.3085308056872038 0.7706161137440758 0.08625592417061612 0.09004739336492891
8 0.3350710900473934 0.7175355450236967 0.08530805687203792 0.09004739336492891
9 0.36066350710900474 0.6625592417061611 0.06729857819905213 0.06445497630331753
1 0.3872037914691943 0.6246445497630332 0.06350710900473934 0.06635071090047394
6 0.45165876777251185 0.5796208530805688 0.016113744075829384 0.06540284360189573
6 0.4251184834123223 0.5943127962085308 0.06066350710900474 0.06350710900473934
8 0.471563981042654 0.8265402843601896 0.023696682464454975 0.09289099526066351
8 0.7132701421800948 0.8066350710900474 0.0881516587677725 0.08720379146919431
8 0.6753554502369669 0.7601895734597156 0.09004739336492891 0.0909952606635071
9 0.46777251184834123 0.7625592417061612 0.016113744075829384 0.061611374407582936
9 0.47345971563981043 0.7146919431279621 0.027488151658767772 0.06635071090047394
9 0.6554502369668247 0.7037914691943128 0.07014218009478673 0.06445497630331753
9 0.6203791469194313 0.6701421800947868 0.07488151658767772 0.06824644549763033
2 0.47393364928909953 0.6767772511848341 0.02843601895734597 0.043601895734597156
2 0.4966824644549763 0.6398104265402843 0.05402843601895735 0.052132701421800945
2 0.5445497630331754 0.6255924170616114 0.046445497630331754 0.046445497630331754
2 0.5872037914691943 0.6445497630331753 0.04454976303317536 0.04549763033175355