8 0.17725118483412322 0.4199052132701422 0.10995260663507109 0.11279620853080569
8 0.0909952606635071 0.42417061611374407 0.11184834123222749 0.11469194312796209
9 0.02843601895734597 0.44786729857819907 0.05687203791469194 0.0881516587677725
9 0.6947867298578199 0.16729857819905214 0.08341232227488152 0.08341232227488152
9 0.6843601895734597 0.22511848341232227 0.08056872037914692 0.07962085308056872
1 0.6672985781990521 0.271563981042654 0.07867298578199051 0.08720379146919431
6 0.6374407582938388 0.3 0.07203791469194312 0.0881516587677725
6 0.6042654028436019 0.32654028436018956 0.06445497630331753 0.0881516587677725
6 0.5639810426540285 0.3402843601895735 0.07298578199052133 0.09573459715639811
6 0.5255924170616114 0.3345971563981043 0.06824644549763033 0.08436018957345971
1 0.4838862559241706 0.3184834123222749 0.07203791469194312 0.08909952606635071
9 0.442654028436019 0.2824644549763033 0.08341232227488152 0.08530805687203792
9 0.42417061611374407 0.24028436018957347 0.06919431279620854 0.08436018957345971
4 0.25402843601895736 0.614218009478673 0.04454976303317536 0.04739336492890995
8 0.19478672985781992 0.6526066350710901 0.09004739336492891 0.0909952606635071
9 0.14976303317535544 0.6862559241706161 0.058767772511848344 0.06729857819905213
9 0.10853080568720379 0.704739336492891 0.05971563981042654 0.06635071090047394
1 0.06492890995260664 0.7184834123222749 0.06540284360189573 0.07488151658767772
6 0.027488151658767772 0.7109004739336493 0.04075829383886256 0.04834123222748815
6 0.01042654028436019 0.7090047393364929 0.02085308056872038 0.043601895734597156
6 0.008056872037914692 0.6900473933649289 0.016113744075829384 0.037914691943127965
8 0.8170616113744076 0.7578199052132701 0.08056872037914692 0.08720379146919431
8 0.7644549763033175 0.795734597156398 0.0881516587677725 0.0938388625592417
9 0.709478672985782 0.8232227488151659 0.06824644549763033 0.07109004739336493
1 0.6061611374407583 0.8606635071090047 0.07867298578199051 0.07393364928909953
6 0.5540284360189573 0.8635071090047394 0.06255924170616113 0.05687203791469194
6 0.5014218009478673 0.8459715639810427 0.08720379146919431 0.08341232227488152
3 0.6606635071090048 0.8398104265402844 0.04170616113744076 0.052132701421800945