8 0.12227488151658768 0.43981042654028435 0.1023696682464455 0.11279620853080569
8 0.04739336492890995 0.4654028436018957 0.0947867298578199 0.11374407582938388
8 0.9123222748815166 0.3071090047393365 0.07677725118483412 0.07867298578199051
9 0.7061611374407583 0.44454976303317534 0.055924170616113746 0.061611374407582936
9 0.738388625592417 0.4720379146919431 0.05402843601895735 0.05687203791469194
9 0.9165876777251185 0.36161137440758295 0.05971563981042654 0.05308056872037915
9 0.9180094786729858 0.40616113744075827 0.05781990521327014 0.052132701421800945
1 0.9075829383886256 0.44597156398104265 0.05118483412322275 0.04834123222748815
1 0.7696682464454976 0.495260663507109 0.04739336492890995 0.05118483412322275
6 0.8071090047393364 0.5009478672985782 0.04454976303317536 0.055924170616113746
6 0.837914691943128 0.5009478672985782 0.04739336492890995 0.05781990521327014
6 0.8677725118483413 0.4938388625592417 0.04739336492890995 0.05023696682464455
6 0.8909952606635071 0.47535545023696685 0.05023696682464455 0.05308056872037915
7 0.8990521327014218 0.24597156398104264 0.05687203791469194 0.05308056872037915
7 0.6407582938388625 0.34976303317535545 0.05687203791469194 0.054976303317535544
7 0.6767772511848341 0.4018957345971564 0.05023696682464455 0.04928909952606635
8 0.2786729857819905 0.8848341232227488 0.09004739336492891 0.0909952606635071
8 0.35545023696682465 0.9251184834123223 0.1014218009478673 0.11279620853080569
9 0.4085308056872038 0.9582938388625593 0.04170616113744076 0.08341232227488152
8 0.8014218009478673 0.8137440758293839 0.0909952606635071 0.0909952606635071
8 0.8682464454976303 0.8554502369668247 0.08341232227488152 0.0881516587677725
9 0.9241706161137441 0.8706161137440759 0.06824644549763033 0.07014218009478673
9 0.9706161137440759 0.8900473933649289 0.058767772511848344 0.06635071090047394