8 0.42796208530805685 0.3924170616113744 0.023696682464454975 0.08341232227488152
9 0.4165876777251185 0.34218009478672984 0.046445497630331754 0.07203791469194312
9 0.3933649289099526 0.3018957345971564 0.07677725118483412 0.08436018957345971
1 0.36161137440758295 0.25687203791469193 0.06540284360189573 0.07014218009478673
6 0.3071090047393365 0.23412322274881517 0.054976303317535544 0.06255924170616113
6 0.24597156398104264 0.22701421800947869 0.07203791469194312 0.054976303317535544
2 0.18862559241706162 0.24407582938388625 0.054976303317535544 0.05971563981042654
6 0.14265402843601896 0.26540284360189575 0.055924170616113746 0.05023696682464455
1 0.11563981042654028 0.3004739336492891 0.06350710900473934 0.06255924170616113
9 0.10758293838862559 0.35165876777251187 0.07488151658767772 0.06824644549763033
9 0.1009478672985782 0.3933649289099526 0.07867298578199051 0.05781990521327014
0 0.6364928909952606 0.13601895734597155 0.04265402843601896 0.06635071090047394
0 0.7535545023696683 0.11279620853080569 0.03886255924170616 0.05402843601895735
0 0.818957345971564 0.14644549763033177 0.03886255924170616 0.07203791469194312
8 0.5393364928909953 0.3104265402843602 0.07867298578199051 0.08720379146919431
8 0.5549763033175356 0.23933649289099526 0.08720379146919431 0.08625592417061612
9 0.571563981042654 0.1853080568720379 0.07488151658767772 0.06350710900473934
9 0.5933649289099526 0.14644549763033177 0.06824644549763033 0.07014218009478673
8 0.9009478672985782 0.3170616113744076 0.07393364928909953 0.07772511848341232
8 0.8938388625592417 0.25260663507109005 0.08246445497630332 0.08530805687203792
9 0.8682464454976303 0.15355450236966825 0.06635071090047394 0.06066350710900474
9 0.885781990521327 0.19478672985781992 0.07488151658767772 0.06350710900473934
8 0.23886255924170616 0.7246445497630332 0.058767772511848344 0.06066350710900474
8 0.1985781990521327 0.6966824644549763 0.061611374407582936 0.054976303317535544
9 0.16113744075829384 0.6796208530805687 0.04928909952606635 0.02085308056872038
8 0.5497630331753555 0.8421800947867298 0.08625592417061612 0.0938388625592417
8 0.8317535545023697 0.9819905213270143 0.08625592417061612 0.03601895734597156
8 0.6004739336492891 0.7881516587677725 0.07109004739336493 0.07582938388625593
8 0.8530805687203792 0.9298578199052133 0.08341232227488152 0.0881516587677725
9 0.6355450236966824 0.7364928909952607 0.05308056872037915 0.05402843601895735
9 0.8734597156398104 0.8582938388625593 0.06350710900473934 0.06350710900473934
9 0.8895734597156398 0.8033175355450237 0.06635071090047394 0.06350710900473934
9 0.6720379146919432 0.7004739336492891 0.05023696682464455 0.061611374407582936
1 0.8872037914691943 0.7336492890995261 0.06540284360189573 0.06350710900473934
1 0.7109004739336493 0.6796208530805687 0.05308056872037915 0.02085308056872038
6 0.862085308056872 0.6928909952606636 0.05023696682464455 0.04739336492890995
6 0.8303317535545024 0.6796208530805687 0.05308056872037915 0.02085308056872038
6 0.795734597156398 0.6748815165876777 0.046445497630331754 0.011374407582938388