9 0.44123222748815166 0.014218009478672985 0.07109004739336493 0.02843601895734597
1 0.4886255924170616 0.03175355450236967 0.06729857819905213 0.06350710900473934
6 0.5355450236966824 0.03175355450236967 0.05687203791469194 0.06350710900473934
6 0.5734597156398105 0.025592417061611375 0.054976303317535544 0.05118483412322275
6 0.6052132701421801 0.01848341232227488 0.055924170616113746 0.03696682464454976
6 0.6322274881516587 0.00900473933649289 0.06635071090047394 0.01800947867298578
8 0.9886255924170616 0.12085308056872038 0.022748815165876776 0.1033175355450237
8 0.9469194312796209 0.14360189573459717 0.08625592417061612 0.0909952606635071
2 0.8933649289099526 0.16018957345971563 0.04739336492890995 0.06919431279620854
9 0.8412322274881516 0.18056872037914692 0.06540284360189573 0.07677725118483412
1 0.804739336492891 0.1971563981042654 0.03033175355450237 0.06824644549763033
8 0.5933649289099526 0.7483412322274882 0.0909952606635071 0.0976303317535545
8 0.5289099526066351 0.7838862559241706 0.0881516587677725 0.08909952606635071
9 0.47345971563981043 0.8090047393364929 0.054976303317535544 0.06540284360189573
9 0.4312796208530806 0.8236966824644549 0.055924170616113746 0.06255924170616113
1 0.3848341232227488 0.8260663507109005 0.05402843601895735 0.055924170616113746
6 0.35308056872037913 0.814218009478673 0.04739336492890995 0.052132701421800945
6 0.3345971563981043 0.7938388625592417 0.05402843601895735 0.046445497630331754
6 0.3113744075829384 0.7658767772511849 0.05971563981042654 0.043601895734597156