8 0.7222748815165877 0.010900473933649289 0.08530805687203792 0.021800947867298578
9 0.79478672985782 0.04928909952606635 0.061611374407582936 0.058767772511848344
9 0.8227488151658767 0.07962085308056872 0.058767772511848344 0.054976303317535544
8 0.6431279620853081 0.24454976303317535 0.0976303317535545 0.0947867298578199
9 0.7090047393364929 0.25071090047393363 0.061611374407582936 0.06445497630331753
9 0.7545023696682465 0.2502369668246445 0.05687203791469194 0.06066350710900474
3 0.809478672985782 0.17251184834123223 0.037914691943127965 0.035071090047393366
3 0.8213270142180095 0.12701421800947868 0.029383886255924172 0.029383886255924172
3 0.7758293838862559 0.23317535545023696 0.024644549763033177 0.029383886255924172
8 0.08767772511848342 0.7625592417061612 0.09194312796208531 0.0909952606635071
8 0.04834123222748815 0.7184834123222749 0.0909952606635071 0.09573459715639811
9 0.011374407582938388 0.656872037914692 0.022748815165876776 0.07393364928909953
4 0.015639810426540283 0.6862559241706161 0.031279620853080566 0.04170616113744076
8 0.6412322274881517 0.7573459715639811 0.0909952606635071 0.0966824644549763
3 0.5824644549763033 0.7559241706161137 0.04928909952606635 0.04834123222748815
9 0.5165876777251185 0.7426540284360189 0.06540284360189573 0.07488151658767772
9 0.46824644549763034 0.7426540284360189 0.06729857819905213 0.07393364928909953
1 0.4213270142180095 0.7483412322274882 0.058767772511848344 0.058767772511848344
6 0.395260663507109 0.7744075829383886 0.03222748815165877 0.07203791469194312