9 0.37298578199052135 0.026540284360189573 0.07298578199052133 0.05308056872037915
9 0.4492890995260663 0.26303317535545023 0.02085308056872038 0.07677725118483412
9 0.34786729857819904 0.06350710900473934 0.07298578199052133 0.07393364928909953
1 0.4127962085308057 0.2611374407582938 0.07677725118483412 0.08341232227488152
1 0.32132701421800947 0.11184834123222749 0.06919431279620854 0.07014218009478673
6 0.36729857819905215 0.23317535545023696 0.06350710900473934 0.06729857819905213
6 0.3355450236966825 0.1971563981042654 0.05781990521327014 0.058767772511848344
6 0.3246445497630332 0.16018957345971563 0.05781990521327014 0.06255924170616113
3 0.5616113744075829 0.40616113744075827 0.05308056872037915 0.052132701421800945
3 0.8161137440758294 0.5161137440758294 0.04454976303317536 0.05118483412322275
3 0.8 0.45781990521327015 0.043601895734597156 0.04454976303317536
1 0.5772511848341232 0.352132701421801 0.07109004739336493 0.07014218009478673
9 0.8 0.4004739336492891 0.07393364928909953 0.07203791469194312
1 0.7805687203791469 0.35734597156398107 0.06445497630331753 0.06824644549763033
6 0.7488151658767772 0.3251184834123223 0.04739336492890995 0.05118483412322275
6 0.7104265402843601 0.3104265402843602 0.07298578199052133 0.07772511848341232
6 0.6526066350710901 0.3028436018957346 0.07772511848341232 0.08720379146919431
6 0.609478672985782 0.3175355450236967 0.06445497630331753 0.07014218009478673
6 0.032701421800947865 0.5691943127962086 0.06540284360189573 0.03886255924170616
6 0.08199052132701422 0.5777251184834123 0.06350710900473934 0.055924170616113746
6 0.11895734597156397 0.590047393364929 0.06066350710900474 0.06350710900473934
1 0.14218009478672985 0.6265402843601896 0.06540284360189573 0.06919431279620854
9 0.14976303317535544 0.6725118483412322 0.07203791469194312 0.06255924170616113
9 0.15497630331753554 0.7156398104265402 0.06824644549763033 0.05781990521327014
8 0.15071090047393365 0.7649289099526067 0.08625592417061612 0.08341232227488152
8 0.14265402843601896 0.8184834123222748 0.09004739336492891 0.07962085308056872
8 0.5454976303317536 0.5630331753554503 0.07867298578199051 0.026540284360189573
8 0.885308056872038 0.5895734597156398 0.0909952606635071 0.07962085308056872
8 0.8369668246445497 0.6393364928909953 0.0938388625592417 0.0938388625592417
9 0.79478672985782 0.6815165876777252 0.06635071090047394 0.06350710900473934
9 0.7625592417061612 0.7123222748815166 0.05971563981042654 0.06445497630331753
9 0.5511848341232227 0.5886255924170616 0.06729857819905213 0.06540284360189573
9 0.5559241706161138 0.6355450236966824 0.06729857819905213 0.07109004739336493
1 0.7246445497630332 0.7341232227488151 0.05971563981042654 0.07109004739336493
6 0.6890995260663507 0.7431279620853081 0.04928909952606635 0.05402843601895735
6 0.6549763033175355 0.7421800947867299 0.054976303317535544 0.055924170616113746
6 0.6199052132701421 0.7322274881516587 0.05308056872037915 0.05023696682464455
6 0.590521327014218 0.7113744075829384 0.05687203791469194 0.05687203791469194
1 0.5710900473933649 0.6786729857819905 0.06824644549763033 0.07393364928909953