2 0.36255924170616116 0.32037914691943126 0.07488151658767772 0.08909952606635071
8 0.3052132701421801 0.27535545023696684 0.0985781990521327 0.1033175355450237
9 0.24454976303317535 0.25213270142180094 0.07298578199052133 0.08246445497630332
9 0.1957345971563981 0.23364928909952606 0.07298578199052133 0.08056872037914692
1 0.14549763033175356 0.21943127962085307 0.06729857819905213 0.06729857819905213
6 0.09194312796208531 0.21753554502369668 0.07488151658767772 0.07109004739336493
6 0.04454976303317536 0.22037914691943128 0.08909952606635071 0.08625592417061612
5 0.8488151658767773 0.35734597156398107 0.03981042654028436 0.03601895734597156
8 0.8829383886255924 0.33127962085308055 0.09573459715639811 0.08909952606635071
9 0.7753554502369668 0.41753554502369666 0.07203791469194312 0.06350710900473934
1 0.7454976303317535 0.43364928909952605 0.06919431279620854 0.031279620853080566
0 0.8161137440758294 0.3886255924170616 0.043601895734597156 0.04170616113744076
3 0.22796208530805687 0.6777251184834123 0.04454976303317536 0.046445497630331754
4 0.21137440758293838 0.6246445497630332 0.04170616113744076 0.04170616113744076
9 0.1943127962085308 0.5739336492890995 0.06445497630331753 0.06445497630331753
1 0.013744075829383886 0.5611374407582939 0.027488151658767772 0.06255924170616113
1 0.16066350710900473 0.5436018957345972 0.06255924170616113 0.07109004739336493
6 0.12180094786729857 0.5218009478672986 0.05781990521327014 0.06066350710900474
6 0.08293838862559241 0.5156398104265403 0.04928909952606635 0.05971563981042654
6 0.05165876777251185 0.5184834123222749 0.05781990521327014 0.061611374407582936
6 0.027014218009478674 0.5322274881516588 0.05402843601895735 0.06350710900473934
8 0.6909952606635071 0.9753554502369668 0.1004739336492891 0.04928909952606635
8 0.6360189573459716 0.9549763033175356 0.09194312796208531 0.08909952606635071
8 0.5777251184834123 0.9289099526066351 0.07203791469194312 0.07393364928909953
9 0.523696682464455 0.9056872037914692 0.06824644549763033 0.07298578199052133
2 0.4895734597156398 0.8819905213270142 0.03981042654028436 0.04928909952606635
1 0.442654028436019 0.8748815165876778 0.07014218009478673 0.07488151658767772
6 0.4132701421800948 0.8829383886255924 0.026540284360189573 0.046445497630331754