8 0.43886255924170614 0.2933649289099526 0.0966824644549763 0.07298578199052133
8 0.3644549763033175 0.2786729857819905 0.0938388625592417 0.1023696682464455
9 0.2981042654028436 0.2554502369668246 0.06635071090047394 0.08151658767772511
9 0.24360189573459715 0.23127962085308057 0.07393364928909953 0.08625592417061612
6 0.04075829383886256 0.31990521327014215 0.08151658767772511 0.01990521327014218
1 0.18672985781990523 0.2099526066350711 0.07014218009478673 0.07962085308056872
6 0.12938388625592417 0.20900473933649288 0.07203791469194312 0.06445497630331753
6 0.08293838862559241 0.23317535545023696 0.09004739336492891 0.07962085308056872
6 0.05260663507109005 0.2853080568720379 0.09004739336492891 0.07488151658767772
9 0.6796208530805687 0.07203791469194312 0.07677725118483412 0.058767772511848344
1 0.6872037914691943 0.026540284360189573 0.07014218009478673 0.05308056872037915
3 0.6398104265402843 0.11184834123222749 0.031279620853080566 0.03033175355450237
8 0.328436018957346 0.7582938388625592 0.09004739336492891 0.0966824644549763
8 0.2563981042654028 0.7739336492890996 0.08720379146919431 0.08720379146919431
9 0.1957345971563981 0.7815165876777251 0.05402843601895735 0.06445497630331753
9 0.15118483412322276 0.7834123222748816 0.054976303317535544 0.061611374407582936
1 0.1061611374407583 0.771563981042654 0.05308056872037915 0.054976303317535544
6 0.07962085308056872 0.7511848341232228 0.046445497630331754 0.052132701421800945
6 0.06777251184834124 0.7260663507109004 0.05308056872037915 0.046445497630331754
6 0.053554502369668244 0.6928909952606636 0.05971563981042654 0.04265402843601896
8 0.7180094786729858 0.8734597156398104 0.07203791469194312 0.07014218009478673
8 0.7014218009478673 0.814218009478673 0.07677725118483412 0.07867298578199051
9 0.6862559241706161 0.7672985781990521 0.055924170616113746 0.054976303317535544
9 0.6725118483412322 0.7303317535545024 0.05118483412322275 0.052132701421800945
1 0.6483412322274882 0.6924170616113744 0.04739336492890995 0.052132701421800945
6 0.5767772511848341 0.6526066350710901 0.014218009478672985 0.04075829383886256
6 0.5962085308056873 0.6578199052132702 0.037914691943127965 0.04265402843601896
6 0.624170616113744 0.671090047393365 0.03981042654028436 0.04549763033175355