8 0.4545023696682464 0.32606635071090045 0.05023696682464455 0.0909952606635071
9 0.409478672985782 0.34928909952606635 0.06635071090047394 0.06540284360189573
9 0.35734597156398107 0.34881516587677724 0.05971563981042654 0.06729857819905213
1 0.3080568720379147 0.35023696682464456 0.06066350710900474 0.054976303317535544
6 0.27488151658767773 0.33933649289099527 0.06635071090047394 0.06066350710900474
6 0.24597156398104264 0.3113744075829384 0.06255924170616113 0.04834123222748815
2 0.6492890995260664 0.47962085308056873 0.07772511848341232 0.06635071090047394
3 0.6398104265402843 0.4213270142180095 0.05402843601895735 0.05118483412322275
9 0.6488151658767772 0.36255924170616116 0.07772511848341232 0.061611374407582936
9 0.656872037914692 0.31516587677725116 0.07298578199052133 0.061611374407582936
1 0.6677725118483412 0.26445497630331755 0.07393364928909953 0.07393364928909953
6 0.6947867298578199 0.22274881516587677 0.06255924170616113 0.06540284360189573
6 0.7360189573459716 0.2014218009478673 0.06824644549763033 0.06635071090047394
6 0.790521327014218 0.1895734597156398 0.07014218009478673 0.07014218009478673
6 0.8417061611374408 0.19146919431279621 0.054976303317535544 0.06255924170616113
3 0.4374407582938389 0.637914691943128 0.08151658767772511 0.08341232227488152
9 0.3687203791469194 0.6943127962085308 0.07962085308056872 0.08625592417061612
9 0.3066350710900474 0.704265402843602 0.06824644549763033 0.07203791469194312
1 0.24407582938388625 0.7014218009478673 0.07014218009478673 0.08909952606635071
6 0.1938388625592417 0.6919431279620853 0.07203791469194312 0.08625592417061612
6 0.15165876777251186 0.6791469194312796 0.05971563981042654 0.07488151658767772
6 0.12417061611374408 0.6483412322274882 0.07772511848341232 0.08436018957345971
8 0.737914691943128 0.5862559241706161 0.06729857819905213 0.03317535545023697
9 0.7203791469194313 0.614691943127962 0.06445497630331753 0.07109004739336493
9 0.4938388625592417 0.6350710900473934 0.02843601895734597 0.06066350710900474
1 0.5308056872037915 0.7056872037914692 0.052132701421800945 0.06350710900473934
9 0.709478672985782 0.657345971563981 0.054976303317535544 0.05971563981042654
1 0.6777251184834123 0.685781990521327 0.05023696682464455 0.061611374407582936
6 0.6516587677725119 0.7056872037914692 0.04549763033175355 0.06635071090047394
6 0.6218009478672986 0.7085308056872038 0.04549763033175355 0.08341232227488152
6 0.590047393364929 0.718957345971564 0.04265402843601896 0.07393364928909953
6 0.5625592417061611 0.7161137440758294 0.04454976303317536 0.07393364928909953