8 0.43364928909952605 0.027488151658767772 0.08436018957345971 0.054976303317535544
8 0.034123222748815164 0.011848341232227487 0.06824644549763033 0.023696682464454975
8 0.04075829383886256 0.05071090047393365 0.08151658767772511 0.08246445497630332
8 0.4218009478672986 0.08056872037914692 0.09004739336492891 0.09573459715639811
8 0.05781990521327014 0.11327014218009479 0.0938388625592417 0.0966824644549763
9 0.4085308056872038 0.14170616113744075 0.07582938388625593 0.06255924170616113
9 0.3914691943127962 0.1900473933649289 0.07677725118483412 0.06729857819905213
1 0.37156398104265403 0.23080568720379147 0.054976303317535544 0.06445497630331753
9 0.08151658767772511 0.17203791469194313 0.07298578199052133 0.05971563981042654
9 0.1066350710900474 0.2123222748815166 0.07393364928909953 0.06255924170616113
1 0.12938388625592417 0.25118483412322273 0.05971563981042654 0.06729857819905213
6 0.34170616113744073 0.2611374407582938 0.06255924170616113 0.06540284360189573
6 0.17014218009478674 0.2824644549763033 0.07014218009478673 0.07772511848341232
6 0.22843601895734597 0.2881516587677725 0.08056872037914692 0.0947867298578199
6 0.28672985781990523 0.28151658767772514 0.07488151658767772 0.0938388625592417
8 0.8554502369668247 0.03886255924170616 0.0976303317535545 0.07772511848341232
9 0.7199052132701422 0.08436018957345971 0.06255924170616113 0.06350710900473934
9 0.6744075829383887 0.0976303317535545 0.05023696682464455 0.06066350710900474
7 0.7805687203791469 0.06682464454976303 0.07109004739336493 0.07582938388625593
8 0.04739336492890995 0.9767772511848342 0.07772511848341232 0.046445497630331754
8 0.10284360189573459 0.9895734597156398 0.08246445497630332 0.02085308056872038
9 0.15402843601895735 0.9938388625592417 0.04454976303317536 0.012322274881516588
1 0.23364928909952606 0.9924170616113744 0.052132701421800945 0.015165876777251185
6 0.26540284360189575 0.9867298578199052 0.05308056872037915 0.026540284360189573
6 0.2829383886255924 0.976303317535545 0.058767772511848344 0.043601895734597156
6 0.29289099526066353 0.9507109004739337 0.04834123222748815 0.037914691943127965
8 0.9554502369668246 0.9279620853080569 0.08909952606635071 0.0909952606635071
9 0.885308056872038 0.9227488151658768 0.07109004739336493 0.07582938388625593
9 0.8270142180094787 0.9018957345971564 0.061611374407582936 0.07109004739336493
1 0.7767772511848341 0.9061611374407583 0.06729857819905213 0.0985781990521327
6 0.738388625592417 0.9142180094786729 0.06445497630331753 0.08909952606635071
6 0.7071090047393365 0.9274881516587677 0.061611374407582936 0.08720379146919431
6 0.6815165876777252 0.952132701421801 0.06445497630331753 0.09573459715639811