8 0.22654028436018958 0.11706161137440758 0.08720379146919431 0.07867298578199051
8 0.2156398104265403 0.19146919431279621 0.0938388625592417 0.09573459715639811
9 0.2004739336492891 0.25402843601895736 0.08341232227488152 0.07014218009478673
1 0.18293838862559242 0.30947867298578197 0.07203791469194312 0.061611374407582936
6 0.15260663507109004 0.34739336492890993 0.05118483412322275 0.06255924170616113
6 0.1052132701421801 0.37203791469194314 0.06540284360189573 0.07677725118483412
6 0.04881516587677725 0.37772511848341234 0.06350710900473934 0.07867298578199051
6 0.015165876777251185 0.3639810426540284 0.03033175355450237 0.06824644549763033
6 0.966350710900474 0.4308056872037915 0.04549763033175355 0.04454976303317536
6 0.990521327014218 0.43507109004739336 0.018957345971563982 0.05118483412322275
6 0.9303317535545024 0.4213270142180095 0.04265402843601896 0.04928909952606635
6 0.8985781990521327 0.4099526066350711 0.04454976303317536 0.04928909952606635
1 0.8838862559241706 0.3848341232227488 0.04928909952606635 0.055924170616113746
9 0.871563981042654 0.35165876777251187 0.05308056872037915 0.046445497630331754
9 0.8639810426540284 0.3222748815165877 0.05023696682464455 0.04170616113744076
8 0.8701421800947867 0.2886255924170616 0.07014218009478673 0.06255924170616113
3 0.16255924170616115 0.6559241706161137 0.046445497630331754 0.03222748815165877
9 0.46161137440758293 0.6587677725118484 0.054976303317535544 0.037914691943127965
9 0.4611374407582938 0.6990521327014217 0.055924170616113746 0.05971563981042654
8 0.45213270142180095 0.7573459715639811 0.07393364928909953 0.07582938388625593