8 0.17393364928909952 0.22606635071090048 0.1004739336492891 0.0947867298578199
8 0.24881516587677724 0.25687203791469193 0.0938388625592417 0.09289099526066351
9 0.2900473933649289 0.2838862559241706 0.018957345971563982 0.06350710900473934
8 0.3971563981042654 0.3639810426540284 0.07203791469194312 0.07014218009478673
8 0.4488151658767773 0.3928909952606635 0.07582938388625593 0.07393364928909953
8 0.5033175355450237 0.4199052132701422 0.07393364928909953 0.07393364928909953
9 0.5516587677725119 0.4364928909952607 0.052132701421800945 0.058767772511848344
9 0.5909952606635072 0.44407582938388623 0.05023696682464455 0.05023696682464455
1 0.6317535545023697 0.44691943127962086 0.052132701421800945 0.04454976303317536
6 0.6654028436018957 0.44407582938388623 0.04928909952606635 0.046445497630331754
6 0.6886255924170616 0.44454976303317534 0.052132701421800945 0.04928909952606635
8 0.027488151658767772 0.5824644549763033 0.054976303317535544 0.07867298578199051
8 0.026066350710900472 0.6507109004739337 0.052132701421800945 0.09194312796208531
9 0.02985781990521327 0.7156398104265402 0.05971563981042654 0.07582938388625593
9 0.2772511848341232 0.8009478672985783 0.04454976303317536 0.08151658767772511
9 0.26018957345971566 0.8497630331753554 0.07867298578199051 0.08056872037914692
9 0.035545023696682464 0.7668246445497631 0.07109004739336493 0.08530805687203792
1 0.209478672985782 0.8744075829383886 0.06445497630331753 0.07677725118483412
1 0.03317535545023697 0.8246445497630331 0.06635071090047394 0.08151658767772511
6 0.16872037914691942 0.8805687203791469 0.05687203791469194 0.06635071090047394
6 0.13270142180094788 0.8781990521327014 0.04739336492890995 0.06729857819905213
6 0.0981042654028436 0.8710900473933649 0.046445497630331754 0.06635071090047394
6 0.06445497630331753 0.8545023696682464 0.055924170616113746 0.06919431279620854
3 0.7739336492890996 0.9606635071090047 0.05781990521327014 0.06350710900473934
3 0.7099526066350711 0.9507109004739337 0.05781990521327014 0.06255924170616113
9 0.6322274881516587 0.9644549763033176 0.07582938388625593 0.07109004739336493
9 0.5710900473933649 0.9649289099526066 0.06540284360189573 0.07014218009478673
1 0.5175355450236967 0.9464454976303317 0.08246445497630332 0.09004739336492891
6 0.4725118483412322 0.9279620853080569 0.08341232227488152 0.08720379146919431
6 0.44028436018957345 0.9080568720379147 0.07582938388625593 0.07962085308056872
6 0.4099526066350711 0.8725118483412322 0.08436018957345971 0.07488151658767772