8 0.17962085308056872 0.24075829383886255 0.09004739336492891 0.09289099526066351
8 0.13696682464454976 0.176303317535545 0.0985781990521327 0.0995260663507109
9 0.1 0.12654028436018958 0.07203791469194312 0.06635071090047394
9 0.06540284360189573 0.0909952606635071 0.06350710900473934 0.06255924170616113
1 0.027014218009478674 0.06492890995260664 0.05402843601895735 0.06540284360189573
6 0.005687203791469194 0.054976303317535544 0.011374407582938388 0.058767772511848344
8 0.7597156398104266 0.33175355450236965 0.1014218009478673 0.0995260663507109
8 0.6928909952606636 0.36635071090047394 0.1023696682464455 0.10710900473933649
9 0.6355450236966824 0.4018957345971564 0.06919431279620854 0.07582938388625593
9 0.5872037914691943 0.4109004739336493 0.06540284360189573 0.05781990521327014
1 0.5388625592417061 0.414218009478673 0.06919431279620854 0.05118483412322275
6 0.4962085308056872 0.414218009478673 0.06919431279620854 0.05118483412322275
6 0.46255924170616114 0.4127962085308057 0.06824644549763033 0.05402843601895735
6 0.44218009478672987 0.4052132701421801 0.04454976303317536 0.06919431279620854
2 0.285781990521327 0.6895734597156398 0.08625592417061612 0.07677725118483412
2 0.31469194312796206 0.7407582938388626 0.08530805687203792 0.07582938388625593
9 0.3412322274881517 0.7919431279620853 0.07488151658767772 0.06635071090047394
9 0.3739336492890995 0.8260663507109005 0.07867298578199051 0.07393364928909953
1 0.3966824644549763 0.8568720379146919 0.046445497630331754 0.07582938388625593
8 0.7933649289099526 0.6194312796208531 0.0881516587677725 0.09004739336492891
3 0.74739336492891 0.6739336492890995 0.04454976303317536 0.04549763033175355
4 0.7018957345971564 0.6919431279620853 0.04170616113744076 0.04075829383886256
9 0.6559241706161137 0.7037914691943128 0.06066350710900474 0.06729857819905213
1 0.614691943127962 0.718957345971564 0.05781990521327014 0.061611374407582936
6 0.5819905213270142 0.7023696682464455 0.05308056872037915 0.05402843601895735
6 0.5554502369668246 0.6919431279620853 0.04928909952606635 0.05118483412322275
6 0.5355450236966824 0.6725118483412322 0.05402843601895735 0.052132701421800945