8 0.00900473933649289 0.10853080568720379 0.01800947867298578 0.06919431279620854
8 0.3587677725118483 0.17677725118483412 0.07109004739336493 0.07393364928909953
8 0.011374407582938388 0.176303317535545 0.022748815165876776 0.08341232227488152
8 0.32654028436018956 0.23507109004739338 0.07488151658767772 0.07393364928909953
9 0.02037914691943128 0.24075829383886255 0.04075829383886256 0.06635071090047394
9 0.2919431279620853 0.2862559241706161 0.07772511848341232 0.07203791469194312
9 0.262085308056872 0.33933649289099527 0.07109004739336493 0.07298578199052133
9 0.029383886255924172 0.2900473933649289 0.058767772511848344 0.07582938388625593
1 0.21469194312796208 0.36208530805687206 0.055924170616113746 0.054976303317535544
1 0.031279620853080566 0.3459715639810427 0.06255924170616113 0.07393364928909953
6 0.17535545023696683 0.37109004739336493 0.04928909952606635 0.03696682464454976
6 0.13886255924170615 0.37156398104265403 0.03886255924170616 0.03601895734597156
6 0.10426540284360189 0.3706161137440758 0.037914691943127965 0.037914691943127965
6 0.06824644549763033 0.3644549763033175 0.04739336492890995 0.05023696682464455
9 0.9071090047393365 0.02085308056872038 0.06066350710900474 0.04170616113744076
9 0.6720379146919432 0.014691943127962086 0.054976303317535544 0.029383886255924172
9 0.6985781990521327 0.03886255924170616 0.054976303317535544 0.061611374407582936
1 0.8862559241706162 0.04739336492890995 0.05023696682464455 0.06255924170616113
6 0.8611374407582938 0.07298578199052133 0.04454976303317536 0.05687203791469194
6 0.8298578199052132 0.07582938388625593 0.04170616113744076 0.06635071090047394
6 0.7985781990521327 0.08104265402843602 0.04075829383886256 0.06635071090047394
6 0.7630331753554502 0.08246445497630332 0.04454976303317536 0.05971563981042654
1 0.7298578199052133 0.06777251184834124 0.05023696682464455 0.06350710900473934
8 0.26066350710900477 0.647867298578199 0.07772511848341232 0.07488151658767772
8 0.5322274881516588 0.7677725118483413 0.035071090047393366 0.08530805687203792
9 0.23649289099526066 0.7056872037914692 0.055924170616113746 0.054976303317535544
8 0.5104265402843602 0.8203791469194313 0.07867298578199051 0.08436018957345971
9 0.4658767772511848 0.861611374407583 0.05402843601895735 0.05687203791469194
9 0.22274881516587677 0.7549763033175355 0.05402843601895735 0.05687203791469194
9 0.42417061611374407 0.8957345971563981 0.06350710900473934 0.06066350710900474
1 0.22464454976303316 0.804739336492891 0.05971563981042654 0.06255924170616113
1 0.3767772511848341 0.9113744075829384 0.05402843601895735 0.06066350710900474
6 0.24691943127962085 0.8364928909952607 0.05308056872037915 0.046445497630331754
6 0.33364928909952607 0.9090047393364928 0.05308056872037915 0.05308056872037915
6 0.2981042654028436 0.8976303317535546 0.04549763033175355 0.055924170616113746
6 0.26350710900473934 0.8706161137440759 0.04739336492890995 0.054976303317535544
2 0.8815165876777251 0.8687203791469195 0.06255924170616113 0.06919431279620854
8 0.5800947867298578 0.9620853080568721 0.06066350710900474 0.07582938388625593
9 0.5729857819905213 0.9066350710900474 0.046445497630331754 0.046445497630331754
9 0.5781990521327014 0.8635071090047394 0.05687203791469194 0.05308056872037915
1 0.5796208530805688 0.8170616113744076 0.05971563981042654 0.06066350710900474
4 0.5914691943127962 0.7744075829383886 0.037914691943127965 0.03696682464454976
4 0.6924170616113744 0.70521327014218 0.04075829383886256 0.03981042654028436
2 0.7336492890995261 0.6966824644549763 0.03696682464454976 0.03981042654028436
4 0.7729857819905214 0.7137440758293839 0.04170616113744076 0.037914691943127965
3 0.8071090047393364 0.7440758293838863 0.03317535545023697 0.03222748815165877
3 0.8540284360189574 0.8260663507109005 0.03317535545023697 0.03317535545023697