8 0.4990521327014218 0.4824644549763033 0.021800947867298578 0.0947867298578199
9 0.4720379146919431 0.45781990521327015 0.06445497630331753 0.07677725118483412
9 0.4156398104265403 0.44123222748815166 0.06824644549763033 0.06445497630331753
1 0.3630331753554502 0.437914691943128 0.06350710900473934 0.06729857819905213
6 0.3180094786729858 0.43601895734597157 0.06350710900473934 0.07014218009478673
6 0.2900473933649289 0.45639810426540284 0.07298578199052133 0.06255924170616113
0 0.6402843601895735 0.23838862559241705 0.06445497630331753 0.06635071090047394
0 0.6649289099526067 0.29241706161137443 0.06066350710900474 0.06729857819905213
0 0.7137440758293839 0.38341232227488153 0.05118483412322275 0.06445497630331753
9 0.9815165876777251 0.3862559241706161 0.03696682464454976 0.07867298578199051
9 0.9672985781990522 0.4317535545023697 0.06540284360189573 0.08625592417061612
1 0.7492890995260664 0.4374407582938389 0.07488151658767772 0.10995260663507109
1 0.9459715639810427 0.46966824644549765 0.07393364928909953 0.08625592417061612
6 0.7867298578199052 0.476303317535545 0.06445497630331753 0.09194312796208531
6 0.8274881516587678 0.490521327014218 0.05971563981042654 0.08056872037914692
6 0.8658767772511848 0.490521327014218 0.05687203791469194 0.07867298578199051
6 0.909478672985782 0.4824644549763033 0.06919431279620854 0.08436018957345971
8 0.8042654028436019 0.790521327014218 0.08151658767772511 0.05971563981042654
9 0.9004739336492891 0.8071090047393364 0.05687203791469194 0.06255924170616113
1 0.9459715639810427 0.8042654028436019 0.05402843601895735 0.05402843601895735
6 0.9924170616113744 0.7625592417061612 0.015165876777251185 0.04265402843601896
6 0.9781990521327014 0.7900473933649289 0.043601895734597156 0.04834123222748815