8 0.14218009478672985 0.5535545023696683 0.1061611374407583 0.05118483412322275
8 0.17535545023696683 0.509478672985782 0.11279620853080569 0.0976303317535545
2 0.21137440758293838 0.45071090047393364 0.0966824644549763 0.06445497630331753
9 0.1981042654028436 0.3928909952606635 0.0909952606635071 0.07582938388625593
1 0.21658767772511847 0.33222748815165876 0.08625592417061612 0.07014218009478673
6 0.209478672985782 0.2720379146919431 0.07867298578199051 0.07393364928909953
6 0.18293838862559242 0.2123222748815166 0.08909952606635071 0.08909952606635071
8 0.8985781990521327 0.27440758293838863 0.06824644549763033 0.07772511848341232
8 0.8336492890995261 0.26587677725118486 0.07393364928909953 0.08720379146919431
3 0.7862559241706161 0.25260663507109005 0.035071090047393366 0.03033175355450237
9 0.7364928909952607 0.23791469194312795 0.05402843601895735 0.07109004739336493
1 0.6890995260663507 0.21516587677725119 0.058767772511848344 0.05781990521327014
6 0.6431279620853081 0.23364928909952606 0.04549763033175355 0.04834123222748815
6 0.6028436018957346 0.25118483412322273 0.06350710900473934 0.06445497630331753
6 0.5744075829383887 0.27677725118483415 0.03601895734597156 0.04739336492890995
4 0.11090047393364928 0.9175355450236967 0.037914691943127965 0.043601895734597156
6 0.01042654028436019 0.9218009478672986 0.02085308056872038 0.061611374407582936
6 0.035545023696682464 0.9369668246445497 0.06635071090047394 0.06635071090047394
6 0.16540284360189572 0.933649289099526 0.06255924170616113 0.058767772511848344
1 0.2132701421800948 0.9113744075829384 0.05687203791469194 0.05781990521327014
9 0.24075829383886255 0.8725118483412322 0.06729857819905213 0.06635071090047394
9 0.27014218009478674 0.8317535545023697 0.07298578199052133 0.06729857819905213