8 0.1990521327014218 0.3004739336492891 0.09194312796208531 0.0909952606635071
2 0.27535545023696684 0.3033175355450237 0.09289099526066351 0.1004739336492891
9 0.33981042654028437 0.2957345971563981 0.07393364928909953 0.08530805687203792
9 0.3938388625592417 0.2890995260663507 0.06540284360189573 0.07298578199052133
1 0.43886255924170614 0.26587677725118486 0.05971563981042654 0.06350710900473934
6 0.46777251184834123 0.2241706161137441 0.05781990521327014 0.07109004739336493
6 0.47962085308056873 0.18388625592417063 0.05687203791469194 0.05971563981042654
6 0.9383886255924171 0.3071090047393365 0.05118483412322275 0.06066350710900474
6 0.9753554502369668 0.31516587677725116 0.04928909952606635 0.052132701421800945
6 0.9938388625592417 0.3080568720379147 0.012322274881516588 0.043601895734597156
0 0.8815165876777251 0.25213270142180094 0.046445497630331754 0.046445497630331754
0 0.8436018957345972 0.209478672985782 0.046445497630331754 0.04265402843601896
0 0.8165876777251185 0.16113744075829384 0.05023696682464455 0.04834123222748815
8 0.11090047393364928 0.7364928909952607 0.09289099526066351 0.0947867298578199
8 0.15829383886255924 0.7872037914691943 0.08056872037914692 0.08341232227488152
9 0.1924170616113744 0.8308056872037914 0.06540284360189573 0.06635071090047394
1 0.23175355450236967 0.8597156398104265 0.054976303317535544 0.061611374407582936
6 0.271563981042654 0.866824644549763 0.05687203791469194 0.058767772511848344
6 0.3071090047393365 0.8592417061611375 0.04928909952606635 0.058767772511848344
6 0.3360189573459716 0.8478672985781991 0.05687203791469194 0.055924170616113746
6 0.36824644549763036 0.8270142180094787 0.05308056872037915 0.055924170616113746
1 0.3872037914691943 0.7938388625592417 0.05971563981042654 0.061611374407582936
9 0.4023696682464455 0.7450236966824645 0.06635071090047394 0.06540284360189573
8 0.3933649289099526 0.6895734597156398 0.07772511848341232 0.07582938388625593
8 0.404739336492891 0.6213270142180095 0.1004739336492891 0.0985781990521327
8 0.3938388625592417 0.5597156398104265 0.08530805687203792 0.06919431279620854
6 0.976303317535545 0.7867298578199052 0.04739336492890995 0.06635071090047394
2 0.9436018957345972 0.8218009478672986 0.06350710900473934 0.06729857819905213
6 0.9071090047393365 0.8573459715639811 0.06350710900473934 0.058767772511848344
1 0.8928909952606635 0.8985781990521327 0.07298578199052133 0.07203791469194312
9 0.9018957345971564 0.9497630331753555 0.08530805687203792 0.07962085308056872
9 0.9085308056872038 0.9777251184834124 0.08625592417061612 0.04454976303317536