3 0.43364928909952605 0.36729857819905215 0.058767772511848344 0.06824644549763033
4 0.3872037914691943 0.3071090047393365 0.061611374407582936 0.06919431279620854
4 0.36018957345971564 0.25355450236966826 0.04549763033175355 0.04928909952606635
9 0.34265402843601894 0.2014218009478673 0.07582938388625593 0.07867298578199051
1 0.2881516587677725 0.15545023696682464 0.07488151658767772 0.07962085308056872
9 0.045023696682464455 0.2962085308056872 0.08056872037914692 0.07298578199052133
1 0.04881516587677725 0.24312796208530807 0.07677725118483412 0.06919431279620854
6 0.23601895734597156 0.13554502369668248 0.06635071090047394 0.06350710900473934
6 0.17582938388625594 0.13270142180094788 0.07772511848341232 0.07393364928909953
6 0.11895734597156397 0.15639810426540285 0.07867298578199051 0.07393364928909953
6 0.07582938388625593 0.190521327014218 0.07867298578199051 0.06824644549763033
8 0.8090047393364929 0.34881516587677724 0.0985781990521327 0.09289099526066351
9 0.8279620853080568 0.404739336492891 0.06445497630331753 0.06635071090047394
9 0.8388625592417062 0.44028436018957345 0.05023696682464455 0.04739336492890995
6 0.981042654028436 0.5232227488151658 0.037914691943127965 0.05687203791469194
6 0.9497630331753555 0.5312796208530806 0.052132701421800945 0.054976303317535544
6 0.9156398104265403 0.5227488151658768 0.04739336492890995 0.05781990521327014
6 0.8805687203791469 0.5023696682464455 0.05023696682464455 0.05781990521327014
1 0.8507109004739336 0.47345971563981043 0.06729857819905213 0.06729857819905213
8 0.2028436018957346 0.8995260663507109 0.08056872037914692 0.08056872037914692
9 0.4151658767772512 0.9890995260663508 0.06255924170616113 0.021800947867298578
9 0.4246445497630332 0.966824644549763 0.05687203791469194 0.052132701421800945
9 0.24976303317535545 0.8753554502369668 0.05971563981042654 0.061611374407582936
9 0.2886255924170616 0.8578199052132701 0.05687203791469194 0.05687203791469194
1 0.4246445497630332 0.9246445497630332 0.06919431279620854 0.058767772511848344
1 0.3241706161137441 0.8507109004739336 0.054976303317535544 0.06729857819905213
6 0.36255924170616116 0.8535545023696682 0.046445497630331754 0.05687203791469194
6 0.390521327014218 0.8601895734597157 0.04170616113744076 0.05023696682464455
6 0.41232227488151657 0.8739336492890996 0.03981042654028436 0.04549763033175355
6 0.43033175355450237 0.8947867298578199 0.04549763033175355 0.04928909952606635
5 0.737914691943128 0.6886255924170616 0.06540284360189573 0.03886255924170616
9 0.79478672985782 0.7151658767772512 0.07014218009478673 0.07582938388625593
1 0.8440758293838863 0.7327014218009479 0.07772511848341232 0.08625592417061612
6 0.966824644549763 0.6924170616113744 0.06635071090047394 0.046445497630331754
6 0.9483412322274881 0.718957345971564 0.08720379146919431 0.08436018957345971
6 0.8900473933649289 0.7398104265402844 0.07582938388625593 0.08436018957345971
6 0.9270142180094787 0.7360189573459716 0.07582938388625593 0.07014218009478673