8 0.04976303317535545 0.4251184834123223 0.07203791469194312 0.07488151658767772
8 0.11374407582938388 0.43981042654028435 0.07393364928909953 0.07109004739336493
9 0.16729857819905214 0.4545023696682464 0.052132701421800945 0.05971563981042654
9 0.2123222748815166 0.4710900473933649 0.046445497630331754 0.061611374407582936
8 0.08104265402843602 0.7691943127962085 0.07298578199052133 0.07298578199052133
8 0.14028436018957346 0.74739336492891 0.07772511848341232 0.07393364928909953
9 0.1943127962085308 0.7222748815165877 0.05781990521327014 0.06350710900473934
9 0.23033175355450236 0.6995260663507109 0.061611374407582936 0.06350710900473934
1 0.25260663507109005 0.4976303317535545 0.058767772511848344 0.07109004739336493
1 0.26587677725118486 0.6720379146919432 0.061611374407582936 0.061611374407582936
6 0.26966824644549764 0.5284360189573459 0.05687203791469194 0.043601895734597156
6 0.2786729857819905 0.6322274881516587 0.05402843601895735 0.03981042654028436
6 0.2843601895734597 0.5985781990521327 0.05971563981042654 0.046445497630331754
6 0.2791469194312796 0.5592417061611374 0.061611374407582936 0.04454976303317536
3 0.8241706161137441 0.5459715639810426 0.06066350710900474 0.06824644549763033
8 0.7516587677725118 0.5957345971563981 0.07677725118483412 0.08625592417061612
9 0.6985781990521327 0.6255924170616114 0.052132701421800945 0.05687203791469194
9 0.64739336492891 0.6251184834123222 0.05308056872037915 0.05687203791469194
1 0.6033175355450237 0.6350710900473934 0.05402843601895735 0.054976303317535544
6 0.5549763033175356 0.628436018957346 0.055924170616113746 0.05402843601895735
6 0.524170616113744 0.6090047393364929 0.052132701421800945 0.04928909952606635
6 0.4947867298578199 0.5834123222748815 0.05118483412322275 0.04834123222748815
6 0.476303317535545 0.5597156398104265 0.03317535545023697 0.05402843601895735
1 0.47440758293838864 0.518957345971564 0.029383886255924172 0.055924170616113746
9 0.4706161137440758 0.4758293838862559 0.021800947867298578 0.058767772511848344
9 0.4881516587677725 0.44028436018957345 0.05687203791469194 0.06350710900473934