8 0.21516587677725119 0.3251184834123223 0.12701421800947868 0.11090047393364928
8 0.23744075829383887 0.24454976303317535 0.13933649289099526 0.12227488151658768
9 0.2772511848341232 0.18293838862559242 0.0995260663507109 0.09289099526066351
9 0.2943127962085308 0.13127962085308056 0.1004739336492891 0.08720379146919431
5 0.24407582938388625 0.009478672985781991 0.05402843601895735 0.018957345971563982
2 0.290521327014218 0.07345971563981042 0.07393364928909953 0.061611374407582936
9 0.7004739336492891 0.4843601895734597 0.054976303317535544 0.03033175355450237
8 0.30947867298578197 0.533175355450237 0.07867298578199051 0.06729857819905213
9 0.3023696682464455 0.5796208530805688 0.06445497630331753 0.05781990521327014
9 0.2914691943127962 0.6184834123222749 0.061611374407582936 0.05971563981042654
8 0.02037914691943128 0.5322274881516588 0.04075829383886256 0.06540284360189573
8 0.032701421800947865 0.5834123222748815 0.06540284360189573 0.07867298578199051
9 0.05071090047393365 0.6293838862559241 0.07014218009478673 0.06255924170616113
9 0.07677725118483412 0.662085308056872 0.06445497630331753 0.06540284360189573
1 0.27109004739336495 0.6535545023696683 0.06066350710900474 0.06066350710900474
6 0.24739336492890995 0.6791469194312796 0.04834123222748815 0.058767772511848344
6 0.2132701421800948 0.6933649289099526 0.05023696682464455 0.05308056872037915
6 0.17867298578199053 0.7 0.052132701421800945 0.05687203791469194
6 0.14360189573459717 0.6985781990521327 0.052132701421800945 0.05781990521327014
1 0.10758293838862559 0.6900473933649289 0.052132701421800945 0.05402843601895735
8 0.9483412322274881 0.8066350710900474 0.07109004739336493 0.07677725118483412
8 0.9255924170616113 0.7507109004739336 0.07014218009478673 0.07393364928909953
9 0.9132701421800948 0.7014218009478673 0.06919431279620854 0.05687203791469194
9 0.9037914691943127 0.6601895734597156 0.06066350710900474 0.05402843601895735
1 0.9071090047393365 0.6184834123222749 0.06255924170616113 0.06066350710900474
6 0.9829383886255925 0.5383886255924171 0.034123222748815164 0.06066350710900474
6 0.9611374407582939 0.5526066350710901 0.04834123222748815 0.06255924170616113
6 0.9379146919431279 0.5687203791469194 0.05023696682464455 0.06066350710900474
6 0.9199052132701422 0.5909952606635072 0.055924170616113746 0.06066350710900474