8 0.031279620853080566 0.35497630331753555 0.06255924170616113 0.0995260663507109
9 0.08151658767772511 0.385781990521327 0.06255924170616113 0.07488151658767772
9 0.13080568720379146 0.4071090047393365 0.058767772511848344 0.06919431279620854
1 0.1819905213270142 0.4203791469194313 0.06919431279620854 0.07014218009478673
6 0.22369668246445498 0.4151658767772512 0.07014218009478673 0.06635071090047394
6 0.25734597156398104 0.4023696682464455 0.07298578199052133 0.06635071090047394
6 0.2786729857819905 0.3819905213270142 0.07014218009478673 0.05402843601895735
9 0.7649289099526067 0.4824644549763033 0.07109004739336493 0.06445497630331753
9 0.8 0.45876777251184836 0.061611374407582936 0.06540284360189573
9 0.9890995260663508 0.48056872037914694 0.021800947867298578 0.07203791469194312
1 0.975829383886256 0.4431279620853081 0.04834123222748815 0.08436018957345971
1 0.8360189573459715 0.42322274881516586 0.06919431279620854 0.07582938388625593
2 0.8744075829383886 0.4156398104265403 0.04739336492890995 0.06729857819905213
2 0.9208530805687204 0.4199052132701422 0.043601895734597156 0.06255924170616113
2 0.9497630331753555 0.42274881516587676 0.04265402843601896 0.06255924170616113
8 0.2611374407582938 0.5758293838862559 0.07488151658767772 0.03317535545023697
9 0.4597156398104265 0.656872037914692 0.018957345971563982 0.06635071090047394
9 0.44976303317535543 0.7028436018957346 0.03886255924170616 0.06350710900473934
9 0.2682464454976303 0.6033175355450237 0.07014218009478673 0.06445497630331753
9 0.26966824644549764 0.6540284360189573 0.06255924170616113 0.058767772511848344
1 0.43033175355450237 0.7336492890995261 0.052132701421800945 0.05781990521327014
1 0.27677725118483415 0.7004739336492891 0.04834123222748815 0.05781990521327014
6 0.395260663507109 0.7483412322274882 0.052132701421800945 0.06540284360189573
6 0.3587677725118483 0.7507109004739336 0.04739336492890995 0.06540284360189573
6 0.3241706161137441 0.7412322274881517 0.05118483412322275 0.06255924170616113
6 0.3009478672985782 0.7218009478672985 0.05118483412322275 0.05971563981042654
8 0.8080568720379147 0.866824644549763 0.08056872037914692 0.09004739336492891
8 0.8753554502369668 0.862085308056872 0.08530805687203792 0.0881516587677725
9 0.9312796208530806 0.8682464454976303 0.05687203791469194 0.07014218009478673
1 0.9720379146919431 0.871563981042654 0.055924170616113746 0.07298578199052133