9 0.15402843601895735 0.24454976303317535 0.07109004739336493 0.07298578199052133
9 0.4246445497630332 0.24407582938388625 0.07203791469194312 0.06729857819905213
9 0.4085308056872038 0.2933649289099526 0.06729857819905213 0.06729857819905213
1 0.37345971563981045 0.33270142180094786 0.06919431279620854 0.06824644549763033
6 0.34502369668246446 0.37251184834123224 0.05687203791469194 0.06255924170616113
9 0.17962085308056872 0.2914691943127962 0.06255924170616113 0.06255924170616113
1 0.2071090047393365 0.33080568720379144 0.07298578199052133 0.06919431279620854
6 0.23222748815165878 0.36635071090047394 0.06445497630331753 0.06824644549763033
6 0.3085308056872038 0.38388625592417064 0.058767772511848344 0.07109004739336493
6 0.26872037914691943 0.3800947867298578 0.05402843601895735 0.06635071090047394
8 0.6881516587677725 0.5459715639810426 0.0966824644549763 0.06635071090047394
9 0.7 0.500473933649289 0.0909952606635071 0.07772511848341232
9 0.7018957345971564 0.45165876777251185 0.08720379146919431 0.07298578199052133
1 0.7014218009478673 0.3924170616113744 0.08341232227488152 0.08246445497630332
6 0.6933649289099526 0.34739336492890993 0.07867298578199051 0.07203791469194312
6 0.6691943127962086 0.3042654028436019 0.058767772511848344 0.08720379146919431
4 0.1853080568720379 0.6758293838862559 0.07203791469194312 0.07393364928909953
8 0.290521327014218 0.7109004739336493 0.15260663507109004 0.14691943127962084
9 0.3976303317535545 0.7218009478672985 0.11469194312796209 0.11943127962085308
9 0.4815165876777251 0.7350710900473933 0.1023696682464455 0.11374407582938388
1 0.5530805687203791 0.771563981042654 0.10995260663507109 0.10426540284360189
6 0.5829383886255924 0.8071090047393364 0.11374407582938388 0.1014218009478673
6 0.590521327014218 0.8725118483412322 0.0985781990521327 0.08246445497630332
8 0.7469194312796209 0.6085308056872037 0.07772511848341232 0.058767772511848344
8 0.7829383886255924 0.628436018957346 0.08341232227488152 0.0966824644549763
8 0.8412322274881516 0.6559241706161137 0.08151658767772511 0.09289099526066351
9 0.8881516587677725 0.6691943127962086 0.055924170616113746 0.07203791469194312
9 0.9293838862559242 0.6815165876777252 0.06445497630331753 0.07298578199052133
1 0.9715639810426541 0.6943127962085308 0.05687203791469194 0.06919431279620854
6 0.9928909952606635 0.6909952606635071 0.014218009478672985 0.06445497630331753