3 0.2033175355450237 0.2791469194312796 0.05308056872037915 0.06445497630331753
8 0.27582938388625594 0.295260663507109 0.08056872037914692 0.08720379146919431
9 0.33696682464454975 0.3180094786729858 0.05402843601895735 0.07203791469194312
9 0.3881516587677725 0.32748815165876777 0.06540284360189573 0.07298578199052133
1 0.43886255924170614 0.3355450236966825 0.06540284360189573 0.07298578199052133
6 0.4843601895734597 0.32085308056872036 0.04834123222748815 0.05308056872037915
6 0.500473933649289 0.295260663507109 0.018957345971563982 0.05781990521327014
4 0.5312796208530806 0.28199052132701424 0.04265402843601896 0.052132701421800945
3 0.547867298578199 0.22274881516587677 0.04454976303317536 0.046445497630331754
4 0.5654028436018957 0.16445497630331754 0.04454976303317536 0.04739336492890995
2 0.6028436018957346 0.053554502369668244 0.05687203791469194 0.06255924170616113
4 0.6587677725118484 0.03459715639810427 0.04549763033175355 0.04170616113744076
4 0.8118483412322275 0.04170616113744076 0.04928909952606635 0.04170616113744076
2 0.862085308056872 0.06919431279620854 0.05971563981042654 0.06255924170616113
9 0.8886255924170616 0.12322274881516587 0.08720379146919431 0.07867298578199051
0 0.8928909952606635 0.1876777251184834 0.055924170616113746 0.058767772511848344
0 0.9 0.25687203791469193 0.06635071090047394 0.06255924170616113
4 0.9175355450236967 0.3459715639810427 0.054976303317535544 0.05402843601895735
7 0.5672985781990522 0.1023696682464455 0.055924170616113746 0.06066350710900474
4 0.36492890995260663 0.9587677725118483 0.04454976303317536 0.043601895734597156
5 0.34454976303317536 0.9066350710900474 0.04454976303317536 0.04549763033175355
9 0.3042654028436019 0.8473933649289099 0.06540284360189573 0.07014218009478673
9 0.26966824644549764 0.8170616113744076 0.07014218009478673 0.07393364928909953
1 0.23364928909952606 0.7895734597156399 0.06445497630331753 0.07109004739336493
6 0.1881516587677725 0.7772511848341233 0.058767772511848344 0.06255924170616113
6 0.13886255924170615 0.776303317535545 0.07109004739336493 0.07962085308056872
6 0.08909952606635071 0.7890995260663507 0.07014218009478673 0.08056872037914692
6 0.06018957345971564 0.8170616113744076 0.06824644549763033 0.07109004739336493
1 0.035545023696682464 0.8549763033175355 0.07109004739336493 0.07203791469194312
9 0.03033175355450237 0.9 0.06066350710900474 0.061611374407582936
9 0.031279620853080566 0.9464454976303317 0.06255924170616113 0.05781990521327014
8 0.034123222748815164 0.9805687203791469 0.06824644549763033 0.03886255924170616
8 0.7109004739336493 0.8355450236966825 0.10426540284360189 0.1023696682464455
8 0.7587677725118483 0.7791469194312797 0.1080568720379147 0.10426540284360189
9 0.7985781990521327 0.7331753554502369 0.07488151658767772 0.07962085308056872
9 0.842654028436019 0.7090047393364929 0.07962085308056872 0.07867298578199051
1 0.8933649289099526 0.6800947867298578 0.06919431279620854 0.08436018957345971
6 0.9440758293838862 0.6819905213270142 0.054976303317535544 0.05781990521327014
6 0.9772511848341232 0.6781990521327014 0.04549763033175355 0.08056872037914692