9 0.1981042654028436 0.015165876777251185 0.08720379146919431 0.03033175355450237
9 0.23080568720379147 0.031279620853080566 0.08246445497630332 0.06255924170616113
1 0.26872037914691943 0.07251184834123223 0.07298578199052133 0.08056872037914692
1 0.476303317535545 0.01848341232227488 0.06729857819905213 0.03696682464454976
6 0.46492890995260666 0.045023696682464455 0.07298578199052133 0.08436018957345971
6 0.3109004739336493 0.0924170616113744 0.06540284360189573 0.07867298578199051
6 0.41753554502369666 0.06303317535545024 0.07772511848341232 0.08625592417061612
6 0.36018957345971564 0.08436018957345971 0.07677725118483412 0.08625592417061612
8 0.7928909952606635 0.409478672985782 0.07677725118483412 0.07867298578199051
8 0.8303317535545024 0.44170616113744077 0.08341232227488152 0.03601895734597156
8 0.0909952606635071 0.9563981042654028 0.12511848341232226 0.08720379146919431
8 0.1924170616113744 0.9454976303317536 0.12132701421800948 0.10900473933649289
9 0.28151658767772514 0.9379146919431279 0.07962085308056872 0.09194312796208531
9 0.3412322274881517 0.9071090047393365 0.07582938388625593 0.09004739336492891
1 0.3985781990521327 0.9232227488151659 0.07298578199052133 0.08909952606635071
6 0.44786729857819907 0.9421800947867298 0.07109004739336493 0.07962085308056872
6 0.47535545023696685 0.9630331753554502 0.06919431279620854 0.07393364928909953
8 0.7080568720379147 0.5440758293838862 0.09004739336492891 0.09194312796208531
8 0.7113744075829384 0.6312796208530805 0.08625592417061612 0.09004739336492891
9 0.7099526066350711 0.7037914691943128 0.06350710900473934 0.06635071090047394
1 0.695260663507109 0.7488151658767772 0.05402843601895735 0.05687203791469194
1 0.518957345971564 0.7985781990521327 0.01800947867298578 0.05781990521327014
6 0.6649289099526067 0.7777251184834123 0.04834123222748815 0.05308056872037915
6 0.6312796208530805 0.8004739336492891 0.04549763033175355 0.05687203791469194
6 0.5928909952606635 0.8127962085308057 0.04739336492890995 0.055924170616113746
6 0.5483412322274882 0.8109004739336493 0.04454976303317536 0.05308056872037915