8 0.06492890995260664 0.36682464454976305 0.0881516587677725 0.09004739336492891
2 0.12701421800947868 0.41232227488151657 0.07582938388625593 0.08056872037914692
9 0.1971563981042654 0.43933649289099524 0.061611374407582936 0.07393364928909953
9 0.25687203791469193 0.45355450236966827 0.06445497630331753 0.06255924170616113
1 0.3109004739336493 0.466824644549763 0.05118483412322275 0.07772511848341232
6 0.35450236966824644 0.46350710900473935 0.05687203791469194 0.06919431279620854
6 0.3862559241706161 0.44976303317535543 0.061611374407582936 0.06066350710900474
6 0.4075829383886256 0.4199052132701422 0.07014218009478673 0.06919431279620854
6 0.42938388625592416 0.4023696682464455 0.07203791469194312 0.052132701421800945
8 0.14834123222748816 0.7962085308056872 0.07677725118483412 0.08436018957345971
8 0.21469194312796208 0.8033175355450237 0.07677725118483412 0.08246445497630332
9 0.26919431279620853 0.8052132701421801 0.055924170616113746 0.07109004739336493
9 0.9203791469194312 0.9900473933649289 0.06255924170616113 0.01990521327014218
9 0.8663507109004739 0.9853080568720379 0.06635071090047394 0.029383886255924172
1 0.8156398104265403 0.9834123222748815 0.061611374407582936 0.03317535545023697
6 0.7644549763033175 0.985781990521327 0.07109004739336493 0.02843601895734597