9 0.3876777251184834 0.18293838862559242 0.07772511848341232 0.07109004739336493
9 0.3933649289099526 0.23412322274881517 0.07203791469194312 0.06635071090047394
1 0.3872037914691943 0.2848341232227488 0.08436018957345971 0.07677725118483412
9 0.14976303317535544 0.3758293838862559 0.07014218009478673 0.08341232227488152
9 0.2033175355450237 0.3971563981042654 0.06445497630331753 0.07962085308056872
1 0.25734597156398104 0.4056872037914692 0.06540284360189573 0.0881516587677725
8 0.7511848341232228 0.09289099526066351 0.1004739336492891 0.10995260663507109
8 0.8127962085308057 0.14075829383886257 0.1033175355450237 0.1080568720379147
2 0.6753554502369669 0.0867298578199052 0.08625592417061612 0.0995260663507109
9 0.6018957345971564 0.047867298578199054 0.0881516587677725 0.0938388625592417
1 0.54739336492891 0.036492890995260666 0.07298578199052133 0.07298578199052133
6 0.495260663507109 0.037914691943127965 0.07867298578199051 0.07582938388625593
6 0.45687203791469194 0.05545023696682464 0.054976303317535544 0.09573459715639811
6 0.06398104265402843 0.7426540284360189 0.052132701421800945 0.06445497630331753
6 0.026066350710900472 0.7402843601895734 0.052132701421800945 0.07393364928909953
1 0.104739336492891 0.7312796208530805 0.061611374407582936 0.07203791469194312
9 0.13791469194312797 0.7066350710900474 0.07014218009478673 0.07014218009478673
9 0.15924170616113745 0.6729857819905213 0.06919431279620854 0.07203791469194312
0 0.7175355450236967 0.690521327014218 0.07298578199052133 0.07488151658767772
0 0.6753554502369669 0.8109004739336493 0.06919431279620854 0.07677725118483412
0 0.6516587677725119 0.8639810426540284 0.05402843601895735 0.055924170616113746
1 0.6312796208530805 0.9232227488151659 0.07488151658767772 0.07677725118483412
6 0.5848341232227489 0.9630331753554502 0.06824644549763033 0.07393364928909953
6 0.5298578199052133 0.9672985781990522 0.08341232227488152 0.06540284360189573
6 0.46824644549763034 0.9677725118483412 0.07772511848341232 0.06445497630331753