8 0.3800947867298578 0.23744075829383887 0.09194312796208531 0.10710900473933649
8 0.45260663507109006 0.22748815165876776 0.0995260663507109 0.11469194312796209
9 0.5625592417061611 0.2156398104265403 0.06540284360189573 0.08625592417061612
1 0.6099526066350711 0.2066350710900474 0.06255924170616113 0.06824644549763033
6 0.6336492890995261 0.18293838862559242 0.031279620853080566 0.06445497630331753
7 0.5184834123222749 0.22843601895734597 0.04739336492890995 0.05118483412322275
8 0.8753554502369668 0.36208530805687206 0.12511848341232226 0.11753554502369669
9 0.9033175355450237 0.1995260663507109 0.09289099526066351 0.0938388625592417
6 0.9767772511848342 0.08625592417061612 0.046445497630331754 0.09289099526066351
6 0.9497630331753555 0.11137440758293839 0.07014218009478673 0.0881516587677725
1 0.9175355450236967 0.14597156398104266 0.07962085308056872 0.08530805687203792
4 0.8943127962085308 0.3004739336492891 0.06066350710900474 0.061611374407582936
8 0.5364928909952607 0.6938388625592417 0.07014218009478673 0.02843601895734597
9 0.5218009478672986 0.718957345971564 0.06729857819905213 0.07298578199052133
9 0.2834123222748815 0.752132701421801 0.058767772511848344 0.06255924170616113
1 0.33744075829383885 0.819431279620853 0.054976303317535544 0.06445497630331753
9 0.5132701421800948 0.762085308056872 0.05781990521327014 0.061611374407582936
1 0.4829383886255924 0.7919431279620853 0.05308056872037915 0.06350710900473934
6 0.45781990521327015 0.8137440758293839 0.04834123222748815 0.06824644549763033
6 0.42843601895734595 0.8175355450236966 0.04928909952606635 0.08530805687203792
6 0.3971563981042654 0.8298578199052132 0.04549763033175355 0.07488151658767772
6 0.3691943127962085 0.828436018957346 0.04834123222748815 0.07488151658767772
3 0.25781990521327014 0.7071090047393365 0.04928909952606635 0.04549763033175355
8 0.6625592417061611 0.9227488151658768 0.026540284360189573 0.08436018957345971
3 0.6829383886255924 0.890521327014218 0.04739336492890995 0.04739336492890995
9 0.7255924170616114 0.8672985781990521 0.061611374407582936 0.07109004739336493
9 0.7687203791469195 0.8540284360189574 0.05402843601895735 0.06635071090047394
1 0.8099526066350711 0.8436018957345972 0.05687203791469194 0.058767772511848344
6 0.8563981042654029 0.8473933649289099 0.05402843601895735 0.04834123222748815
6 0.8938388625592417 0.8677725118483413 0.06350710900473934 0.06255924170616113
6 0.9232227488151659 0.9061611374407583 0.06350710900473934 0.06255924170616113