8 0.12464454976303317 0.04170616113744076 0.09194312796208531 0.08341232227488152
8 0.2023696682464455 0.05260663507109005 0.08436018957345971 0.08909952606635071
9 0.25971563981042656 0.04691943127962085 0.06919431279620854 0.07109004739336493
9 0.3132701421800948 0.04739336492890995 0.06635071090047394 0.06729857819905213
1 0.36161137440758295 0.037914691943127965 0.05402843601895735 0.06350710900473934
6 0.4009478672985782 0.026540284360189573 0.05687203791469194 0.05308056872037915
6 0.4312796208530806 0.014218009478672985 0.054976303317535544 0.02843601895734597
8 0.7696682464454976 0.04597156398104266 0.09194312796208531 0.08909952606635071
3 0.8260663507109005 0.042180094786729856 0.04549763033175355 0.04549763033175355
9 0.895260663507109 0.053554502369668244 0.06540284360189573 0.06729857819905213
9 0.9421800947867298 0.045023696682464455 0.061611374407582936 0.061611374407582936
1 0.9772511848341232 0.03317535545023697 0.04549763033175355 0.06635071090047394
8 0.06966824644549763 0.6606635071090048 0.13933649289099526 0.14597156398104266
9 0.16635071090047393 0.6289099526066351 0.11279620853080569 0.11753554502369669
9 0.24928909952606634 0.6080568720379147 0.1014218009478673 0.11184834123222749
1 0.3293838862559242 0.614218009478673 0.10900473933649289 0.1033175355450237
6 0.37203791469194314 0.6341232227488152 0.11469194312796209 0.0995260663507109
6 0.4085308056872038 0.6900473933649289 0.10900473933649289 0.08151658767772511
2 0.9440758293838862 0.5924170616113744 0.08341232227488152 0.08246445497630332
8 0.875829383886256 0.6080568720379147 0.08436018957345971 0.08341232227488152
9 0.8213270142180095 0.6298578199052133 0.05687203791469194 0.061611374407582936
9 0.7777251184834123 0.6417061611374407 0.05781990521327014 0.05781990521327014
1 0.7355450236966825 0.6454976303317536 0.05308056872037915 0.052132701421800945
6 0.7061611374407583 0.6322274881516587 0.05402843601895735 0.04739336492890995
6 0.6867298578199053 0.6109004739336493 0.05023696682464455 0.04549763033175355