8 0.04265402843601896 0.5146919431279621 0.08530805687203792 0.0909952606635071
8 0.442654028436019 0.5042654028436019 0.0995260663507109 0.10710900473933649
8 0.4066350710900474 0.4322274881516588 0.09194312796208531 0.1004739336492891
9 0.03317535545023697 0.45687203791469194 0.06635071090047394 0.06635071090047394
9 0.04881516587677725 0.4090047393364929 0.08151658767772511 0.07488151658767772
1 0.06350710900473934 0.352132701421801 0.07582938388625593 0.07298578199052133
9 0.3815165876777251 0.3767772511848341 0.08056872037914692 0.07393364928909953
9 0.33886255924170616 0.33791469194312795 0.08056872037914692 0.07867298578199051
1 0.295260663507109 0.2957345971563981 0.07203791469194312 0.08341232227488152
6 0.0867298578199052 0.3066350710900474 0.07772511848341232 0.07109004739336493
6 0.12417061611374408 0.271563981042654 0.07203791469194312 0.07203791469194312
6 0.25308056872037915 0.26966824644549764 0.07203791469194312 0.07677725118483412
6 0.18578199052132702 0.25924170616113745 0.07393364928909953 0.07298578199052133
2 0.5772511848341232 0.4867298578199052 0.054976303317535544 0.07677725118483412
9 0.5734597156398105 0.42748815165876775 0.04739336492890995 0.08720379146919431
1 0.5857819905213271 0.3701421800947867 0.07203791469194312 0.08056872037914692
6 0.5843601895734597 0.30947867298578197 0.06919431279620854 0.08436018957345971
6 0.5781990521327014 0.24691943127962085 0.05687203791469194 0.0995260663507109
8 0.03696682464454976 0.9800947867298578 0.07393364928909953 0.03981042654028436
9 0.36540284360189573 0.9872037914691943 0.08436018957345971 0.025592417061611375
9 0.061611374407582936 0.9630331753554502 0.07772511848341232 0.07203791469194312
9 0.09289099526066351 0.9270142180094787 0.07962085308056872 0.07203791469194312
1 0.3587677725118483 0.9620853080568721 0.07014218009478673 0.07393364928909953
1 0.12464454976303317 0.8966824644549763 0.06635071090047394 0.07582938388625593
6 0.3345971563981043 0.9199052132701422 0.07014218009478673 0.07772511848341232
6 0.16824644549763032 0.8720379146919431 0.06635071090047394 0.061611374407582936
6 0.2848341232227488 0.8933649289099526 0.07109004739336493 0.08530805687203792
6 0.22654028436018958 0.8805687203791469 0.07393364928909953 0.08056872037914692
8 0.8535545023696682 0.9559241706161138 0.07203791469194312 0.07298578199052133
9 0.819431279620853 0.9853080568720379 0.05781990521327014 0.029383886255924172
1 0.6132701421800948 0.9895734597156398 0.04928909952606635 0.02085308056872038
9 0.5853080568720379 0.9270142180094787 0.06635071090047394 0.05781990521327014
9 0.5985781990521327 0.9701421800947867 0.05687203791469194 0.054976303317535544