8 0.5450236966824644 0.46303317535545024 0.04928909952606635 0.0938388625592417
9 0.2018957345971564 0.48009478672985784 0.07772511848341232 0.05971563981042654
9 0.22274881516587677 0.44170616113744077 0.08530805687203792 0.07298578199052133
9 0.5199052132701422 0.4194312796208531 0.07677725118483412 0.07393364928909953
9 0.4900473933649289 0.38293838862559243 0.07582938388625593 0.07867298578199051
1 0.23222748815165878 0.3957345971563981 0.07014218009478673 0.06350710900473934
1 0.45260663507109006 0.34312796208530805 0.06350710900473934 0.07962085308056872
6 0.27109004739336495 0.352132701421801 0.06445497630331753 0.07014218009478673
6 0.3090047393364929 0.32748815165876777 0.058767772511848344 0.07393364928909953
6 0.352132701421801 0.3071090047393365 0.07109004739336493 0.07393364928909953
6 0.40616113744075827 0.32132701421800947 0.054976303317535544 0.06445497630331753
8 0.9819905213270143 0.3194312796208531 0.03601895734597156 0.08151658767772511
8 0.9445497630331754 0.2966824644549763 0.07867298578199051 0.08625592417061612
9 0.9009478672985782 0.27061611374407585 0.05308056872037915 0.06729857819905213
9 0.8611374407582938 0.2563981042654028 0.05687203791469194 0.06729857819905213
1 0.8236966824644549 0.23696682464454977 0.055924170616113746 0.06350710900473934
6 0.7819905213270142 0.23222748815165878 0.05971563981042654 0.06445497630331753
6 0.7440758293838863 0.24407582938388625 0.07488151658767772 0.07203791469194312
6 0.7080568720379147 0.2791469194312796 0.07203791469194312 0.07298578199052133
4 0.2981042654028436 0.6194312796208531 0.04549763033175355 0.046445497630331754
8 0.36113744075829385 0.6549763033175355 0.0947867298578199 0.09573459715639811
9 0.418957345971564 0.6829383886255924 0.05971563981042654 0.061611374407582936
9 0.46729857819905213 0.6928909952606636 0.05971563981042654 0.061611374407582936
1 0.5099526066350711 0.6938388625592417 0.06824644549763033 0.06255924170616113
6 0.5383886255924171 0.6781990521327014 0.06255924170616113 0.052132701421800945
6 0.5549763033175356 0.6530805687203791 0.029383886255924172 0.05118483412322275
8 0.5957345971563981 0.7981042654028436 0.052132701421800945 0.09289099526066351
9 0.6336492890995261 0.8312796208530806 0.06255924170616113 0.06824644549763033
9 0.6777251184834123 0.8563981042654029 0.06445497630331753 0.07772511848341232
1 0.7336492890995261 0.8639810426540284 0.06729857819905213 0.07203791469194312
6 0.776303317535545 0.8540284360189574 0.061611374407582936 0.06729857819905213
6 0.8071090047393364 0.8383886255924171 0.06350710900473934 0.06255924170616113