8 0.11327014218009479 0.39478672985781993 0.06919431279620854 0.06919431279620854
8 0.17061611374407584 0.3796208530805687 0.07109004739336493 0.07677725118483412
9 0.22606635071090048 0.36824644549763036 0.06729857819905213 0.08625592417061612
9 0.25260663507109005 0.3701421800947867 0.014218009478672985 0.0881516587677725
2 0.6075829383886255 0.01800947867298578 0.08341232227488152 0.03601895734597156
2 0.6336492890995261 0.053554502369668244 0.08246445497630332 0.07203791469194312
9 0.6563981042654028 0.1066350710900474 0.07203791469194312 0.06350710900473934
9 0.6867298578199053 0.14265402843601896 0.07582938388625593 0.07109004739336493
1 0.7194312796208531 0.17582938388625594 0.06824644549763033 0.07298578199052133
1 0.9175355450236967 0.14454976303317535 0.06824644549763033 0.07677725118483412
8 0.95260663507109 0.022748815165876776 0.0947867298578199 0.04549763033175355
9 0.9507109004739337 0.053554502369668244 0.07867298578199051 0.06540284360189573
9 0.9345971563981043 0.0971563981042654 0.07772511848341232 0.07298578199052133
6 0.8810426540284361 0.16445497630331754 0.05308056872037915 0.05308056872037915
6 0.8597156398104265 0.1933649289099526 0.07109004739336493 0.08056872037914692
6 0.8037914691943128 0.1981042654028436 0.07109004739336493 0.07393364928909953
6 0.7549763033175355 0.19478672985781992 0.054976303317535544 0.05781990521327014
8 0.01990521327014218 0.9270142180094787 0.03981042654028436 0.07393364928909953
8 0.06255924170616113 0.9327014218009478 0.07393364928909953 0.07393364928909953
9 0.11374407582938388 0.9298578199052133 0.052132701421800945 0.058767772511848344
9 0.15402843601895735 0.9251184834123223 0.05023696682464455 0.05687203791469194
1 0.1938388625592417 0.9137440758293839 0.052132701421800945 0.05308056872037915
6 0.22180094786729856 0.8938388625592417 0.04928909952606635 0.046445497630331754
6 0.23886255924170616 0.8872037914691943 0.04170616113744076 0.05118483412322275
8 0.44218009478672987 0.9075829383886256 0.1080568720379147 0.11184834123222749
8 0.7848341232227488 0.6853080568720379 0.1014218009478673 0.0966824644549763
8 0.5127962085308057 0.9492890995260663 0.10995260663507109 0.1014218009478673
3 0.7886255924170616 0.7559241706161137 0.055924170616113746 0.05971563981042654
9 0.5620853080568721 0.9786729857819905 0.08151658767772511 0.04265402843601896
9 0.8251184834123223 0.8099526066350711 0.08246445497630332 0.06729857819905213
9 0.8270142180094787 0.862085308056872 0.08530805687203792 0.06540284360189573
1 0.8417061611374408 0.9199052132701422 0.07772511848341232 0.07677725118483412
6 0.828909952606635 0.9720379146919431 0.06729857819905213 0.055924170616113746
6 0.8080568720379147 0.9895734597156398 0.06729857819905213 0.02085308056872038