8 0.15639810426540285 0.381042654028436 0.08720379146919431 0.08720379146919431
8 0.22511848341232227 0.418957345971564 0.07962085308056872 0.08530805687203792
9 0.28151658767772514 0.4312796208530806 0.06540284360189573 0.06729857819905213
9 0.33222748815165876 0.4483412322274882 0.06255924170616113 0.06445497630331753
1 0.37251184834123224 0.45402843601895737 0.034123222748815164 0.06066350710900474
8 0.9620853080568721 0.13791469194312797 0.07582938388625593 0.08625592417061612
8 0.9654028436018958 0.21753554502369668 0.06919431279620854 0.08056872037914692
9 0.9578199052132701 0.3170616113744076 0.05971563981042654 0.054976303317535544
1 0.9436018957345972 0.36587677725118484 0.07109004739336493 0.054976303317535544
4 0.8729857819905213 0.4004739336492891 0.03317535545023697 0.034123222748815164
4 0.8274881516587678 0.4165876777251185 0.03317535545023697 0.035071090047393366
1 0.7658767772511849 0.4255924170616114 0.05971563981042654 0.06824644549763033
9 0.7180094786729858 0.3943127962085308 0.05687203791469194 0.058767772511848344
8 0.44454976303317534 0.8909952606635071 0.09573459715639811 0.09573459715639811
8 0.5085308056872038 0.933649289099526 0.0909952606635071 0.09289099526066351
3 0.5635071090047393 0.9535545023696682 0.04170616113744076 0.04075829383886256
9 0.6255924170616114 0.9706161137440759 0.06066350710900474 0.058767772511848344
9 0.6677725118483412 0.9791469194312796 0.05781990521327014 0.04170616113744076
1 0.7180094786729858 0.9744075829383886 0.061611374407582936 0.05118483412322275
6 0.7540284360189573 0.9744075829383886 0.06540284360189573 0.05118483412322275
6 0.7791469194312797 0.9549763033175356 0.06255924170616113 0.04739336492890995