3 0.6132701421800948 0.27677725118483415 0.03222748815165877 0.04928909952606635
8 0.3232227488151659 0.029383886255924172 0.0985781990521327 0.058767772511848344
8 0.323696682464455 0.09336492890995261 0.0909952606635071 0.10426540284360189
9 0.3165876777251185 0.16682464454976303 0.08056872037914692 0.07582938388625593
9 0.3132701421800948 0.2213270142180095 0.07393364928909953 0.06350710900473934
9 0.5691943127962086 0.3246445497630332 0.08246445497630332 0.08056872037914692
9 0.5194312796208531 0.3402843601895735 0.06824644549763033 0.07488151658767772
1 0.47345971563981043 0.35165876777251187 0.06255924170616113 0.08056872037914692
6 0.43507109004739336 0.3578199052132701 0.05781990521327014 0.06919431279620854
6 0.3971563981042654 0.34454976303317536 0.05781990521327014 0.06919431279620854
6 0.36492890995260663 0.33127962085308055 0.061611374407582936 0.06729857819905213
6 0.33981042654028437 0.3014218009478673 0.06919431279620854 0.07488151658767772
1 0.3227488151658768 0.26872037914691943 0.07772511848341232 0.07298578199052133
3 0.9203791469194312 0.218957345971564 0.04739336492890995 0.04075829383886256
8 0.8753554502369668 0.15308056872037915 0.09289099526066351 0.10710900473933649
9 0.8279620853080568 0.11990521327014218 0.06255924170616113 0.08246445497630332
9 0.7867298578199052 0.10758293838862559 0.06066350710900474 0.08246445497630332
1 0.7440758293838863 0.1023696682464455 0.07203791469194312 0.07772511848341232
6 0.6981042654028436 0.09431279620853081 0.05402843601895735 0.061611374407582936
6 0.6630331753554503 0.11279620853080569 0.06729857819905213 0.07962085308056872
6 0.6398104265402843 0.14407582938388624 0.02085308056872038 0.08151658767772511
2 0.2862559241706161 0.6924170616113744 0.08530805687203792 0.1004739336492891
8 0.3635071090047393 0.6890995260663507 0.0966824644549763 0.0976303317535545
9 0.42369668246445497 0.6886255924170616 0.06919431279620854 0.08720379146919431
9 0.47393364928909953 0.6862559241706161 0.06540284360189573 0.07582938388625593
1 0.5279620853080569 0.6900473933649289 0.08151658767772511 0.08151658767772511
6 0.5706161137440758 0.7132701421800948 0.06729857819905213 0.058767772511848344
6 0.5947867298578199 0.7350710900473933 0.06919431279620854 0.07298578199052133
6 0.5971563981042654 0.7834123222748816 0.06445497630331753 0.07298578199052133
4 0.7649289099526067 0.6127962085308057 0.06445497630331753 0.06255924170616113
3 0.7767772511848341 0.6966824644549763 0.058767772511848344 0.05023696682464455
9 0.804739336492891 0.7606635071090048 0.0985781990521327 0.1033175355450237
9 0.8298578199052132 0.8208530805687204 0.0976303317535545 0.0938388625592417
1 0.8488151658767773 0.8909952606635071 0.07772511848341232 0.0976303317535545
6 0.9886255924170616 0.9497630331753555 0.022748815165876776 0.1004739336492891
6 0.9516587677725118 0.9540284360189574 0.0947867298578199 0.09194312796208531
6 0.8914691943127963 0.9232227488151659 0.07582938388625593 0.09004739336492891