9 0.07962085308056872 0.03744075829383886 0.05687203791469194 0.07488151658767772
9 0.029383886255924172 0.035071090047393366 0.058767772511848344 0.07014218009478673
3 0.5796208530805688 0.42322274881516586 0.04075829383886256 0.012322274881516588
3 0.5919431279620853 0.381042654028436 0.037914691943127965 0.03696682464454976
9 0.6194312796208531 0.34502369668246446 0.06350710900473934 0.05402843601895735
1 0.6336492890995261 0.2995260663507109 0.046445497630331754 0.052132701421800945
6 0.6582938388625592 0.27488151658767773 0.03317535545023697 0.025592417061611375
6 0.6881516587677725 0.26492890995260665 0.03696682464454976 0.03317535545023697
6 0.7203791469194313 0.27109004739336495 0.034123222748815164 0.037914691943127965
6 0.7507109004739336 0.27630331753554505 0.03317535545023697 0.04454976303317536
1 0.7758293838862559 0.2966824644549763 0.05023696682464455 0.046445497630331754
9 0.7995260663507109 0.33080568720379144 0.058767772511848344 0.05023696682464455
9 0.8213270142180095 0.36824644549763036 0.05687203791469194 0.05781990521327014
8 0.8364928909952607 0.4042654028436019 0.06540284360189573 0.05023696682464455
8 0.026066350710900472 0.5843601895734597 0.052132701421800945 0.0881516587677725
2 0.06824644549763033 0.5943127962085308 0.046445497630331754 0.07582938388625593
9 0.12796208530805686 0.5777251184834123 0.06919431279620854 0.08246445497630332
1 0.18293838862559242 0.5767772511848341 0.06255924170616113 0.06729857819905213
6 0.23601895734597156 0.5881516587677725 0.06445497630331753 0.06350710900473934
6 0.2663507109004739 0.6199052132701421 0.07488151658767772 0.06824644549763033
8 0.8962085308056872 0.7630331753554502 0.07962085308056872 0.08341232227488152
8 0.8336492890995261 0.7393364928909952 0.06066350710900474 0.07014218009478673
9 0.7767772511848341 0.7279620853080568 0.055924170616113746 0.07203791469194312
1 0.7293838862559242 0.7208530805687203 0.06635071090047394 0.07393364928909953
6 0.6758293838862559 0.7146919431279621 0.05402843601895735 0.055924170616113746
6 0.6360189573459716 0.7398104265402844 0.08056872037914692 0.06255924170616113