8 0.4109004739336493 0.35924170616113743 0.07867298578199051 0.1014218009478673
3 0.3578199052132701 0.3341232227488152 0.04170616113744076 0.04928909952606635
9 0.2995260663507109 0.3127962085308057 0.06540284360189573 0.07393364928909953
9 0.24881516587677724 0.3018957345971564 0.06350710900473934 0.07488151658767772
1 0.1962085308056872 0.2890995260663507 0.05781990521327014 0.06445497630331753
6 0.14170616113744075 0.2919431279620853 0.058767772511848344 0.05118483412322275
6 0.0924170616113744 0.3071090047393365 0.07393364928909953 0.06635071090047394
8 0.9672985781990522 0.34360189573459715 0.06540284360189573 0.08056872037914692
8 0.33886255924170616 0.7109004739336493 0.08056872037914692 0.07298578199052133
8 0.032701421800947865 0.6829383886255924 0.06540284360189573 0.07867298578199051
9 0.04454976303317536 0.6327014218009479 0.06540284360189573 0.05023696682464455
9 0.06635071090047394 0.5985781990521327 0.06635071090047394 0.03886255924170616
9 0.33270142180094786 0.6554502369668247 0.06729857819905213 0.05402843601895735
9 0.3075829383886256 0.6132701421800948 0.06824644549763033 0.05687203791469194
1 0.2900473933649289 0.5886255924170616 0.06066350710900474 0.018957345971563982
3 0.9132701421800948 0.6516587677725119 0.046445497630331754 0.043601895734597156
8 0.9691943127962085 0.6663507109004739 0.061611374407582936 0.08151658767772511
9 0.8573459715639811 0.6270142180094787 0.05023696682464455 0.07203791469194312
9 0.8132701421800947 0.6194312796208531 0.05023696682464455 0.06919431279620854
1 0.762085308056872 0.6213270142180095 0.05781990521327014 0.06824644549763033
6 0.7146919431279621 0.6350710900473934 0.04739336492890995 0.05971563981042654
6 0.6729857819905213 0.6521327014218009 0.07488151658767772 0.07203791469194312