8 0.42938388625592416 0.25213270142180094 0.08720379146919431 0.1004739336492891
8 0.35402843601895734 0.24312796208530807 0.09289099526066351 0.10426540284360189
8 0.2848341232227488 0.6203791469194313 0.1023696682464455 0.09289099526066351
8 0.22654028436018958 0.5800947867298578 0.1023696682464455 0.0966824644549763
9 0.2966824644549763 0.22938388625592418 0.055924170616113746 0.07393364928909953
9 0.25071090047393363 0.23459715639810427 0.06729857819905213 0.07867298578199051
1 0.2014218009478673 0.23317535545023696 0.07109004739336493 0.07582938388625593
9 0.17962085308056872 0.5526066350710901 0.06824644549763033 0.06635071090047394
9 0.14976303317535544 0.5203791469194313 0.06824644549763033 0.07109004739336493
1 0.11800947867298578 0.48530805687203793 0.07582938388625593 0.07298578199052133
6 0.12654028436018958 0.2734597156398104 0.07393364928909953 0.06919431279620854
6 0.09146919431279621 0.3090047393364929 0.07488151658767772 0.07109004739336493
6 0.07298578199052133 0.36540284360189573 0.06919431279620854 0.07488151658767772
6 0.07630331753554502 0.42274881516587676 0.06824644549763033 0.06824644549763033
1 0.9767772511848342 0.46255924170616114 0.046445497630331754 0.07962085308056872
6 0.9639810426540284 0.44454976303317534 0.07203791469194312 0.07393364928909953
6 0.9208530805687204 0.4265402843601896 0.09194312796208531 0.09004739336492891
6 0.22985781990521326 0.9777251184834124 0.06540284360189573 0.04454976303317536
6 0.24265402843601896 0.9483412322274881 0.061611374407582936 0.054976303317535544
1 0.26919431279620853 0.9165876777251185 0.055924170616113746 0.054976303317535544
9 0.3052132701421801 0.8985781990521327 0.05781990521327014 0.06919431279620854