8 0.43838862559241704 0.25971563981042656 0.0976303317535545 0.08720379146919431
8 0.44075829383886256 0.1900473933649289 0.09573459715639811 0.0976303317535545
8 0.1033175355450237 0.19478672985781992 0.08530805687203792 0.08151658767772511
8 0.13127962085308056 0.13175355450236967 0.0966824644549763 0.0995260663507109
9 0.15260663507109004 0.07582938388625593 0.08056872037914692 0.06919431279620854
9 0.17298578199052134 0.030805687203791468 0.07488151658767772 0.061611374407582936
9 0.44170616113744077 0.12180094786729857 0.07582938388625593 0.06350710900473934
9 0.43507109004739336 0.07440758293838863 0.07014218009478673 0.061611374407582936
1 0.1985781990521327 0.006635071090047393 0.05781990521327014 0.013270142180094787
1 0.41706161137440756 0.027014218009478674 0.05687203791469194 0.05402843601895735
6 0.3867298578199052 0.00995260663507109 0.054976303317535544 0.01990521327014218
9 0.7516587677725118 0.15876777251184834 0.06824644549763033 0.06919431279620854
9 0.795734597156398 0.14312796208530806 0.06255924170616113 0.06635071090047394
1 0.8369668246445497 0.13744075829383887 0.05402843601895735 0.058767772511848344
6 0.8753554502369668 0.14928909952606634 0.05023696682464455 0.05118483412322275
6 0.8985781990521327 0.16492890995260664 0.05023696682464455 0.04834123222748815
6 0.9175355450236967 0.1881516587677725 0.05118483412322275 0.04454976303317536
6 0.9308056872037914 0.21137440758293838 0.05781990521327014 0.04928909952606635
3 0.6815165876777252 0.17819905213270143 0.04170616113744076 0.03886255924170616
1 0.9308056872037914 0.24549763033175356 0.05971563981042654 0.04549763033175355
8 0.2672985781990521 0.4843601895734597 0.08246445497630332 0.08436018957345971
8 0.32180094786729857 0.5199052132701422 0.08341232227488152 0.07772511848341232
9 0.36824644549763036 0.542654028436019 0.052132701421800945 0.05781990521327014
9 0.4071090047393365 0.556872037914692 0.05308056872037915 0.05781990521327014
1 0.45071090047393364 0.5587677725118484 0.054976303317535544 0.05687203791469194
6 0.4838862559241706 0.5530805687203791 0.052132701421800945 0.04834123222748815
6 0.5071090047393365 0.5388625592417061 0.05308056872037915 0.04549763033175355
8 0.9023696682464455 0.6426540284360189 0.08341232227488152 0.08341232227488152
8 0.9469194312796209 0.6080568720379147 0.08056872037914692 0.0909952606635071
4 0.9838862559241706 0.5943127962085308 0.03222748815165877 0.037914691943127965