8 0.28056872037914693 0.3080568720379147 0.0947867298578199 0.09573459715639811
8 0.271563981042654 0.23744075829383887 0.0966824644549763 0.0966824644549763
9 0.26587677725118486 0.17488151658767773 0.07677725118483412 0.07109004739336493
1 0.25165876777251184 0.12132701421800948 0.07203791469194312 0.07298578199052133
8 0.011374407582938388 0.17772511848341233 0.022748815165876776 0.0938388625592417
9 0.016587677725118485 0.12464454976303317 0.03317535545023697 0.06540284360189573
1 0.02985781990521327 0.08151658767772511 0.05971563981042654 0.06824644549763033
6 0.22037914691943128 0.08056872037914692 0.058767772511848344 0.06445497630331753
6 0.17582938388625594 0.055924170616113746 0.06919431279620854 0.07014218009478673
6 0.11943127962085308 0.04976303317535545 0.06729857819905213 0.07298578199052133
6 0.06919431279620854 0.057345971563981045 0.055924170616113746 0.06729857819905213
3 0.9635071090047393 0.33649289099526064 0.05118483412322275 0.05308056872037915
3 0.9393364928909953 0.38341232227488153 0.04739336492890995 0.046445497630331754
3 0.9203791469194312 0.437914691943128 0.055924170616113746 0.052132701421800945
8 0.9729857819905213 0.24976303317535545 0.05402843601895735 0.0976303317535545
9 0.8848341232227488 0.4706161137440758 0.05971563981042654 0.03696682464454976
8 0.5753554502369668 0.24075829383886255 0.10900473933649289 0.0966824644549763
8 0.5957345971563981 0.31990521327014215 0.09194312796208531 0.09289099526066351
9 0.6189573459715639 0.3981042654028436 0.05781990521327014 0.06729857819905213
9 0.6350710900473934 0.44597156398104265 0.05781990521327014 0.05118483412322275
1 0.6625592417061611 0.4791469194312796 0.04739336492890995 0.01990521327014218
3 0.1843601895734597 0.604739336492891 0.04265402843601896 0.04075829383886256
4 0.13033175355450238 0.6080568720379147 0.03886255924170616 0.04075829383886256
9 0.07251184834123223 0.6080568720379147 0.061611374407582936 0.07014218009478673
1 0.026066350710900472 0.6090047393364929 0.052132701421800945 0.05781990521327014
6 0.018957345971563982 0.5758293838862559 0.037914691943127965 0.052132701421800945
6 0.013270142180094787 0.5530805687203791 0.026540284360189573 0.04834123222748815
8 0.9753554502369668 0.8213270142180095 0.04928909952606635 0.07867298578199051
8 0.9246445497630332 0.8336492890995261 0.08341232227488152 0.08056872037914692
9 0.8559241706161137 0.837914691943128 0.07298578199052133 0.07109004739336493
9 0.8014218009478673 0.8317535545023697 0.06255924170616113 0.06350710900473934
1 0.7559241706161137 0.8061611374407583 0.06350710900473934 0.061611374407582936
6 0.7317535545023697 0.7758293838862559 0.07014218009478673 0.05308056872037915