9 0.4265402843601896 0.42796208530805685 0.06255924170616113 0.023696682464454975
9 0.3938388625592417 0.409478672985782 0.06066350710900474 0.05971563981042654
1 0.1962085308056872 0.42890995260663506 0.054976303317535544 0.021800947867298578
1 0.3587677725118483 0.3881516587677725 0.04928909952606635 0.05687203791469194
6 0.3180094786729858 0.3815165876777251 0.046445497630331754 0.06350710900473934
6 0.2777251184834123 0.381042654028436 0.046445497630331754 0.054976303317535544
6 0.24454976303317535 0.3933649289099526 0.05308056872037915 0.055924170616113746
6 0.21469194312796208 0.4132701421800948 0.052132701421800945 0.05308056872037915
9 0.9274881516587677 0.2075829383886256 0.06066350710900474 0.04928909952606635
9 0.9146919431279621 0.16350710900473933 0.061611374407582936 0.058767772511848344
9 0.6635071090047393 0.1881516587677725 0.058767772511848344 0.05687203791469194
9 0.6876777251184835 0.15023696682464455 0.052132701421800945 0.05402843601895735
1 0.7170616113744076 0.12559241706161137 0.052132701421800945 0.07772511848341232
6 0.7530805687203791 0.11232227488151658 0.04549763033175355 0.06350710900473934
6 0.7834123222748816 0.0985781990521327 0.03981042654028436 0.05971563981042654
6 0.8184834123222748 0.104739336492891 0.04834123222748815 0.05971563981042654
6 0.8483412322274881 0.11895734597156397 0.05023696682464455 0.06919431279620854
1 0.8834123222748815 0.13127962085308056 0.05402843601895735 0.07203791469194312
8 0.9402843601895735 0.25071090047393363 0.08720379146919431 0.055924170616113746
8 0.6426540284360189 0.22938388625592418 0.08246445497630332 0.05687203791469194
8 0.2014218009478673 0.623696682464455 0.08720379146919431 0.08909952606635071
8 0.22369668246445498 0.5620853080568721 0.07298578199052133 0.07962085308056872
9 0.25355450236966826 0.5104265402843602 0.05781990521327014 0.07109004739336493
8 0.5450236966824644 0.7090047393364929 0.06824644549763033 0.07772511848341232
8 0.54739336492891 0.6374407582938388 0.06350710900473934 0.07867298578199051
9 0.5488151658767773 0.576303317535545 0.06066350710900474 0.054976303317535544
1 0.524170616113744 0.5251184834123223 0.058767772511848344 0.06445497630331753
6 0.4957345971563981 0.4772511848341232 0.05023696682464455 0.05687203791469194
6 0.45308056872037916 0.45876777251184836 0.054976303317535544 0.037914691943127965
6 0.3924170616113744 0.45213270142180095 0.05687203791469194 0.024644549763033177
6 0.3402843601895735 0.45734597156398105 0.05687203791469194 0.035071090047393366
1 0.2985781990521327 0.476303317535545 0.06540284360189573 0.07014218009478673
3 0.9890995260663508 0.9786729857819905 0.021800947867298578 0.04265402843601896
9 0.9701421800947867 0.9066350710900474 0.05971563981042654 0.07677725118483412
9 0.9312796208530806 0.866824644549763 0.07772511848341232 0.07298578199052133
1 0.6355450236966824 0.9502369668246445 0.07014218009478673 0.08056872037914692
6 0.6587677725118484 0.8914691943127963 0.06350710900473934 0.07014218009478673
6 0.6971563981042654 0.8388625592417062 0.07298578199052133 0.06445497630331753
6 0.7587677725118483 0.8090047393364929 0.07867298578199051 0.06066350710900474
6 0.8241706161137441 0.8090047393364929 0.06919431279620854 0.05402843601895735
1 0.8867298578199052 0.8232227488151659 0.07203791469194312 0.055924170616113746
9 0.6360189573459716 0.9881516587677726 0.08530805687203792 0.023696682464454975