8 0.704265402843602 0.35450236966824644 0.07014218009478673 0.1004739336492891
8 0.6867298578199053 0.2919431279620853 0.1014218009478673 0.1014218009478673
9 0.6601895734597156 0.23459715639810427 0.07962085308056872 0.07488151658767772
1 0.628436018957346 0.1895734597156398 0.07582938388625593 0.07677725118483412
8 0.385781990521327 0.3962085308056872 0.09289099526066351 0.08720379146919431
8 0.390521327014218 0.33649289099526064 0.0947867298578199 0.0976303317535545
9 0.3909952606635071 0.2796208530805687 0.07393364928909953 0.06919431279620854
1 0.4037914691943128 0.22938388625592418 0.07014218009478673 0.07203791469194312
6 0.5853080568720379 0.16161137440758294 0.06255924170616113 0.06729857819905213
6 0.5345971563981042 0.15402843601895735 0.07203791469194312 0.07298578199052133
6 0.47962085308056873 0.16729857819905214 0.07109004739336493 0.07582938388625593
6 0.43554502369668247 0.19194312796208532 0.05971563981042654 0.07014218009478673
9 0.9540284360189574 0.10995260663507109 0.061611374407582936 0.06729857819905213
9 0.9033175355450237 0.12796208530805686 0.06540284360189573 0.06824644549763033
1 0.8592417061611375 0.15023696682464455 0.07203791469194312 0.07203791469194312
6 0.8293838862559242 0.176303317535545 0.07393364928909953 0.06066350710900474
6 0.818957345971564 0.2080568720379147 0.07867298578199051 0.05781990521327014
8 0.2213270142180095 0.7696682464454976 0.0881516587677725 0.0881516587677725
8 0.25450236966824646 0.837914691943128 0.0938388625592417 0.0938388625592417
8 0.5199052132701422 0.7175355450236967 0.08720379146919431 0.07962085308056872
8 0.5398104265402843 0.7886255924170616 0.08530805687203792 0.09004739336492891
9 0.5312796208530806 0.8483412322274881 0.05781990521327014 0.05781990521327014
9 0.5308056872037915 0.8928909952606635 0.054976303317535544 0.052132701421800945
9 0.27488151658767773 0.8962085308056872 0.06350710900473934 0.06066350710900474
9 0.2976303317535545 0.9388625592417061 0.06824644549763033 0.06635071090047394
1 0.5075829383886256 0.9327014218009478 0.04549763033175355 0.052132701421800945
1 0.3345971563981043 0.9691943127962085 0.04928909952606635 0.04834123222748815
6 0.48009478672985784 0.9644549763033176 0.04265402843601896 0.05023696682464455
6 0.44597156398104265 0.9744075829383886 0.04454976303317536 0.05118483412322275
6 0.4099526066350711 0.9796208530805687 0.04454976303317536 0.04075829383886256
6 0.3748815165876777 0.9786729857819905 0.05023696682464455 0.04265402843601896
8 0.876303317535545 0.7009478672985782 0.09004739336492891 0.08909952606635071
3 0.8881516587677725 0.7672985781990521 0.05687203791469194 0.05781990521327014
9 0.9180094786729858 0.8246445497630331 0.06255924170616113 0.061611374407582936
2 0.9872037914691943 0.9213270142180094 0.025592417061611375 0.04928909952606635
1 0.952132701421801 0.9127962085308057 0.055924170616113746 0.06350710900473934
9 0.9417061611374408 0.8639810426540284 0.06066350710900474 0.061611374407582936