8 0.2009478672985782 0.03696682464454976 0.0966824644549763 0.07393364928909953
8 0.4924170616113744 0.037914691943127965 0.0881516587677725 0.07582938388625593
8 0.4791469194312796 0.10758293838862559 0.08720379146919431 0.09194312796208531
9 0.44502369668246444 0.15734597156398103 0.058767772511848344 0.05971563981042654
9 0.4251184834123223 0.1971563981042654 0.05687203791469194 0.05402843601895735
9 0.1938388625592417 0.0881516587677725 0.06445497630331753 0.061611374407582936
9 0.195260663507109 0.13649289099526066 0.06919431279620854 0.06824644549763033
1 0.3867298578199052 0.22274881516587677 0.046445497630331754 0.05308056872037915
1 0.21516587677725119 0.17962085308056872 0.05023696682464455 0.04928909952606635
6 0.34786729857819904 0.23933649289099526 0.043601895734597156 0.05118483412322275
6 0.3132701421800948 0.23364928909952606 0.04549763033175355 0.052132701421800945
6 0.2777251184834123 0.22464454976303316 0.04549763033175355 0.046445497630331754
6 0.24549763033175356 0.21137440758293838 0.05118483412322275 0.05402843601895735
8 0.8056872037914692 0.18009478672985782 0.1014218009478673 0.10710900473933649
8 0.8554502369668247 0.24312796208530807 0.0966824644549763 0.09194312796208531
9 0.8976303317535546 0.285781990521327 0.06824644549763033 0.07109004739336493
9 0.9350710900473934 0.3170616113744076 0.06635071090047394 0.07109004739336493
1 0.9729857819905213 0.34218009478672984 0.05402843601895735 0.07203791469194312
6 0.9947867298578199 0.36066350710900474 0.01042654028436019 0.03886255924170616
8 0.1023696682464455 0.8786729857819905 0.07962085308056872 0.08436018957345971
3 0.15402843601895735 0.9132701421800948 0.04075829383886256 0.03886255924170616
9 0.1943127962085308 0.9180094786729858 0.06255924170616113 0.07582938388625593
9 0.23507109004739338 0.9298578199052133 0.05971563981042654 0.06729857819905213
1 0.27677725118483415 0.9402843601895735 0.054976303317535544 0.06066350710900474
6 0.3118483412322275 0.9293838862559242 0.05118483412322275 0.04834123222748815
6 0.3402843601895735 0.909952606635071 0.055924170616113746 0.05023696682464455
6 0.35450236966824644 0.8909952606635071 0.04739336492890995 0.04075829383886256
9 0.7355450236966825 0.6748815165876777 0.07298578199052133 0.07298578199052133
9 0.747867298578199 0.7170616113744076 0.05971563981042654 0.061611374407582936
1 0.7739336492890996 0.7540284360189573 0.06540284360189573 0.06350710900473934
2 0.8028436018957346 0.7791469194312797 0.03601895734597156 0.03981042654028436
6 0.8208530805687204 0.7924170616113744 0.03886255924170616 0.04928909952606635
6 0.8492890995260663 0.7971563981042654 0.04170616113744076 0.052132701421800945
6 0.8810426540284361 0.8004739336492891 0.05023696682464455 0.054976303317535544
1 0.9142180094786729 0.7862559241706161 0.06066350710900474 0.061611374407582936
9 0.9398104265402843 0.7530805687203791 0.06824644549763033 0.06635071090047394
9 0.9606635071090047 0.7085308056872038 0.07203791469194312 0.06445497630331753