9 0.34218009478672984 0.05308056872037915 0.015165876777251185 0.06445497630331753
9 0.3350710900473934 0.262085308056872 0.029383886255924172 0.05781990521327014
1 0.31990521327014215 0.07488151658767772 0.05308056872037915 0.05023696682464455
1 0.3127962085308057 0.23933649289099526 0.04834123222748815 0.04928909952606635
6 0.2966824644549763 0.1066350710900474 0.05402843601895735 0.05023696682464455
6 0.2777251184834123 0.14170616113744075 0.05308056872037915 0.04454976303317536
6 0.2914691943127962 0.21421800947867298 0.04928909952606635 0.05023696682464455
6 0.27535545023696684 0.1815165876777251 0.054976303317535544 0.046445497630331754
8 0.5838862559241706 0.3815165876777251 0.08530805687203792 0.07488151658767772
8 0.5909952606635072 0.323696682464455 0.08151658767772511 0.07582938388625593
9 0.5928909952606635 0.2672985781990521 0.07109004739336493 0.05308056872037915
9 0.6052132701421801 0.22085308056872038 0.07203791469194312 0.06066350710900474
1 0.623696682464455 0.16255924170616115 0.058767772511848344 0.06445497630331753
6 0.6587677725118484 0.13317535545023695 0.055924170616113746 0.055924170616113746
3 0.7075829383886256 0.11611374407582939 0.035071090047393366 0.037914691943127965
6 0.7687203791469195 0.1080568720379147 0.06445497630331753 0.05781990521327014
6 0.8236966824644549 0.12227488151658768 0.05781990521327014 0.05118483412322275
1 0.8658767772511848 0.14407582938388624 0.061611374407582936 0.06350710900473934
9 0.890521327014218 0.19478672985781992 0.07488151658767772 0.06255924170616113
9 0.9075829383886256 0.24170616113744076 0.07014218009478673 0.05687203791469194
8 0.9218009478672986 0.2947867298578199 0.08056872037914692 0.08246445497630332
8 0.9440758293838862 0.35071090047393366 0.08341232227488152 0.07772511848341232
8 0.33270142180094786 0.9744075829383886 0.034123222748815164 0.05118483412322275
9 0.7781990521327015 0.7350710900473933 0.06445497630331753 0.05687203791469194
9 0.7592417061611374 0.7748815165876777 0.06729857819905213 0.058767772511848344
9 0.5042654028436019 0.7345971563981043 0.06255924170616113 0.05118483412322275
9 0.5246445497630332 0.7739336492890996 0.06350710900473934 0.05781990521327014
1 0.7440758293838863 0.8203791469194313 0.05308056872037915 0.05687203791469194
1 0.542654028436019 0.8184834123222748 0.054976303317535544 0.055924170616113746
6 0.7170616113744076 0.8507109004739336 0.054976303317535544 0.06066350710900474
6 0.6687203791469194 0.8639810426540284 0.06255924170616113 0.05687203791469194
6 0.6113744075829384 0.8644549763033176 0.06445497630331753 0.05781990521327014
6 0.5644549763033175 0.8507109004739336 0.054976303317535544 0.054976303317535544