8 0.2725118483412322 0.054976303317535544 0.09004739336492891 0.1004739336492891
8 0.34834123222748814 0.07914691943127962 0.09289099526066351 0.1023696682464455
9 0.4255924170616114 0.11421800947867299 0.07488151658767772 0.08530805687203792
1 0.4725118483412322 0.13744075829383887 0.05402843601895735 0.07393364928909953
9 0.0071090047393364926 0.7943127962085308 0.014218009478672985 0.06445497630331753
1 0.016113744075829384 0.8303317535545024 0.03222748815165877 0.07203791469194312
6 0.03886255924170616 0.843127962085308 0.03981042654028436 0.05308056872037915
6 0.06919431279620854 0.8488151658767773 0.03981042654028436 0.05308056872037915
6 0.0981042654028436 0.8492890995260663 0.04454976303317536 0.054976303317535544
4 0.14407582938388624 0.809478672985782 0.037914691943127965 0.037914691943127965
3 0.18056872037914692 0.7450236966824645 0.037914691943127965 0.035071090047393366
3 0.2109004739336493 0.7104265402843601 0.03981042654028436 0.03981042654028436
3 0.23507109004739338 0.6601895734597156 0.043601895734597156 0.04075829383886256
6 0.12511848341232226 0.8345971563981043 0.052132701421800945 0.054976303317535544
8 0.5862559241706161 0.728909952606635 0.07582938388625593 0.08436018957345971
9 0.7004739336492891 0.7222748815165877 0.05971563981042654 0.07393364928909953
9 0.7445497630331753 0.728436018957346 0.05971563981042654 0.07393364928909953
1 0.7938388625592417 0.7331753554502369 0.06350710900473934 0.06066350710900474
6 0.8298578199052132 0.7540284360189573 0.061611374407582936 0.05402843601895735
6 0.8568720379146919 0.7867298578199052 0.06824644549763033 0.06255924170616113
7 0.6469194312796208 0.7293838862559242 0.05687203791469194 0.06540284360189573