8 0.5109004739336492 0.2791469194312796 0.08341232227488152 0.09004739336492891
8 0.43459715639810426 0.2781990521327014 0.09004739336492891 0.0966824644549763
9 0.3706161137440758 0.2786729857819905 0.05687203791469194 0.06540284360189573
9 0.31516587677725116 0.2663507109004739 0.06350710900473934 0.07109004739336493
1 0.26872037914691943 0.2786729857819905 0.058767772511848344 0.05687203791469194
1 0.22701421800947869 0.4255924170616114 0.05402843601895735 0.02843601895734597
6 0.23933649289099526 0.3056872037914692 0.05971563981042654 0.05687203791469194
6 0.2132701421800948 0.3355450236966825 0.05781990521327014 0.05118483412322275
6 0.21184834123222748 0.409478672985782 0.054976303317535544 0.055924170616113746
6 0.2028436018957346 0.3739336492890995 0.05971563981042654 0.05308056872037915
8 0.8014218009478673 0.35971563981042654 0.08056872037914692 0.08720379146919431
8 0.7412322274881517 0.33127962085308055 0.08246445497630332 0.08909952606635071
9 0.6886255924170616 0.3052132701421801 0.06255924170616113 0.07109004739336493
9 0.6511848341232227 0.28720379146919434 0.043601895734597156 0.06824644549763033
8 0.45402843601895737 0.6706161137440758 0.08625592417061612 0.08530805687203792
9 0.3943127962085308 0.6663507109004739 0.05971563981042654 0.06255924170616113
9 0.34502369668246446 0.6691943127962086 0.058767772511848344 0.06350710900473934
1 0.2990521327014218 0.6625592417061611 0.05971563981042654 0.061611374407582936
6 0.26350710900473934 0.6464454976303318 0.055924170616113746 0.05118483412322275
6 0.24312796208530807 0.6222748815165877 0.05781990521327014 0.04928909952606635
7 0.5251184834123223 0.662085308056872 0.07393364928909953 0.07298578199052133
8 0.6781990521327014 0.5696682464454976 0.0976303317535545 0.16113744075829384
3 0.7497630331753554 0.5739336492890995 0.06635071090047394 0.06919431279620854
9 0.8241706161137441 0.5701421800947867 0.11374407582938388 0.13459715639810427
1 0.9104265402843602 0.5772511848341232 0.0966824644549763 0.10426540284360189
6 0.9639810426540284 0.6042654028436019 0.07203791469194312 0.1033175355450237
6 0.9829383886255925 0.6450236966824645 0.034123222748815164 0.1014218009478673