8 0.5767772511848341 0.18672985781990523 0.1023696682464455 0.09573459715639811
8 0.12985781990521328 0.2023696682464455 0.0985781990521327 0.08909952606635071
8 0.15402843601895735 0.13175355450236967 0.1023696682464455 0.09289099526066351
8 0.5639810426540285 0.11848341232227488 0.0985781990521327 0.09194312796208531
4 0.17819905213270143 0.08104265402843602 0.04075829383886256 0.046445497630331754
9 0.5554502369668246 0.061611374407582936 0.07962085308056872 0.06919431279620854
9 0.5341232227488152 0.025592417061611375 0.07677725118483412 0.05118483412322275
9 0.1924170616113744 0.034123222748815164 0.07772511848341232 0.06824644549763033
9 0.22606635071090048 0.013270142180094787 0.08625592417061612 0.026540284360189573
8 0.07962085308056872 0.790521327014218 0.0947867298578199 0.08625592417061612
8 0.3853080568720379 0.5682464454976304 0.08909952606635071 0.08625592417061612
8 0.3345971563981043 0.5199052132701422 0.08436018957345971 0.08436018957345971
8 0.054502369668246446 0.7156398104265402 0.0985781990521327 0.08436018957345971
9 0.036492890995260666 0.6578199052132702 0.07298578199052133 0.05308056872037915
9 0.030805687203791468 0.6109004739336493 0.061611374407582936 0.05023696682464455
9 0.2943127962085308 0.4791469194312796 0.054976303317535544 0.05781990521327014
9 0.25450236966824646 0.45876777251184836 0.05781990521327014 0.06350710900473934
1 0.21137440758293838 0.4369668246445498 0.05118483412322275 0.058767772511848344
1 0.025592417061611375 0.5630331753554503 0.05118483412322275 0.05687203791469194
6 0.03933649289099526 0.5127962085308057 0.05118483412322275 0.05402843601895735
6 0.16208530805687205 0.43838862559241704 0.054976303317535544 0.05023696682464455
6 0.10900473933649289 0.44644549763033176 0.05971563981042654 0.06066350710900474
6 0.06587677725118483 0.47393364928909953 0.054976303317535544 0.05402843601895735
8 0.7104265402843601 0.48530805687203793 0.07298578199052133 0.08909952606635071
8 0.7706161137440758 0.5090047393364929 0.07867298578199051 0.0966824644549763
9 0.8184834123222748 0.5265402843601896 0.05402843601895735 0.07582938388625593
9 0.861611374407583 0.524170616113744 0.05308056872037915 0.07488151658767772
1 0.904739336492891 0.5317535545023697 0.05687203791469194 0.06350710900473934
6 0.9483412322274881 0.5369668246445498 0.046445497630331754 0.05308056872037915
6 0.9748815165876777 0.5165876777251185 0.05023696682464455 0.06066350710900474
6 0.9914691943127962 0.4815165876777251 0.017061611374407582 0.07014218009478673