8 0.15071090047393365 0.3165876777251185 0.0966824644549763 0.0995260663507109
8 0.22274881516587677 0.2729857819905213 0.0995260663507109 0.0947867298578199
8 0.2933649289099526 0.6227488151658768 0.08625592417061612 0.05308056872037915
8 0.418957345971564 0.5483412322274882 0.09573459715639811 0.09004739336492891
9 0.45924170616113746 0.49715639810426543 0.06255924170616113 0.058767772511848344
9 0.476303317535545 0.44549763033175355 0.06255924170616113 0.05971563981042654
9 0.2919431279620853 0.25260663507109005 0.06066350710900474 0.06445497630331753
9 0.3464454976303318 0.262085308056872 0.06066350710900474 0.05971563981042654
1 0.3995260663507109 0.2729857819905213 0.05781990521327014 0.05971563981042654
1 0.5037914691943128 0.4042654028436019 0.06350710900473934 0.052132701421800945
6 0.44502369668246444 0.27535545023696684 0.061611374407582936 0.06066350710900474
6 0.4834123222748815 0.3800947867298578 0.06350710900473934 0.04928909952606635
6 0.4815165876777251 0.33886255924170616 0.06255924170616113 0.04928909952606635
6 0.46492890995260666 0.3090047393364929 0.058767772511848344 0.05023696682464455
2 0.7725118483412322 0.44786729857819907 0.05308056872037915 0.07393364928909953
8 0.7308056872037915 0.42322274881516586 0.04170616113744076 0.08056872037914692
1 0.39478672985781993 0.7402843601895734 0.08341232227488152 0.08909952606635071
6 0.34312796208530805 0.7872037914691943 0.07772511848341232 0.07867298578199051
6 0.26398104265402844 0.8232227488151659 0.09194312796208531 0.06540284360189573
6 0.17014218009478674 0.8255924170616113 0.0938388625592417 0.06350710900473934
6 0.09431279620853081 0.8028436018957346 0.06729857819905213 0.061611374407582936
1 0.05402843601895735 0.7459715639810427 0.08436018957345971 0.09004739336492891
8 0.8023696682464455 0.6748815165876777 0.07677725118483412 0.05118483412322275
8 0.8227488151658767 0.7350710900473933 0.08246445497630332 0.08151658767772511
9 0.833175355450237 0.7966824644549763 0.055924170616113746 0.052132701421800945
9 0.8478672985781991 0.842654028436019 0.05971563981042654 0.05781990521327014
1 0.8791469194312796 0.8786729857819905 0.04265402843601896 0.04265402843601896
6 0.9843601895734597 0.9033175355450237 0.031279620853080566 0.04549763033175355
6 0.9516587677725118 0.9042654028436019 0.037914691943127965 0.03981042654028436
6 0.9165876777251185 0.9004739336492891 0.043601895734597156 0.04739336492890995