8 0.22748815165876776 0.3345971563981043 0.08056872037914692 0.08151658767772511
8 0.16018957345971563 0.33744075829383885 0.08056872037914692 0.08151658767772511
9 0.1033175355450237 0.34170616113744073 0.05308056872037915 0.06350710900473934
9 0.06018957345971564 0.33838862559241706 0.05308056872037915 0.058767772511848344
1 0.02227488151658768 0.3360189573459716 0.04454976303317536 0.05402843601895735
6 0.004739336492890996 0.3241706161137441 0.009478672985781991 0.05118483412322275
8 0.5843601895734597 0.4663507109004739 0.07014218009478673 0.07772511848341232
8 0.6540284360189573 0.46919431279620855 0.08720379146919431 0.0938388625592417
9 0.7151658767772512 0.46492890995260666 0.06540284360189573 0.07867298578199051
9 0.7663507109004739 0.46966824644549765 0.05781990521327014 0.07867298578199051
1 0.8213270142180095 0.47962085308056873 0.06824644549763033 0.08341232227488152
6 0.8701421800947867 0.5042654028436019 0.07298578199052133 0.09004739336492891
6 0.9071090047393365 0.5345971563981042 0.07962085308056872 0.08530805687203792
9 0.3872037914691943 0.7540284360189573 0.05687203791469194 0.06066350710900474
9 0.3966824644549763 0.8009478672985783 0.052132701421800945 0.05118483412322275
1 0.418957345971564 0.8364928909952607 0.06255924170616113 0.06540284360189573
6 0.44075829383886256 0.8649289099526066 0.037914691943127965 0.061611374407582936
2 0.9464454976303317 0.9677725118483412 0.05971563981042654 0.06445497630331753
8 0.8981042654028436 0.9417061611374408 0.07488151658767772 0.08625592417061612
9 0.8488151658767773 0.9199052132701422 0.055924170616113746 0.06824644549763033
9 0.8023696682464455 0.9113744075829384 0.06445497630331753 0.07393364928909953
1 0.7497630331753554 0.9170616113744076 0.061611374407582936 0.07014218009478673
6 0.7066350710900474 0.8881516587677725 0.05781990521327014 0.05402843601895735
6 0.6682464454976303 0.919431279620853 0.07962085308056872 0.07014218009478673