8 0.33364928909952607 0.4710900473933649 0.0881516587677725 0.07677725118483412
8 0.31516587677725116 0.4090047393364929 0.0881516587677725 0.09004739336492891
9 0.011374407582938388 0.3791469194312796 0.022748815165876776 0.06445497630331753
9 0.2862559241706161 0.35592417061611376 0.06729857819905213 0.06350710900473934
9 0.25260663507109005 0.32132701421800947 0.061611374407582936 0.06350710900473934
1 0.015639810426540283 0.3232227488151659 0.031279620853080566 0.06066350710900474
1 0.21469194312796208 0.2834123222748815 0.054976303317535544 0.06350710900473934
6 0.16966824644549763 0.25734597156398104 0.04928909952606635 0.055924170616113746
6 0.12227488151658768 0.24976303317535545 0.055924170616113746 0.06919431279620854
6 0.07203791469194312 0.26066350710900477 0.05687203791469194 0.06635071090047394
6 0.03175355450236967 0.2862559241706161 0.058767772511848344 0.05687203791469194
8 0.9862559241706161 0.2966824644549763 0.027488151658767772 0.0966824644549763
9 0.9772511848341232 0.23601895734597156 0.04549763033175355 0.06824644549763033
9 0.9516587677725118 0.2009478672985782 0.07109004739336493 0.06540284360189573
1 0.9137440758293839 0.16113744075829384 0.06635071090047394 0.06445497630331753
3 0.861611374407583 0.13649289099526066 0.03886255924170616 0.043601895734597156
6 0.8037914691943128 0.12890995260663507 0.07582938388625593 0.06255924170616113
6 0.7355450236966825 0.14218009478672985 0.06919431279620854 0.061611374407582936
6 0.681042654028436 0.17109004739336492 0.05971563981042654 0.054976303317535544
1 0.647867298578199 0.22322274881516588 0.07488151658767772 0.07109004739336493
6 0.25687203791469193 0.5507109004739337 0.07582938388625593 0.022748815165876776
6 0.22464454976303316 0.5710900473933649 0.06445497630331753 0.06350710900473934
8 0.8625592417061612 0.8345971563981043 0.09004739336492891 0.08436018957345971
9 0.8398104265402844 0.895260663507109 0.06635071090047394 0.07109004739336493
9 0.8208530805687204 0.9436018957345972 0.06066350710900474 0.07582938388625593
8 0.5246445497630332 0.8350710900473933 0.08151658767772511 0.08530805687203792
9 0.5535545023696683 0.8919431279620853 0.06255924170616113 0.06350710900473934
9 0.5748815165876777 0.9407582938388626 0.06919431279620854 0.05781990521327014
1 0.6170616113744076 0.9725118483412323 0.05308056872037915 0.054976303317535544
1 0.7881516587677725 0.9706161137440759 0.04834123222748815 0.058767772511848344
6 0.7511848341232228 0.9819905213270143 0.03317535545023697 0.03601895734597156
6 0.6516587677725119 0.9862559241706161 0.03886255924170616 0.027488151658767772
0 0.7222748815165877 0.9909952606635071 0.02085308056872038 0.01800947867298578
0 0.6867298578199053 0.9886255924170616 0.021800947867298578 0.022748815165876776