8 0.318957345971564 0.0966824644549763 0.05781990521327014 0.06635071090047394
8 0.38388625592417064 0.11848341232227488 0.06540284360189573 0.06635071090047394
8 0.44644549763033176 0.12701421800947868 0.052132701421800945 0.06729857819905213
9 0.4995260663507109 0.13744075829383887 0.046445497630331754 0.05781990521327014
1 0.5488151658767773 0.13791469194312797 0.052132701421800945 0.07203791469194312
6 0.5701421800947867 0.13696682464454976 0.01800947867298578 0.05781990521327014
9 0.8004739336492891 0.12132701421800948 0.06540284360189573 0.05023696682464455
9 0.8037914691943128 0.08056872037914692 0.054976303317535544 0.05402843601895735
1 0.8327014218009479 0.05118483412322275 0.05308056872037915 0.05687203791469194
6 0.8890995260663507 0.006161137440758294 0.06066350710900474 0.012322274881516588
6 0.9507109004739337 0.006635071090047393 0.06635071090047394 0.013270142180094787
9 0.3227488151658768 0.776303317535545 0.06635071090047394 0.05023696682464455
1 0.34312796208530805 0.8180094786729858 0.05308056872037915 0.05023696682464455
8 0.5687203791469194 0.704265402843602 0.02085308056872038 0.043601895734597156
9 0.5639810426540285 0.7336492890995261 0.03033175355450237 0.05308056872037915
9 0.5549763033175356 0.7701421800947867 0.04834123222748815 0.055924170616113746
1 0.5369668246445498 0.8109004739336493 0.05118483412322275 0.054976303317535544
3 0.500473933649289 0.828909952606635 0.02843601895734597 0.031279620853080566
6 0.4597156398104265 0.8502369668246446 0.054976303317535544 0.05023696682464455
6 0.409478672985782 0.852132701421801 0.052132701421800945 0.04834123222748815
6 0.37156398104265403 0.8417061611374408 0.04265402843601896 0.04075829383886256
9 0.33222748815165876 0.7355450236966825 0.054976303317535544 0.05402843601895735
8 0.3113744075829384 0.7104265402843601 0.06350710900473934 0.06540284360189573
3 0.5867298578199052 0.8881516587677725 0.015165876777251185 0.04739336492890995
3 0.6222748815165877 0.8914691943127963 0.04075829383886256 0.03981042654028436
9 0.7398104265402844 0.9834123222748815 0.08056872037914692 0.03317535545023697
1 0.7222748815165877 0.9369668246445497 0.07962085308056872 0.09004739336492891
2 0.6706161137440758 0.909952606635071 0.04834123222748815 0.04928909952606635