1 0.34360189573459715 0.3175355450236967 0.052132701421800945 0.06445497630331753
9 0.3170616113744076 0.35450236966824644 0.06540284360189573 0.061611374407582936
8 0.6947867298578199 0.4374407582938389 0.08720379146919431 0.04454976303317536
9 0.819431279620853 0.4322274881516588 0.06729857819905213 0.054976303317535544
3 0.8597156398104265 0.44360189573459713 0.04549763033175355 0.03222748815165877
1 0.9199052132701422 0.4364928909952607 0.07109004739336493 0.046445497630331754
6 0.9616113744075829 0.44691943127962086 0.07298578199052133 0.025592417061611375
7 0.7559241706161137 0.44028436018957345 0.07109004739336493 0.03886255924170616
8 0.023222748815165877 0.8066350710900474 0.046445497630331754 0.1023696682464455
8 0.07251184834123223 0.8056872037914692 0.0985781990521327 0.10900473933649289
9 0.13554502369668248 0.8075829383886256 0.07772511848341232 0.08909952606635071
9 0.1848341232227488 0.8085308056872038 0.07867298578199051 0.08436018957345971
1 0.23364928909952606 0.8033175355450237 0.052132701421800945 0.05687203791469194
6 0.2786729857819905 0.818957345971564 0.05308056872037915 0.05308056872037915
6 0.30995260663507107 0.8545023696682464 0.06255924170616113 0.058767772511848344
8 0.4052132701421801 0.9151658767772511 0.07109004739336493 0.08436018957345971
8 0.44786729857819907 0.9440758293838862 0.07962085308056872 0.08530805687203792
8 0.6739336492890995 0.7341232227488151 0.07962085308056872 0.07867298578199051
8 0.6796208530805687 0.785781990521327 0.08056872037914692 0.07582938388625593
9 0.6838862559241706 0.8322274881516588 0.06445497630331753 0.058767772511848344
9 0.6853080568720379 0.8720379146919431 0.06255924170616113 0.05308056872037915
9 0.4876777251184834 0.9654028436018958 0.061611374407582936 0.06919431279620854
9 0.5218009478672986 0.9739336492890995 0.055924170616113746 0.052132701421800945
1 0.5649289099526066 0.9748815165876777 0.06255924170616113 0.05023696682464455
1 0.6772511848341233 0.9109004739336493 0.07203791469194312 0.05971563981042654
6 0.6042654028436019 0.9800947867298578 0.05023696682464455 0.03981042654028436
6 0.628436018957346 0.975829383886256 0.05687203791469194 0.04834123222748815
6 0.6511848341232227 0.9701421800947867 0.06445497630331753 0.05971563981042654
6 0.671563981042654 0.9478672985781991 0.06635071090047394 0.054976303317535544