1 0.15165876777251186 0.22464454976303316 0.054976303317535544 0.054976303317535544
9 0.12701421800947868 0.2677725118483412 0.05781990521327014 0.05308056872037915
8 0.43033175355450237 0.13838862559241707 0.07582938388625593 0.07677725118483412
8 0.704739336492891 0.15260663507109004 0.08151658767772511 0.08151658767772511
9 0.442654028436019 0.1943127962085308 0.05308056872037915 0.04549763033175355
9 0.6796208530805687 0.2080568720379147 0.058767772511848344 0.05118483412322275
9 0.45023696682464454 0.23601895734597156 0.05023696682464455 0.04739336492890995
1 0.476303317535545 0.26587677725118486 0.046445497630331754 0.05687203791469194
2 0.5037914691943128 0.2829383886255924 0.026540284360189573 0.04454976303317536
2 0.5327014218009478 0.2900473933649289 0.022748815165876776 0.03696682464454976
2 0.5649289099526066 0.2862559241706161 0.029383886255924172 0.043601895734597156
2 0.5938388625592417 0.2881516587677725 0.024644549763033177 0.04075829383886256
1 0.628436018957346 0.27488151658767773 0.04739336492890995 0.058767772511848344
8 0.027962085308056873 0.7156398104265402 0.055924170616113746 0.1061611374407583
8 0.01042654028436019 0.8109004739336493 0.02085308056872038 0.1014218009478673
8 0.4265402843601896 0.7848341232227488 0.12417061611374408 0.13649289099526066
9 0.9142180094786729 0.8928909952606635 0.11753554502369669 0.1023696682464455
8 0.47535545023696685 0.7203791469194313 0.08056872037914692 0.0881516587677725
9 0.5279620853080569 0.6834123222748815 0.08909952606635071 0.10426540284360189
9 0.5843601895734597 0.6417061611374407 0.0881516587677725 0.09194312796208531
9 0.9151658767772511 0.8123222748815165 0.11090047393364928 0.08151658767772511
1 0.9274881516587677 0.7398104265402844 0.0985781990521327 0.08625592417061612
1 0.6426540284360189 0.6165876777251185 0.06919431279620854 0.1052132701421801
6 0.7170616113744076 0.6061611374407583 0.07962085308056872 0.0938388625592417
6 0.7938388625592417 0.609478672985782 0.09573459715639811 0.1004739336492891
6 0.8644549763033176 0.6289099526066351 0.1004739336492891 0.1061611374407583
6 0.9023696682464455 0.690521327014218 0.08246445497630332 0.08436018957345971