3 0.13175355450236967 0.595260663507109 0.05308056872037915 0.058767772511848344
4 0.13886255924170615 0.533175355450237 0.05687203791469194 0.05687203791469194
9 0.14644549763033177 0.4710900473933649 0.08246445497630332 0.06729857819905213
9 0.16113744075829384 0.41800947867298577 0.09289099526066351 0.06635071090047394
1 0.1848341232227488 0.36587677725118484 0.07298578199052133 0.07488151658767772
6 0.2161137440758294 0.33127962085308055 0.05308056872037915 0.06066350710900474
6 0.2672985781990521 0.3161137440758294 0.06445497630331753 0.06729857819905213
6 0.328436018957346 0.30995260663507107 0.06066350710900474 0.07109004739336493
6 0.3815165876777251 0.32037914691943126 0.05118483412322275 0.06824644549763033
1 0.42274881516587676 0.35450236966824644 0.06066350710900474 0.07582938388625593
9 0.45402843601895737 0.3985781990521327 0.07488151658767772 0.07582938388625593
9 0.47345971563981043 0.44976303317535543 0.07962085308056872 0.07393364928909953
8 0.4924170616113744 0.5071090047393365 0.09194312796208531 0.08720379146919431
8 0.4928909952606635 0.5654028436018957 0.09194312796208531 0.08151658767772511
3 0.9777251184834124 0.3914691943127962 0.04454976303317536 0.054976303317535544
1 0.9327014218009478 0.409478672985782 0.07014218009478673 0.07109004739336493
9 0.9042654028436019 0.45402843601895737 0.06635071090047394 0.058767772511848344
9 0.8720379146919431 0.4876777251184834 0.07488151658767772 0.06445497630331753
9 0.209478672985782 0.9748815165876777 0.06445497630331753 0.05023696682464455
9 0.25308056872037915 0.9639810426540284 0.058767772511848344 0.06350710900473934
1 0.2933649289099526 0.9554502369668246 0.05118483412322275 0.055924170616113746
6 0.33317535545023697 0.9649289099526066 0.04834123222748815 0.04928909952606635
6 0.35687203791469196 0.9777251184834124 0.04834123222748815 0.04454976303317536
6 0.37725118483412323 0.9895734597156398 0.04928909952606635 0.02085308056872038
3 0.14123222748815165 0.9943127962085309 0.03981042654028436 0.011374407582938388