8 0.5317535545023697 0.3990521327014218 0.07393364928909953 0.08151658767772511
8 0.4872037914691943 0.34976303317535545 0.08151658767772511 0.08625592417061612
2 0.4161137440758294 0.27109004739336495 0.04075829383886256 0.04834123222748815
3 0.44407582938388623 0.3118483412322275 0.04170616113744076 0.04454976303317536
8 0.16966824644549763 0.4194312796208531 0.08151658767772511 0.04075829383886256
9 0.16398104265402844 0.37819905213270144 0.07582938388625593 0.052132701421800945
9 0.1734597156398104 0.33080568720379144 0.08530805687203792 0.05687203791469194
1 0.1881516587677725 0.2886255924170616 0.06729857819905213 0.05687203791469194
6 0.1971563981042654 0.24170616113744076 0.06255924170616113 0.05308056872037915
6 0.23554502369668245 0.2241706161137441 0.06540284360189573 0.06445497630331753
6 0.290521327014218 0.2018957345971564 0.05781990521327014 0.07014218009478673
6 0.33886255924170616 0.2052132701421801 0.04928909952606635 0.06729857819905213
1 0.37867298578199055 0.23412322274881517 0.05118483412322275 0.05971563981042654
9 0.6549763033175355 0.2829383886255924 0.05118483412322275 0.07867298578199051
3 0.2772511848341232 0.7033175355450237 0.03886255924170616 0.034123222748815164
8 0.22843601895734597 0.656872037914692 0.07298578199052133 0.06729857819905213
3 0.262085308056872 0.6848341232227488 0.03601895734597156 0.02843601895734597
8 0.7511848341232228 0.7331753554502369 0.0881516587677725 0.07393364928909953
8 0.762085308056872 0.8061611374407583 0.08151658767772511 0.08056872037914692
9 0.7781990521327015 0.8687203791469195 0.05971563981042654 0.06066350710900474
9 0.7805687203791469 0.923696682464455 0.058767772511848344 0.054976303317535544
1 0.7649289099526067 0.9725118483412323 0.054976303317535544 0.054976303317535544
6 0.7360189573459716 0.9886255924170616 0.04265402843601896 0.022748815165876776