8 0.4492890995260663 0.22085308056872038 0.1052132701421801 0.1023696682464455
2 0.0971563981042654 0.32085308056872036 0.08530805687203792 0.08530805687203792
8 0.4317535545023697 0.3014218009478673 0.10710900473933649 0.10900473933649289
9 0.4090047393364929 0.3639810426540284 0.07393364928909953 0.07298578199052133
9 0.38293838862559243 0.414218009478673 0.07109004739336493 0.07393364928909953
1 0.35639810426540286 0.46350710900473935 0.06255924170616113 0.06824644549763033
9 0.11895734597156397 0.37203791469194314 0.06635071090047394 0.06635071090047394
9 0.13933649289099526 0.42227488151658765 0.06729857819905213 0.06824644549763033
6 0.31516587677725116 0.4848341232227488 0.05781990521327014 0.05687203791469194
6 0.2791469194312796 0.5 0.05023696682464455 0.054976303317535544
6 0.24218009478672986 0.4985781990521327 0.046445497630331754 0.04928909952606635
6 0.2037914691943128 0.4876777251184834 0.055924170616113746 0.05781990521327014
1 0.17203791469194313 0.4658767772511848 0.06350710900473934 0.06350710900473934
7 0.07109004739336493 0.24834123222748816 0.07962085308056872 0.08056872037914692
8 0.866824644549763 0.25734597156398104 0.0881516587677725 0.08625592417061612
8 0.9322274881516588 0.2616113744075829 0.07582938388625593 0.08056872037914692
9 0.9777251184834124 0.2677725118483412 0.04454976303317536 0.06729857819905213
4 0.7805687203791469 0.7009478672985782 0.04454976303317536 0.023696682464454975
4 0.7928909952606635 0.7417061611374408 0.04739336492890995 0.05118483412322275
3 0.8042654028436019 0.7962085308056872 0.04170616113744076 0.05118483412322275
4 0.8004739336492891 0.8654028436018958 0.05308056872037915 0.054976303317535544