9 0.3085308056872038 0.26540284360189575 0.021800947867298578 0.08341232227488152
9 0.2886255924170616 0.24407582938388625 0.061611374407582936 0.08246445497630332
1 0.24312796208530807 0.22511848341232227 0.07393364928909953 0.07488151658767772
6 0.1843601895734597 0.22180094786729856 0.05971563981042654 0.05118483412322275
6 0.14834123222748816 0.24170616113744076 0.09004739336492891 0.08151658767772511
8 0.45071090047393364 0.27535545023696684 0.0909952606635071 0.09004739336492891
3 0.43364928909952605 0.3407582938388626 0.05687203791469194 0.058767772511848344
9 0.4364928909952607 0.4052132701421801 0.06350710900473934 0.06255924170616113
8 0.7445497630331753 0.4374407582938389 0.07677725118483412 0.07772511848341232
8 0.6966824644549763 0.4848341232227488 0.08720379146919431 0.08720379146919431
9 0.6540284360189573 0.5165876777251185 0.06255924170616113 0.04549763033175355
2 0.4658767772511848 0.5203791469194313 0.04265402843601896 0.037914691943127965
1 0.42985781990521327 0.4995260663507109 0.05687203791469194 0.06350710900473934
9 0.44123222748815166 0.45118483412322274 0.061611374407582936 0.06255924170616113
9 0.2890995260663507 0.571563981042654 0.06066350710900474 0.06445497630331753
9 0.24312796208530807 0.5658767772511848 0.06919431279620854 0.05308056872037915
1 0.19478672985781992 0.5597156398104265 0.07298578199052133 0.04075829383886256
6 0.14218009478672985 0.5592417061611374 0.07582938388625593 0.03981042654028436
6 0.1009478672985782 0.5767772511848341 0.09573459715639811 0.07488151658767772
2 0.6175355450236967 0.7199052132701422 0.07393364928909953 0.08151658767772511
8 0.566350710900474 0.681042654028436 0.09194312796208531 0.0976303317535545
9 0.518957345971564 0.6507109004739337 0.06635071090047394 0.07677725118483412
9 0.4758293838862559 0.6364928909952606 0.06350710900473934 0.07677725118483412
1 0.43033175355450237 0.6165876777251185 0.06635071090047394 0.07014218009478673
6 0.3819905213270142 0.6099526066350711 0.07298578199052133 0.07582938388625593
6 0.34881516587677724 0.6222748815165877 0.058767772511848344 0.08436018957345971