8 0.27440758293838863 0.25781990521327014 0.10426540284360189 0.0995260663507109
9 0.418957345971564 0.22606635071090048 0.06540284360189573 0.07867298578199051
9 0.45592417061611373 0.22180094786729856 0.026540284360189573 0.07393364928909953
7 0.3582938388625592 0.25165876777251184 0.08909952606635071 0.06729857819905213
8 0.4838862559241706 0.25734597156398104 0.029383886255924172 0.1052132701421801
9 0.4829383886255924 0.1985781990521327 0.027488151658767772 0.07867298578199051
9 0.495260663507109 0.15308056872037915 0.052132701421800945 0.07867298578199051
8 0.7781990521327015 0.26303317535545023 0.0985781990521327 0.0938388625592417
9 0.7611374407582938 0.2052132701421801 0.08720379146919431 0.07203791469194312
9 0.7440758293838863 0.16113744075829384 0.08341232227488152 0.07488151658767772
5 0.5232227488151658 0.13033175355450238 0.04928909952606635 0.05308056872037915
4 0.5938388625592417 0.09573459715639811 0.03981042654028436 0.04170616113744076
3 0.6440758293838863 0.0981042654028436 0.03696682464454976 0.031279620853080566
4 0.7080568720379147 0.14739336492890995 0.03981042654028436 0.03601895734597156
8 0.02132701421800948 0.6748815165876777 0.04265402843601896 0.0909952606635071
3 0.022748815165876776 0.74739336492891 0.04549763033175355 0.052132701421800945
3 0.046445497630331754 0.8317535545023697 0.055924170616113746 0.05118483412322275
9 0.3018957345971564 0.8734597156398104 0.06540284360189573 0.06255924170616113
9 0.27014218009478674 0.909952606635071 0.055924170616113746 0.05971563981042654
1 0.22654028436018958 0.9383886255924171 0.061611374407582936 0.08151658767772511
6 0.190521327014218 0.9578199052132701 0.04075829383886256 0.03981042654028436
6 0.16018957345971563 0.9549763033175356 0.04928909952606635 0.04739336492890995
6 0.12464454976303317 0.942654028436019 0.04739336492890995 0.05023696682464455
6 0.1018957345971564 0.933649289099526 0.05781990521327014 0.052132701421800945
1 0.06919431279620854 0.8995260663507109 0.06350710900473934 0.07488151658767772
8 0.5066350710900474 0.8222748815165877 0.07488151658767772 0.08436018957345971
8 0.5867298578199052 0.828436018957346 0.1004739336492891 0.0976303317535545
9 0.6644549763033175 0.8341232227488151 0.06824644549763033 0.07393364928909953
9 0.7151658767772512 0.8279620853080568 0.061611374407582936 0.07109004739336493
1 0.7502369668246446 0.7985781990521327 0.07488151658767772 0.07298578199052133
6 0.771090047393365 0.761611374407583 0.06255924170616113 0.052132701421800945
6 0.7890995260663507 0.7312796208530805 0.06540284360189573 0.054976303317535544
6 0.8085308056872038 0.7611374407582938 0.05402843601895735 0.03981042654028436