2 0.42227488151658765 0.4208530805687204 0.08341232227488152 0.08720379146919431
8 0.35545023696682465 0.4545023696682464 0.08909952606635071 0.0985781990521327
9 0.2947867298578199 0.4786729857819905 0.06350710900473934 0.07962085308056872
9 0.23933649289099526 0.495260663507109 0.06729857819905213 0.07867298578199051
1 0.1848341232227488 0.5080568720379147 0.06350710900473934 0.06635071090047394
6 0.13981042654028436 0.49715639810426543 0.052132701421800945 0.055924170616113746
6 0.10758293838862559 0.4819905213270142 0.04834123222748815 0.05118483412322275
6 0.08151658767772511 0.45165876777251185 0.05308056872037915 0.043601895734597156
6 0.07298578199052133 0.4146919431279621 0.05402843601895735 0.05023696682464455
9 0.581042654028436 0.023696682464454975 0.05687203791469194 0.04739336492890995
1 0.6246445497630332 0.046445497630331754 0.06350710900473934 0.06066350710900474
6 0.64739336492891 0.07488151658767772 0.058767772511848344 0.05402843601895735
6 0.656872037914692 0.11895734597156397 0.05402843601895735 0.04834123222748815
6 0.6559241706161137 0.15213270142180094 0.06066350710900474 0.055924170616113746
6 0.6374407582938388 0.1900473933649289 0.05781990521327014 0.05781990521327014
1 0.6042654028436019 0.21421800947867298 0.05971563981042654 0.06350710900473934
9 0.5592417061611374 0.23270142180094786 0.05023696682464455 0.05402843601895735
9 0.5184834123222749 0.24976303317535545 0.037914691943127965 0.05781990521327014
8 0.15213270142180094 0.909478672985782 0.08720379146919431 0.08341232227488152
8 0.17440758293838862 0.9696682464454977 0.08341232227488152 0.06066350710900474
8 0.671090047393365 0.9829383886255925 0.08720379146919431 0.034123222748815164
6 0.9379146919431279 0.9838862559241706 0.05781990521327014 0.03222748815165877