8 0.4976303317535545 0.37772511848341234 0.0938388625592417 0.08909952606635071
8 0.43364928909952605 0.4255924170616114 0.08720379146919431 0.08436018957345971
9 0.3739336492890995 0.45023696682464454 0.05971563981042654 0.06635071090047394
9 0.32559241706161135 0.46729857819905213 0.06066350710900474 0.06635071090047394
1 0.27488151658767773 0.48104265402843605 0.06919431279620854 0.07582938388625593
6 0.22606635071090048 0.4838862559241706 0.06919431279620854 0.06729857819905213
6 0.19478672985781992 0.4729857819905213 0.06350710900473934 0.06255924170616113
6 0.16872037914691942 0.4488151658767773 0.06635071090047394 0.06350710900473934
8 0.819431279620853 0.14265402843601896 0.07298578199052133 0.06540284360189573
8 0.8601895734597157 0.1791469194312796 0.0938388625592417 0.0938388625592417
9 0.9009478672985782 0.2132701421800948 0.07298578199052133 0.06350710900473934
9 0.9255924170616113 0.24786729857819906 0.06540284360189573 0.06066350710900474
1 0.9654028436018958 0.26255924170616113 0.06350710900473934 0.06255924170616113
6 0.9872037914691943 0.2611374407582938 0.025592417061611375 0.052132701421800945
8 0.13791469194312797 0.8056872037914692 0.0985781990521327 0.0976303317535545
8 0.42417061611374407 0.8753554502369668 0.1033175355450237 0.1061611374407583
9 0.3876777251184834 0.9218009478672986 0.07298578199052133 0.07582938388625593
9 0.35687203791469196 0.9554502369668246 0.07488151658767772 0.07488151658767772
9 0.14502369668246445 0.8644549763033176 0.07488151658767772 0.06445497630331753
9 0.15308056872037915 0.9113744075829384 0.07488151658767772 0.06255924170616113
1 0.31990521327014215 0.975829383886256 0.05781990521327014 0.04834123222748815
1 0.16966824644549763 0.9578199052132701 0.06445497630331753 0.06350710900473934
6 0.2848341232227488 0.9834123222748815 0.04454976303317536 0.03317535545023697
6 0.25260663507109005 0.9867298578199052 0.04454976303317536 0.026540284360189573
6 0.22464454976303316 0.9848341232227488 0.04739336492890995 0.03033175355450237
6 0.1962085308056872 0.9753554502369668 0.05687203791469194 0.04928909952606635
3 0.885308056872038 0.9601895734597157 0.06350710900473934 0.06445497630331753
3 0.9298578199052133 0.9104265402843602 0.05023696682464455 0.054976303317535544
9 0.9701421800947867 0.885781990521327 0.05971563981042654 0.09573459715639811