9 0.26445497630331755 0.2720379146919431 0.08341232227488152 0.07772511848341232
9 0.5104265402843602 0.2104265402843602 0.01800947867298578 0.07014218009478673
9 0.3061611374407583 0.2976303317535545 0.08720379146919431 0.07393364928909953
1 0.3407582938388626 0.33175355450236965 0.07393364928909953 0.07488151658767772
6 0.3876777251184834 0.35260663507109 0.06350710900473934 0.061611374407582936
6 0.5071090047393365 0.3004739336492891 0.024644549763033177 0.058767772511848344
6 0.4881516587677725 0.3355450236966825 0.06255924170616113 0.07393364928909953
6 0.4364928909952607 0.35402843601895734 0.07203791469194312 0.07203791469194312
9 0.7682464454976303 0.33080568720379144 0.07203791469194312 0.06350710900473934
9 0.7966824644549763 0.36492890995260663 0.07393364928909953 0.06919431279620854
1 0.8246445497630331 0.4042654028436019 0.06540284360189573 0.06635071090047394
6 0.9838862559241706 0.3962085308056872 0.03222748815165877 0.07014218009478673
6 0.9578199052132701 0.4203791469194313 0.07298578199052133 0.06824644549763033
6 0.9018957345971564 0.43317535545023694 0.07488151658767772 0.07014218009478673
6 0.8530805687203792 0.4308056872037915 0.06445497630331753 0.06445497630331753
1 0.15687203791469195 0.6203791469194313 0.1014218009478673 0.04075829383886256
1 0.38293838862559243 0.6213270142180095 0.07772511848341232 0.04265402843601896
6 0.33981042654028437 0.6350710900473934 0.07298578199052133 0.07014218009478673
6 0.290521327014218 0.6445497630331753 0.07677725118483412 0.0881516587677725
6 0.24123222748815165 0.6464454976303318 0.06919431279620854 0.07393364928909953
6 0.1909952606635071 0.637914691943128 0.07488151658767772 0.07582938388625593
3 0.8957345971563981 0.8535545023696682 0.054976303317535544 0.05971563981042654
8 0.9483412322274881 0.8180094786729858 0.08151658767772511 0.08909952606635071
9 0.981042654028436 0.7886255924170616 0.037914691943127965 0.07393364928909953