8 0.352132701421801 0.1791469194312796 0.1061611374407583 0.0966824644549763
8 0.3639810426540284 0.104739336492891 0.1061611374407583 0.0995260663507109
9 0.3796208530805687 0.04265402843601896 0.08246445497630332 0.06445497630331753
9 0.37867298578199055 0.012322274881516588 0.08436018957345971 0.024644549763033177
8 0.7317535545023697 0.24502369668246446 0.07109004739336493 0.06919431279620854
8 0.7113744075829384 0.2938388625592417 0.07014218009478673 0.07014218009478673
9 0.6947867298578199 0.34502369668246446 0.06729857819905213 0.06635071090047394
9 0.6829383886255924 0.3881516587677725 0.06729857819905213 0.04265402843601896
8 0.5985781990521327 0.7843601895734598 0.04265402843601896 0.09194312796208531
8 0.23886255924170616 0.6530805687203791 0.08909952606635071 0.08530805687203792
8 0.24028436018957347 0.7274881516587678 0.08530805687203792 0.08246445497630332
8 0.5748815165876777 0.8492890995260663 0.09004739336492891 0.08909952606635071
9 0.24123222748815165 0.7848341232227488 0.06729857819905213 0.06255924170616113
9 0.24644549763033174 0.8374407582938389 0.061611374407582936 0.055924170616113746
9 0.5327014218009478 0.904739336492891 0.06445497630331753 0.07109004739336493
9 0.495260663507109 0.9440758293838862 0.05781990521327014 0.05971563981042654
1 0.44407582938388623 0.9644549763033176 0.06729857819905213 0.07109004739336493
1 0.262085308056872 0.8919431279620853 0.06729857819905213 0.06729857819905213
6 0.3957345971563981 0.9739336492890995 0.054976303317535544 0.04928909952606635
6 0.35687203791469196 0.9625592417061611 0.05308056872037915 0.05023696682464455
6 0.31990521327014215 0.9473933649289099 0.05118483412322275 0.05402843601895735
6 0.2848341232227488 0.9303317535545024 0.05118483412322275 0.046445497630331754
1 0.9781990521327014 0.7317535545023697 0.043601895734597156 0.09289099526066351
6 0.942654028436019 0.7398104265402844 0.09289099526066351 0.08151658767772511
6 0.890521327014218 0.762085308056872 0.11658767772511848 0.0976303317535545