9 0.013744075829383886 0.27582938388625594 0.027488151658767772 0.06635071090047394
0 0.2127962085308057 0.5345971563981042 0.06255924170616113 0.05781990521327014
9 0.24028436018957347 0.47440758293838864 0.07772511848341232 0.06729857819905213
9 0.24786729857819906 0.4184834123222749 0.07014218009478673 0.06350710900473934
1 0.04454976303317536 0.25876777251184835 0.07203791469194312 0.08151658767772511
1 0.2563981042654028 0.36255924170616116 0.061611374407582936 0.06824644549763033
6 0.23412322274881517 0.3137440758293839 0.06540284360189573 0.06445497630331753
6 0.2042654028436019 0.27677725118483415 0.06540284360189573 0.07393364928909953
6 0.15450236966824646 0.25213270142180094 0.06824644549763033 0.07014218009478673
6 0.1 0.24644549763033174 0.07014218009478673 0.07393364928909953
2 0.8563981042654029 0.15260663507109004 0.058767772511848344 0.06066350710900474
1 0.9374407582938389 0.08862559241706161 0.055924170616113746 0.06445497630331753
6 0.9706161137440759 0.07819905213270142 0.052132701421800945 0.061611374407582936
6 0.9895734597156398 0.0881516587677725 0.02085308056872038 0.06824644549763033
8 0.5488151658767773 0.6175355450236967 0.06066350710900474 0.07677725118483412
8 0.4962085308056872 0.6180094786729858 0.08436018957345971 0.07772511848341232
9 0.44028436018957345 0.609478672985782 0.061611374407582936 0.06066350710900474
9 0.395260663507109 0.6037914691943128 0.06445497630331753 0.04928909952606635
1 0.34549763033175357 0.5995260663507109 0.06540284360189573 0.04075829383886256
8 0.5962085308056873 0.7691943127962085 0.034123222748815164 0.14123222748815165
8 0.9511848341232227 0.6578199052132702 0.0976303317535545 0.13080568720379146
8 0.9251184834123223 0.761611374407583 0.12511848341232226 0.12890995260663507
9 0.8938388625592417 0.8360189573459715 0.08625592417061612 0.08056872037914692
9 0.8568720379146919 0.8843601895734597 0.08436018957345971 0.08341232227488152
1 0.8227488151658767 0.9241706161137441 0.08246445497630332 0.08909952606635071
6 0.7815165876777251 0.943127962085308 0.06350710900473934 0.07867298578199051
6 0.7412322274881517 0.9469194312796209 0.06729857819905213 0.07677725118483412
9 0.6052132701421801 0.8398104265402844 0.052132701421800945 0.08909952606635071