4 0.11800947867298578 0.1843601895734597 0.043601895734597156 0.046445497630331754
8 0.17156398104265402 0.21706161137440758 0.08625592417061612 0.07962085308056872
9 0.23317535545023696 0.23744075829383887 0.06445497630331753 0.07203791469194312
9 0.2829383886255924 0.2611374407582938 0.061611374407582936 0.07298578199052133
1 0.33317535545023697 0.27488151658767773 0.055924170616113746 0.04928909952606635
6 0.381042654028436 0.26919431279620853 0.05308056872037915 0.04928909952606635
6 0.41232227488151657 0.25213270142180094 0.04834123222748815 0.05023696682464455
8 0.6919431279620853 0.26540284360189575 0.06824644549763033 0.06824644549763033
8 0.6672985781990521 0.2800947867298578 0.03601895734597156 0.03886255924170616
3 0.12037914691943127 0.6990521327014217 0.04075829383886256 0.03696682464454976
8 0.08293838862559241 0.6431279620853081 0.07772511848341232 0.07203791469194312
3 0.109478672985782 0.6781990521327014 0.037914691943127965 0.031279620853080566
8 0.8582938388625593 0.5293838862559241 0.0976303317535545 0.1014218009478673
9 0.8071090047393364 0.5587677725118484 0.06919431279620854 0.07298578199052133
9 0.7658767772511849 0.5786729857819906 0.07203791469194312 0.07109004739336493
1 0.7218009478672985 0.5909952606635072 0.054976303317535544 0.06066350710900474
6 0.6848341232227488 0.5867298578199052 0.04170616113744076 0.05118483412322275
6 0.6616113744075829 0.5800947867298578 0.024644549763033177 0.04928909952606635