8 0.45023696682464454 0.35450236966824644 0.07677725118483412 0.08151658767772511
8 0.385781990521327 0.33744075829383885 0.05781990521327014 0.06824644549763033
9 0.32796208530805687 0.33175355450236965 0.05308056872037915 0.07014218009478673
1 0.2800947867298578 0.3298578199052133 0.06445497630331753 0.07203791469194312
6 0.22606635071090048 0.3293838862559242 0.052132701421800945 0.05402843601895735
6 0.18909952606635072 0.3587677725118483 0.07867298578199051 0.05971563981042654
3 0.8118483412322275 0.25971563981042656 0.04928909952606635 0.04928909952606635
8 0.7995260663507109 0.3578199052132701 0.0909952606635071 0.0881516587677725
9 0.7862559241706161 0.4218009478672986 0.06255924170616113 0.06255924170616113
9 0.7687203791469195 0.46492890995260666 0.058767772511848344 0.06445497630331753
1 0.7431279620853081 0.5037914691943128 0.05402843601895735 0.07014218009478673
6 0.7090047393364929 0.5341232227488152 0.04454976303317536 0.06540284360189573
6 0.6696682464454976 0.543127962085308 0.04265402843601896 0.06445497630331753
6 0.6345971563981042 0.5563981042654028 0.04075829383886256 0.06066350710900474
6 0.6066350710900474 0.5440758293838862 0.04928909952606635 0.06350710900473934
1 0.5848341232227489 0.5279620853080569 0.011374407582938388 0.06824644549763033
8 0.16919431279620853 0.8924170616113745 0.07582938388625593 0.07867298578199051
8 0.23601895734597156 0.8848341232227488 0.07298578199052133 0.08151658767772511
9 0.2933649289099526 0.8786729857819905 0.05308056872037915 0.07109004739336493
9 0.34407582938388626 0.8677725118483413 0.054976303317535544 0.07298578199052133
1 0.3976303317535545 0.8559241706161137 0.061611374407582936 0.06540284360189573
6 0.44028436018957345 0.8706161137440759 0.05687203791469194 0.05687203791469194