8 0.48530805687203793 0.43459715639810426 0.09004739336492891 0.1004739336492891
8 0.4165876777251185 0.4364928909952607 0.09004739336492891 0.0947867298578199
9 0.35639810426540286 0.44075829383886256 0.058767772511848344 0.08341232227488152
3 0.3170616113744076 0.4312796208530806 0.04075829383886256 0.04265402843601896
1 0.26398104265402844 0.4270142180094787 0.06919431279620854 0.07203791469194312
6 0.22037914691943128 0.4085308056872038 0.06635071090047394 0.06255924170616113
6 0.1848341232227488 0.37109004739336493 0.07962085308056872 0.07393364928909953
9 0.6649289099526067 0.3587677725118483 0.058767772511848344 0.07298578199052133
9 0.7056872037914692 0.37109004739336493 0.052132701421800945 0.06540284360189573
1 0.7464454976303317 0.3819905213270142 0.052132701421800945 0.054976303317535544
6 0.7781990521327015 0.3696682464454976 0.055924170616113746 0.04549763033175355
6 0.8042654028436019 0.35450236966824644 0.05971563981042654 0.046445497630331754
6 0.819431279620853 0.3241706161137441 0.05687203791469194 0.046445497630331754
6 0.8303317535545024 0.3009478672985782 0.055924170616113746 0.043601895734597156
2 0.11279620853080569 0.7028436018957346 0.07203791469194312 0.09004739336492891
8 0.18578199052132702 0.7023696682464455 0.09004739336492891 0.0909952606635071
9 0.24739336492890995 0.704265402843602 0.06255924170616113 0.08056872037914692
9 0.2966824644549763 0.7028436018957346 0.061611374407582936 0.07393364928909953
1 0.35260663507109 0.7099526066350711 0.07488151658767772 0.07772511848341232
6 0.39478672985781993 0.7341232227488151 0.06919431279620854 0.061611374407582936
6 0.4317535545023697 0.7582938388625592 0.0995260663507109 0.07677725118483412
9 0.9800947867298578 0.5867298578199052 0.03981042654028436 0.07393364928909953
9 0.9497630331753555 0.5791469194312796 0.07203791469194312 0.058767772511848344
1 0.8976303317535546 0.5710900473933649 0.07772511848341232 0.04265402843601896