8 0.4483412322274882 0.02985781990521327 0.07203791469194312 0.05971563981042654
8 0.4919431279620853 0.04691943127962085 0.07582938388625593 0.06729857819905213
9 0.5303317535545023 0.07393364928909953 0.06635071090047394 0.06350710900473934
9 0.5696682464454976 0.1014218009478673 0.07582938388625593 0.06635071090047394
8 0.35402843601895734 0.36066350710900474 0.07393364928909953 0.07677725118483412
8 0.4194312796208531 0.35355450236966823 0.07677725118483412 0.07772511848341232
9 0.47440758293838864 0.34502369668246446 0.05781990521327014 0.06540284360189573
9 0.5203791469194313 0.33127962085308055 0.06445497630331753 0.06729857819905213
1 0.6009478672985782 0.12890995260663507 0.07772511848341232 0.06445497630331753
1 0.5658767772511848 0.3056872037914692 0.07109004739336493 0.06919431279620854
6 0.6123222748815166 0.17772511848341233 0.054976303317535544 0.052132701421800945
6 0.6118483412322275 0.24407582938388625 0.055924170616113746 0.04834123222748815
6 0.5985781990521327 0.271563981042654 0.05402843601895735 0.055924170616113746
6 0.6184834123222749 0.2104265402843602 0.04265402843601896 0.04928909952606635
9 0.8056872037914692 0.08246445497630332 0.05402843601895735 0.05023696682464455
9 0.7848341232227488 0.05308056872037915 0.05781990521327014 0.05308056872037915
8 0.8199052132701422 0.12085308056872038 0.07393364928909953 0.06824644549763033
8 0.8369668246445497 0.16350710900473933 0.07109004739336493 0.06445497630331753
1 0.7573459715639811 0.025118483412322274 0.06255924170616113 0.05023696682464455
6 0.6872037914691943 0.009478672985781991 0.06635071090047394 0.018957345971563982
6 0.7317535545023697 0.012322274881516588 0.06066350710900474 0.024644549763033177
8 0.13791469194312797 0.7729857819905214 0.07203791469194312 0.07014218009478673
8 0.15545023696682464 0.7180094786729858 0.07867298578199051 0.07867298578199051
9 0.17582938388625594 0.671090047393365 0.06066350710900474 0.07014218009478673
9 0.1938388625592417 0.6170616113744076 0.06066350710900474 0.06445497630331753
0 0.4881516587677725 0.7805687203791469 0.06066350710900474 0.054976303317535544
9 0.4924170616113744 0.7146919431279621 0.07488151658767772 0.06445497630331753
9 0.4791469194312796 0.6597156398104266 0.06824644549763033 0.06066350710900474
1 0.23222748815165878 0.5838862559241706 0.06919431279620854 0.07962085308056872
1 0.46729857819905213 0.604739336492891 0.058767772511848344 0.06635071090047394
6 0.42890995260663506 0.566824644549763 0.06255924170616113 0.061611374407582936
6 0.3876777251184834 0.543127962085308 0.06255924170616113 0.07203791469194312
6 0.33222748815165876 0.5383886255924171 0.06540284360189573 0.06824644549763033
6 0.2791469194312796 0.5521327014218009 0.06729857819905213 0.07203791469194312
8 0.6919431279620853 0.6393364928909953 0.07109004739336493 0.052132701421800945
9 0.685781990521327 0.6706161137440758 0.06635071090047394 0.06066350710900474
9 0.6763033175355451 0.7085308056872038 0.07203791469194312 0.06445497630331753
1 0.6630331753554503 0.7530805687203791 0.046445497630331754 0.061611374407582936