3 0.25971563981042656 0.12748815165876778 0.018957345971563982 0.052132701421800945
9 0.24123222748815165 0.17535545023696683 0.055924170616113746 0.06635071090047394
9 0.010900473933649289 0.13554502369668248 0.021800947867298578 0.05118483412322275
1 0.02227488151658768 0.18341232227488152 0.04454976303317536 0.04834123222748815
1 0.2066350710900474 0.2018957345971564 0.04739336492890995 0.05118483412322275
6 0.16872037914691942 0.22511848341232227 0.046445497630331754 0.05308056872037915
6 0.13270142180094788 0.23317535545023696 0.04739336492890995 0.054976303317535544
6 0.09194312796208531 0.22701421800947869 0.05118483412322275 0.05308056872037915
6 0.04928909952606635 0.21516587677725119 0.058767772511848344 0.05781990521327014
8 0.8369668246445497 0.034123222748815164 0.07772511848341232 0.06824644549763033
8 0.8161137440758294 0.0909952606635071 0.08909952606635071 0.08720379146919431
9 0.7933649289099526 0.14123222748815165 0.07772511848341232 0.07298578199052133
9 0.7639810426540284 0.18246445497630331 0.07962085308056872 0.08436018957345971
1 0.7213270142180095 0.22227488151658767 0.08056872037914692 0.0985781990521327
6 0.6682464454976303 0.24407582938388625 0.06445497630331753 0.09194312796208531
6 0.6090047393364929 0.24597156398104264 0.08151658767772511 0.0985781990521327
6 0.5459715639810426 0.23364928909952606 0.08151658767772511 0.0995260663507109
6 0.5052132701421801 0.2132701421800948 0.07962085308056872 0.0966824644549763
1 0.46492890995260666 0.17393364928909952 0.08909952606635071 0.0966824644549763
6 0.00900473933649289 0.6175355450236967 0.01800947867298578 0.04834123222748815
4 0.624170616113744 0.7445497630331753 0.05118483412322275 0.04739336492890995
8 0.5445497630331754 0.75260663507109 0.08530805687203792 0.0947867298578199
9 0.48056872037914694 0.7578199052132701 0.06350710900473934 0.07298578199052133
9 0.42985781990521327 0.7549763033175355 0.06066350710900474 0.07014218009478673
1 0.37819905213270144 0.7454976303317535 0.06824644549763033 0.07203791469194312
6 0.33080568720379144 0.7213270142180095 0.07393364928909953 0.06919431279620854
6 0.3052132701421801 0.6914691943127962 0.07203791469194312 0.07488151658767772