3 0.2981042654028436 0.052132701421800945 0.04928909952606635 0.05781990521327014
8 0.24312796208530807 0.12796208530805686 0.0938388625592417 0.0995260663507109
9 0.2052132701421801 0.1848341232227488 0.06540284360189573 0.06729857819905213
1 0.16113744075829384 0.22464454976303316 0.06350710900473934 0.06066350710900474
6 0.12180094786729857 0.24407582938388625 0.055924170616113746 0.058767772511848344
6 0.07677725118483412 0.24502369668246446 0.054976303317535544 0.05971563981042654
6 0.03222748815165877 0.23459715639810427 0.054976303317535544 0.05687203791469194
6 0.016587677725118485 0.2099526066350711 0.03317535545023697 0.055924170616113746
4 0.6919431279620853 0.4654028436018957 0.04170616113744076 0.04075829383886256
8 0.6426540284360189 0.437914691943128 0.06635071090047394 0.08720379146919431
8 0.3796208530805687 0.7890995260663507 0.08151658767772511 0.09289099526066351
8 0.3298578199052133 0.7582938388625592 0.08720379146919431 0.10426540284360189
9 0.2848341232227488 0.7293838862559242 0.058767772511848344 0.07677725118483412
9 0.23744075829383887 0.7251184834123223 0.05971563981042654 0.07772511848341232
1 0.1843601895734597 0.7260663507109004 0.07962085308056872 0.0881516587677725
6 0.13981042654028436 0.7270142180094786 0.055924170616113746 0.06824644549763033
6 0.1080568720379147 0.7483412322274882 0.07014218009478673 0.07393364928909953
8 0.7393364928909952 0.5388625592417061 0.07014218009478673 0.03886255924170616
9 0.7492890995260664 0.5687203791469194 0.05781990521327014 0.05781990521327014
9 0.7497630331753554 0.6123222748815166 0.05402843601895735 0.05402843601895735
1 0.7464454976303317 0.6497630331753554 0.054976303317535544 0.05023696682464455
1 0.6293838862559241 0.723696682464455 0.03981042654028436 0.06919431279620854
6 0.7322274881516587 0.6829383886255924 0.04834123222748815 0.04834123222748815
6 0.7109004739336493 0.7028436018957346 0.05118483412322275 0.054976303317535544
6 0.6890995260663507 0.7184834123222749 0.055924170616113746 0.06066350710900474
6 0.6578199052132702 0.7260663507109004 0.052132701421800945 0.06540284360189573