9 0.34881516587677724 0.314218009478673 0.07582938388625593 0.07298578199052133
9 0.3251184834123223 0.26919431279620853 0.06824644549763033 0.06255924170616113
1 0.2981042654028436 0.23270142180094786 0.06445497630331753 0.07488151658767772
6 0.2611374407582938 0.2023696682464455 0.05781990521327014 0.07677725118483412
6 0.21516587677725119 0.1909952606635071 0.06255924170616113 0.07203791469194312
6 0.16018957345971563 0.1819905213270142 0.06729857819905213 0.07677725118483412
6 0.11563981042654028 0.2052132701421801 0.054976303317535544 0.06919431279620854
1 0.08246445497630332 0.23412322274881517 0.07298578199052133 0.07867298578199051
9 0.037914691943127965 0.2966824644549763 0.07582938388625593 0.07772511848341232
8 0.4786729857819905 0.15355450236966825 0.037914691943127965 0.1004739336492891
8 0.5194312796208531 0.10853080568720379 0.1014218009478673 0.0966824644549763
8 0.5966824644549763 0.476303317535545 0.08720379146919431 0.09289099526066351
8 0.7203791469194313 0.3805687203791469 0.0966824644549763 0.09194312796208531
9 0.7597156398104266 0.3289099526066351 0.06350710900473934 0.05971563981042654
9 0.7758293838862559 0.27677725118483415 0.06350710900473934 0.06066350710900474
9 0.5881516587677725 0.08720379146919431 0.06255924170616113 0.06540284360189573
9 0.6426540284360189 0.09573459715639811 0.061611374407582936 0.06066350710900474
1 0.6962085308056872 0.10568720379146919 0.058767772511848344 0.06066350710900474
1 0.8023696682464455 0.23507109004739338 0.06445497630331753 0.05402843601895735
6 0.7417061611374408 0.10710900473933649 0.06255924170616113 0.061611374407582936
6 0.7819905213270142 0.21137440758293838 0.06445497630331753 0.05023696682464455
6 0.7796208530805687 0.17014218009478674 0.06350710900473934 0.05023696682464455
6 0.7625592417061612 0.14028436018957346 0.05971563981042654 0.05118483412322275
9 0.2995260663507109 0.5639810426540285 0.05118483412322275 0.02843601895734597
1 0.26255924170616113 0.576303317535545 0.04549763033175355 0.05308056872037915
6 0.22559241706161137 0.5933649289099526 0.03696682464454976 0.04265402843601896
6 0.1853080568720379 0.5990521327014218 0.03981042654028436 0.04075829383886256
6 0.15829383886255924 0.5824644549763033 0.043601895734597156 0.052132701421800945
6 0.12606635071090047 0.5706161137440758 0.043601895734597156 0.04170616113744076
1 0.1004739336492891 0.5592417061611374 0.05118483412322275 0.018957345971563982
8 0.9563981042654028 0.7962085308056872 0.08720379146919431 0.12322274881516587
9 0.9232227488151659 0.7364928909952607 0.07867298578199051 0.08151658767772511
9 0.8772511848341232 0.7085308056872038 0.07298578199052133 0.07582938388625593
1 0.8341232227488151 0.6786729857819905 0.06445497630331753 0.06824644549763033
3 0.7867298578199052 0.671563981042654 0.04265402843601896 0.04739336492890995
6 0.7270142180094786 0.6649289099526067 0.08151658767772511 0.07203791469194312
6 0.6644549763033175 0.6895734597156398 0.07109004739336493 0.07298578199052133
6 0.6213270142180095 0.7184834123222749 0.06066350710900474 0.06255924170616113
1 0.5919431279620853 0.7677725118483413 0.07772511848341232 0.07014218009478673