6 0.3459715639810427 0.1815165876777251 0.06635071090047394 0.12227488151658768
6 0.33364928909952607 0.218957345971564 0.0909952606635071 0.0947867298578199
1 0.3056872037914692 0.25829383886255924 0.07867298578199051 0.06255924170616113
3 0.3066350710900474 0.3137440758293839 0.04834123222748815 0.04928909952606635
9 0.2962085308056872 0.35639810426540286 0.09573459715639811 0.05971563981042654
9 0.2985781990521327 0.4099526066350711 0.0966824644549763 0.07203791469194312
8 0.3042654028436019 0.4843601895734597 0.12417061611374408 0.1033175355450237
8 0.5161137440758294 0.27535545023696684 0.10710900473933649 0.10426540284360189
8 0.5829383886255924 0.23270142180094786 0.11184834123222749 0.11374407582938388
9 0.6483412322274882 0.1990521327014218 0.08056872037914692 0.09194312796208531
9 0.7109004739336493 0.18625592417061612 0.07298578199052133 0.07962085308056872
1 0.7658767772511849 0.1848341232227488 0.07298578199052133 0.09289099526066351
6 0.818957345971564 0.18672985781990523 0.06540284360189573 0.08151658767772511
6 0.8535545023696682 0.2075829383886256 0.06729857819905213 0.07962085308056872
6 0.8914691943127963 0.22843601895734597 0.07203791469194312 0.08056872037914692
6 0.9156398104265403 0.25687203791469193 0.07109004739336493 0.07677725118483412
1 0.9203791469194312 0.3023696682464455 0.0909952606635071 0.08436018957345971
9 0.9260663507109005 0.36066350710900474 0.07867298578199051 0.07867298578199051
9 0.9199052132701422 0.42274881516587676 0.08436018957345971 0.08056872037914692
8 0.8962085308056872 0.4890995260663507 0.08246445497630332 0.09004739336492891
8 0.871563981042654 0.5592417061611374 0.0881516587677725 0.08909952606635071
5 0.3687203791469194 0.8293838862559242 0.02085308056872038 0.037914691943127965
5 0.35924170616113743 0.8630331753554502 0.03696682464454976 0.03696682464454976
5 0.23270142180094786 0.9123222748815166 0.04075829383886256 0.04265402843601896
5 0.15260663507109004 0.8819905213270142 0.037914691943127965 0.037914691943127965
5 0.12417061611374408 0.852132701421801 0.04075829383886256 0.03981042654028436
5 0.1037914691943128 0.8132701421800947 0.04075829383886256 0.037914691943127965
4 0.0909952606635071 0.7554502369668247 0.043601895734597156 0.04454976303317536
4 0.08530805687203792 0.7113744075829384 0.04265402843601896 0.04265402843601896
9 0.8985781990521327 0.6526066350710901 0.058767772511848344 0.046445497630331754
9 0.8691943127962085 0.6739336492890995 0.054976303317535544 0.05687203791469194
1 0.6848341232227488 0.647867298578199 0.05971563981042654 0.03696682464454976
1 0.833175355450237 0.6933649289099526 0.05402843601895735 0.06635071090047394
6 0.7080568720379147 0.6592417061611374 0.04928909952606635 0.05971563981042654
6 0.7402843601895734 0.6729857819905213 0.043601895734597156 0.058767772511848344
6 0.7701421800947867 0.6796208530805687 0.04454976303317536 0.055924170616113746
6 0.7962085308056872 0.6938388625592417 0.05118483412322275 0.06729857819905213