8 0.28104265402843603 0.3170616113744076 0.0938388625592417 0.025592417061611375
8 0.2800947867298578 0.28151658767772514 0.07393364928909953 0.06824644549763033
9 0.2938388625592417 0.23601895734597156 0.07772511848341232 0.07014218009478673
9 0.3075829383886256 0.1843601895734597 0.06350710900473934 0.054976303317535544
1 0.32748815165876777 0.14170616113744075 0.07109004739336493 0.06729857819905213
6 0.3630331753554502 0.1009478672985782 0.061611374407582936 0.06729857819905213
6 0.390521327014218 0.07109004739336493 0.037914691943127965 0.07393364928909953
9 0.7028436018957346 0.3165876777251185 0.08056872037914692 0.026540284360189573
5 0.471563981042654 0.323696682464455 0.04265402843601896 0.012322274881516588
4 0.6056872037914692 0.318957345971564 0.04170616113744076 0.021800947867298578
0 0.013744075829383886 0.7355450236966825 0.027488151658767772 0.08151658767772511
0 0.027962085308056873 0.7298578199052133 0.05118483412322275 0.06635071090047394
0 0.04739336492890995 0.7345971563981043 0.03033175355450237 0.052132701421800945
0 0.027014218009478674 0.7691943127962085 0.03601895734597156 0.034123222748815164
8 0.790521327014218 0.6549763033175355 0.11090047393364928 0.1052132701421801
8 0.7582938388625592 0.5933649289099526 0.10710900473933649 0.1023696682464455
9 0.7331753554502369 0.5412322274881517 0.08625592417061612 0.07772511848341232
9 0.6995260663507109 0.5033175355450237 0.08341232227488152 0.07962085308056872
9 0.4265402843601896 0.5672985781990522 0.034123222748815164 0.08625592417061612
1 0.42985781990521327 0.504739336492891 0.04075829383886256 0.07867298578199051
1 0.6616113744075829 0.45639810426540284 0.07109004739336493 0.07867298578199051
6 0.6113744075829384 0.42890995260663506 0.06635071090047394 0.07109004739336493
6 0.5559241706161138 0.4203791469194313 0.07582938388625593 0.07772511848341232
6 0.4890995260663507 0.437914691943128 0.07582938388625593 0.07962085308056872
6 0.442654028436019 0.46492890995260666 0.06635071090047394 0.07393364928909953