9 0.8293838862559242 0.14549763033175356 0.08530805687203792 0.08246445497630332
9 0.8180094786729858 0.0962085308056872 0.07582938388625593 0.07109004739336493
1 0.8014218009478673 0.05402843601895735 0.07393364928909953 0.08341232227488152
6 0.7734597156398104 0.02843601895734597 0.06824644549763033 0.05687203791469194
6 0.7317535545023697 0.016113744075829384 0.07203791469194312 0.03222748815165877
6 0.6317535545023697 0.00900473933649289 0.06350710900473934 0.01800947867298578
1 0.5924170616113744 0.02132701421800948 0.08341232227488152 0.04265402843601896
9 0.5312796208530806 0.047867298578199054 0.0909952606635071 0.0881516587677725
9 0.01800947867298578 0.862085308056872 0.03601895734597156 0.06919431279620854
9 0.21421800947867298 0.7454976303317535 0.05118483412322275 0.06729857819905213
9 0.2075829383886256 0.7943127962085308 0.06445497630331753 0.06635071090047394
1 0.1962085308056872 0.8412322274881516 0.06824644549763033 0.06635071090047394
1 0.04739336492890995 0.8862559241706162 0.06066350710900474 0.07014218009478673
6 0.17582938388625594 0.8710900473933649 0.04454976303317536 0.04928909952606635
6 0.15165876777251186 0.8881516587677725 0.03886255924170616 0.04265402843601896
6 0.12085308056872038 0.8962085308056872 0.046445497630331754 0.04454976303317536
6 0.08436018957345971 0.9037914691943127 0.04834123222748815 0.037914691943127965
8 0.4900473933649289 0.6417061611374407 0.08530805687203792 0.09004739336492891
8 0.5445497630331754 0.6260663507109004 0.0881516587677725 0.0947867298578199
9 0.5933649289099526 0.6189573459715639 0.06350710900473934 0.07772511848341232
9 0.6407582938388625 0.6213270142180095 0.05781990521327014 0.07109004739336493
1 0.6853080568720379 0.628436018957346 0.06066350710900474 0.06824644549763033
6 0.7203791469194313 0.6289099526066351 0.052132701421800945 0.06066350710900474
6 0.7483412322274882 0.656872037914692 0.06919431279620854 0.06540284360189573
6 0.7739336492890996 0.6872037914691943 0.07014218009478673 0.07203791469194312