8 0.21421800947867298 0.07156398104265403 0.07393364928909953 0.07014218009478673
8 0.21943127962085307 0.14170616113744075 0.08056872037914692 0.08341232227488152
9 0.23127962085308057 0.2028436018957346 0.05971563981042654 0.054976303317535544
9 0.23601895734597156 0.25402843601895736 0.05687203791469194 0.06066350710900474
9 0.0071090047393364926 0.2985781990521327 0.014218009478672985 0.054976303317535544
9 0.01848341232227488 0.33080568720379144 0.03696682464454976 0.054976303317535544
1 0.22322274881516588 0.3042654028436019 0.052132701421800945 0.05971563981042654
6 0.20568720379146918 0.33744075829383885 0.05118483412322275 0.04549763033175355
6 0.17014218009478674 0.35402843601895734 0.05402843601895735 0.05023696682464455
6 0.13270142180094788 0.36208530805687206 0.04454976303317536 0.05023696682464455
6 0.09431279620853081 0.36255924170616116 0.04834123222748815 0.05402843601895735
1 0.05023696682464455 0.34928909952606635 0.05118483412322275 0.06635071090047394
6 0.9895734597156398 0.16729857819905214 0.02085308056872038 0.04265402843601896
6 0.9715639810426541 0.1943127962085308 0.035071090047393366 0.043601895734597156
6 0.9473933649289099 0.2 0.03696682464454976 0.03981042654028436
1 0.918957345971564 0.2066350710900474 0.04549763033175355 0.05023696682464455
9 0.8805687203791469 0.1938388625592417 0.05023696682464455 0.05402843601895735
9 0.843127962085308 0.1815165876777251 0.04739336492890995 0.05781990521327014
8 0.8090047393364929 0.16255924170616115 0.06066350710900474 0.06445497630331753
8 0.7668246445497631 0.14265402843601896 0.06066350710900474 0.05971563981042654
8 0.25876777251184835 0.509478672985782 0.06255924170616113 0.05971563981042654
8 0.2995260663507109 0.5497630331753555 0.06540284360189573 0.06445497630331753
9 0.33364928909952607 0.5800947867298578 0.046445497630331754 0.05118483412322275
9 0.3639810426540284 0.6071090047393365 0.04928909952606635 0.055924170616113746
6 0.442654028436019 0.647867298578199 0.034123222748815164 0.06350710900473934
1 0.409478672985782 0.6364928909952606 0.04834123222748815 0.06445497630331753
8 0.9606635071090047 0.9071090047393365 0.06729857819905213 0.06824644549763033
8 0.9232227488151659 0.8606635071090047 0.06729857819905213 0.07014218009478673
8 0.6639810426540285 0.9786729857819905 0.08625592417061612 0.04265402843601896
9 0.6601895734597156 0.9345971563981043 0.06540284360189573 0.05781990521327014
9 0.8881516587677725 0.8260663507109005 0.05971563981042654 0.06066350710900474
9 0.8563981042654029 0.7872037914691943 0.058767772511848344 0.05971563981042654
9 0.6436018957345971 0.8867298578199052 0.061611374407582936 0.06066350710900474
1 0.6497630331753554 0.8355450236966825 0.05687203791469194 0.055924170616113746
6 0.6748815165876777 0.7990521327014218 0.043601895734597156 0.05023696682464455
6 0.6995260663507109 0.7753554502369668 0.04265402843601896 0.05118483412322275
6 0.7360189573459716 0.7625592417061612 0.04454976303317536 0.055924170616113746
6 0.7753554502369668 0.7545023696682465 0.046445497630331754 0.05402843601895735
1 0.8161137440758294 0.7606635071090048 0.05402843601895735 0.061611374407582936