3 0.4549763033175355 0.41800947867298577 0.05687203791469194 0.05118483412322275
3 0.45023696682464454 0.35639810426540286 0.05023696682464455 0.04265402843601896
9 0.45165876777251185 0.2981042654028436 0.06919431279620854 0.06066350710900474
8 0.1023696682464455 0.3962085308056872 0.09573459715639811 0.07298578199052133
8 0.10900473933649289 0.33696682464454975 0.08625592417061612 0.08151658767772511
9 0.13317535545023695 0.2829383886255924 0.0881516587677725 0.07772511848341232
9 0.16729857819905214 0.23412322274881517 0.08530805687203792 0.07962085308056872
1 0.42796208530805685 0.2502369668246445 0.06729857819905213 0.07582938388625593
2 0.404739336492891 0.2042654028436019 0.06445497630331753 0.06919431279620854
6 0.36587677725118484 0.1848341232227488 0.06445497630331753 0.07203791469194312
6 0.30947867298578197 0.17772511848341233 0.07203791469194312 0.0881516587677725
6 0.2559241706161137 0.1853080568720379 0.06635071090047394 0.08909952606635071
1 0.2052132701421801 0.1995260663507109 0.07203791469194312 0.07867298578199051
8 0.7639810426540284 0.4322274881516588 0.06824644549763033 0.034123222748815164
9 0.7701421800947867 0.3962085308056872 0.05971563981042654 0.055924170616113746
9 0.7734597156398104 0.35260663507109 0.055924170616113746 0.052132701421800945
9 0.6189573459715639 0.2729857819905213 0.018957345971563982 0.05308056872037915
1 0.7639810426540284 0.3090047393364929 0.04834123222748815 0.052132701421800945
6 0.7511848341232228 0.28056872037914693 0.046445497630331754 0.058767772511848344
6 0.7312796208530805 0.26018957345971566 0.046445497630331754 0.058767772511848344
6 0.7018957345971564 0.24454976303317535 0.04549763033175355 0.06255924170616113
6 0.6672985781990521 0.24691943127962085 0.04265402843601896 0.05687203791469194
1 0.6360189573459716 0.25687203791469193 0.046445497630331754 0.05402843601895735
8 0.32180094786729857 0.48104265402843605 0.06729857819905213 0.05023696682464455
9 0.03601895734597156 0.47535545023696685 0.06635071090047394 0.052132701421800945
9 0.046445497630331754 0.5132701421800948 0.06540284360189573 0.06066350710900474
9 0.2947867298578199 0.5151658767772512 0.06729857819905213 0.06066350710900474
9 0.271563981042654 0.5450236966824644 0.06540284360189573 0.07014218009478673
1 0.24454976303317535 0.5829383886255924 0.061611374407582936 0.06824644549763033
1 0.05545023696682464 0.5563981042654028 0.055924170616113746 0.06066350710900474
6 0.08199052132701422 0.5876777251184834 0.05023696682464455 0.058767772511848344
6 0.12037914691943127 0.604739336492891 0.058767772511848344 0.07014218009478673
6 0.16824644549763032 0.6127962085308057 0.058767772511848344 0.06919431279620854
6 0.209478672985782 0.6061611374407583 0.052132701421800945 0.06445497630331753
9 0.9748815165876777 0.5890995260663507 0.05023696682464455 0.06919431279620854
9 0.9379146919431279 0.5786729857819906 0.054976303317535544 0.06919431279620854
1 0.8928909952606635 0.5748815165876777 0.05971563981042654 0.06729857819905213
6 0.8488151658767773 0.5492890995260663 0.054976303317535544 0.06350710900473934
6 0.8227488151658767 0.5156398104265403 0.05308056872037915 0.07488151658767772