8 0.10426540284360189 0.46350710900473935 0.07014218009478673 0.05118483412322275
8 0.16824644549763032 0.45924170616113746 0.07109004739336493 0.05971563981042654
9 0.22511848341232227 0.45402843601895737 0.05687203791469194 0.06635071090047394
9 0.2729857819905213 0.45734597156398105 0.04928909952606635 0.06350710900473934
1 0.3161137440758294 0.45734597156398105 0.055924170616113746 0.06350710900473934
6 0.35971563981042654 0.46303317535545024 0.04834123222748815 0.052132701421800945
6 0.390521327014218 0.46824644549763034 0.05118483412322275 0.04170616113744076
8 0.8516587677725118 0.22559241706161137 0.07867298578199051 0.07582938388625593
8 0.837914691943128 0.3014218009478673 0.08341232227488152 0.07488151658767772
8 0.7966824644549763 0.3687203791469194 0.08246445497630332 0.08341232227488152
9 0.761611374407583 0.42274881516587676 0.05118483412322275 0.05118483412322275
9 0.7341232227488151 0.46161137440758293 0.05023696682464455 0.054976303317535544
1 0.6971563981042654 0.47535545023696685 0.04454976303317536 0.027488151658767772
6 0.6582938388625592 0.4781990521327014 0.04834123222748815 0.021800947867298578
8 0.02843601895734597 0.6459715639810426 0.05687203791469194 0.08625592417061612
8 0.037914691943127965 0.5933649289099526 0.07582938388625593 0.08341232227488152
9 0.061611374407582936 0.5559241706161138 0.07962085308056872 0.07677725118483412
9 0.08436018957345971 0.5265402843601896 0.07772511848341232 0.07488151658767772
8 0.32180094786729857 0.7924170616113744 0.08151658767772511 0.07203791469194312
8 0.3246445497630332 0.7364928909952607 0.08625592417061612 0.06919431279620854
9 0.33744075829383885 0.6819905213270142 0.08530805687203792 0.05687203791469194
9 0.33791469194312795 0.6293838862559241 0.09004739336492891 0.06635071090047394
1 0.33791469194312795 0.5729857819905213 0.07962085308056872 0.07393364928909953
1 0.12701421800947868 0.5146919431279621 0.05687203791469194 0.05118483412322275
6 0.17677725118483412 0.5009478672985782 0.05781990521327014 0.023696682464454975
6 0.22796208530805687 0.504739336492891 0.06729857819905213 0.031279620853080566
6 0.28056872037914693 0.5099526066350711 0.05687203791469194 0.04170616113744076
6 0.31516587677725116 0.5341232227488152 0.06445497630331753 0.06635071090047394
8 0.6511848341232227 0.533649289099526 0.043601895734597156 0.08909952606635071
9 0.6943127962085308 0.5274881516587677 0.05971563981042654 0.07677725118483412
9 0.7464454976303317 0.5312796208530806 0.05971563981042654 0.08246445497630332
1 0.79478672985782 0.5284360189573459 0.055924170616113746 0.07393364928909953
6 0.8402843601895734 0.5407582938388625 0.06066350710900474 0.07298578199052133