6 0.2725118483412322 0.15592417061611374 0.014218009478672985 0.06540284360189573
9 0.11800947867298578 0.03696682464454976 0.055924170616113746 0.054976303317535544
9 0.13933649289099526 0.07535545023696683 0.06066350710900474 0.04834123222748815
1 0.16066350710900473 0.12322274881516587 0.06824644549763033 0.05971563981042654
6 0.18388625592417063 0.15260663507109004 0.06066350710900474 0.06066350710900474
6 0.2184834123222749 0.15734597156398103 0.043601895734597156 0.055924170616113746
6 0.25071090047393363 0.15734597156398103 0.04170616113744076 0.07014218009478673
8 0.395260663507109 0.1061611374407583 0.07772511848341232 0.07867298578199051
8 0.466824644549763 0.07819905213270142 0.07582938388625593 0.07488151658767772
2 0.5194312796208531 0.06540284360189573 0.03886255924170616 0.054976303317535544
9 0.5658767772511848 0.05971563981042654 0.055924170616113746 0.05971563981042654
1 0.6161137440758294 0.06872037914691943 0.055924170616113746 0.05308056872037915
6 0.6535545023696683 0.0924170616113744 0.046445497630331754 0.043601895734597156
6 0.6739336492890995 0.12132701421800948 0.03317535545023697 0.03317535545023697
0 0.7331753554502369 0.7981042654028436 0.043601895734597156 0.04928909952606635
0 0.7146919431279621 0.74739336492891 0.04834123222748815 0.052132701421800945
0 0.6928909952606636 0.6928909952606636 0.046445497630331754 0.04834123222748815
9 0.666824644549763 0.6360189573459716 0.07203791469194312 0.07393364928909953
1 0.6355450236966824 0.5800947867298578 0.07109004739336493 0.08056872037914692
6 0.5928909952606635 0.5511848341232227 0.05781990521327014 0.07014218009478673
6 0.5322274881516588 0.543127962085308 0.06255924170616113 0.06540284360189573
6 0.46966824644549765 0.5526066350710901 0.061611374407582936 0.061611374407582936
6 0.4218009478672986 0.5772511848341232 0.06824644549763033 0.08246445497630332
9 0.38341232227488153 0.6170616113744076 0.07867298578199051 0.058767772511848344
9 0.36018957345971564 0.6706161137440758 0.06635071090047394 0.06445497630331753