3 0.15924170616113745 0.16919431279620853 0.034123222748815164 0.03981042654028436
9 0.21943127962085307 0.23601895734597156 0.07582938388625593 0.058767772511848344
1 0.1966824644549763 0.19146919431279621 0.07109004739336493 0.06445497630331753
6 0.13080568720379146 0.12890995260663507 0.07488151658767772 0.06635071090047394
6 0.06492890995260664 0.12748815165876778 0.06919431279620854 0.07109004739336493
6 0.02037914691943128 0.14502369668246445 0.04075829383886256 0.06066350710900474
9 0.24028436018957347 0.27488151658767773 0.07393364928909953 0.05687203791469194
1 0.9459715639810427 0.01042654028436019 0.058767772511848344 0.02085308056872038
6 0.9071090047393365 0.014691943127962086 0.05308056872037915 0.029383886255924172
6 0.8573459715639811 0.016113744075829384 0.06540284360189573 0.03222748815165877
6 0.809478672985782 0.014218009478672985 0.06066350710900474 0.02843601895734597
8 0.24218009478672986 0.8113744075829384 0.07677725118483412 0.07962085308056872
8 0.2853080568720379 0.866824644549763 0.07393364928909953 0.07298578199052133
9 0.328436018957346 0.9056872037914692 0.05308056872037915 0.05402843601895735
9 0.35592417061611376 0.9246445497630332 0.05402843601895735 0.058767772511848344
1 0.3824644549763033 0.9497630331753555 0.05781990521327014 0.07772511848341232
1 0.5037914691943128 0.8981042654028436 0.012322274881516588 0.05971563981042654
6 0.4924170616113744 0.9289099526066351 0.035071090047393366 0.05687203791469194
6 0.48056872037914694 0.9516587677725118 0.037914691943127965 0.061611374407582936
6 0.45023696682464454 0.9421800947867298 0.043601895734597156 0.05402843601895735
6 0.4194312796208531 0.952132701421801 0.04549763033175355 0.061611374407582936
8 0.8625592417061612 0.6488151658767772 0.11563981042654028 0.11090047393364928
9 0.871563981042654 0.5706161137440758 0.1023696682464455 0.08246445497630332
1 0.8843601895734597 0.4938388625592417 0.1023696682464455 0.08530805687203792
3 0.5203791469194313 0.5488151658767773 0.02085308056872038 0.043601895734597156
3 0.5554502369668246 0.5033175355450237 0.05023696682464455 0.04928909952606635
3 0.6364928909952606 0.43554502369668247 0.04075829383886256 0.052132701421800945
3 0.6862559241706161 0.43364928909952605 0.03981042654028436 0.03981042654028436
3 0.7601895734597156 0.4364928909952607 0.04170616113744076 0.04170616113744076
3 0.8251184834123223 0.4834123222748815 0.04549763033175355 0.04075829383886256
3 0.8123222748815165 0.7170616113744076 0.04834123222748815 0.05023696682464455