8 0.2781990521327014 0.13364928909952606 0.09194312796208531 0.09004739336492891
8 0.3360189573459716 0.1872037914691943 0.0985781990521327 0.1061611374407583
9 0.38341232227488153 0.22796208530805687 0.05971563981042654 0.06540284360189573
9 0.4184834123222749 0.262085308056872 0.05402843601895735 0.055924170616113746
6 0.5630331753554503 0.24549763033175356 0.013270142180094787 0.07014218009478673
6 0.5502369668246445 0.2663507109004739 0.03886255924170616 0.06824644549763033
6 0.524170616113744 0.27630331753554505 0.05971563981042654 0.08341232227488152
6 0.4919431279620853 0.2848341232227488 0.05971563981042654 0.0938388625592417
1 0.45781990521327015 0.2772511848341232 0.05781990521327014 0.07867298578199051
8 0.11279620853080569 0.7336492890995261 0.09573459715639811 0.0947867298578199
8 0.46445497630331756 0.6289099526066351 0.08341232227488152 0.08151658767772511
8 0.46777251184834123 0.6966824644549763 0.08151658767772511 0.08151658767772511
8 0.15450236966824646 0.7933649289099526 0.1004739336492891 0.0947867298578199
9 0.46303317535545024 0.7559241706161137 0.07203791469194312 0.07109004739336493
9 0.46161137440758293 0.8090047393364929 0.06635071090047394 0.07109004739336493
9 0.1872037914691943 0.8436018957345972 0.07298578199052133 0.07109004739336493
9 0.2241706161137441 0.8848341232227488 0.07014218009478673 0.07393364928909953
1 0.27677725118483415 0.8990521327014218 0.06635071090047394 0.06824644549763033
1 0.44739336492890996 0.8597156398104265 0.06635071090047394 0.07203791469194312
6 0.41184834123222747 0.8834123222748815 0.06350710900473934 0.061611374407582936
6 0.3815165876777251 0.9199052132701422 0.061611374407582936 0.07488151658767772
6 0.34360189573459715 0.9208530805687204 0.06350710900473934 0.06350710900473934
6 0.3118483412322275 0.9374407582938389 0.058767772511848344 0.06350710900473934
8 0.814218009478673 0.6725118483412322 0.1080568720379147 0.10995260663507109
8 0.7497630331753554 0.7208530805687203 0.1014218009478673 0.10710900473933649
9 0.6990521327014217 0.7644549763033175 0.06445497630331753 0.06919431279620854
9 0.6488151658767772 0.7772511848341233 0.06350710900473934 0.06824644549763033
1 0.6028436018957346 0.7734597156398104 0.06635071090047394 0.05687203791469194
6 0.581042654028436 0.7753554502369668 0.022748815165876776 0.04928909952606635