8 0.035071090047393366 0.33317535545023697 0.07014218009478673 0.07488151658767772
9 0.08056872037914692 0.37725118483412323 0.052132701421800945 0.058767772511848344
9 0.12180094786729857 0.4018957345971564 0.061611374407582936 0.055924170616113746
6 0.13270142180094788 0.5545023696682464 0.04928909952606635 0.009478672985781991
6 0.14644549763033177 0.5374407582938389 0.05402843601895735 0.043601895734597156
6 0.14881516587677726 0.495260663507109 0.05023696682464455 0.046445497630331754
1 0.13791469194312797 0.45213270142180095 0.05781990521327014 0.04928909952606635
8 0.7151658767772512 0.5369668246445498 0.06350710900473934 0.04454976303317536
9 0.3943127962085308 0.5393364928909953 0.06066350710900474 0.03981042654028436
9 0.40616113744075827 0.5023696682464455 0.06445497630331753 0.05781990521327014
1 0.4184834123222749 0.44502369668246444 0.04928909952606635 0.06635071090047394
6 0.44360189573459713 0.4066350710900474 0.04454976303317536 0.05308056872037915
6 0.4924170616113744 0.38341232227488153 0.05971563981042654 0.052132701421800945
6 0.547867298578199 0.3767772511848341 0.06255924170616113 0.052132701421800945
6 0.6009478672985782 0.38388625592417064 0.05308056872037915 0.05687203791469194
1 0.6421800947867299 0.42274881516587676 0.055924170616113746 0.05308056872037915
9 0.6687203791469194 0.46492890995260666 0.06445497630331753 0.06066350710900474
9 0.6933649289099526 0.5056872037914691 0.06066350710900474 0.05781990521327014
8 0.02227488151658768 0.8796208530805687 0.04454976303317536 0.06824644549763033
9 0.017535545023696683 0.981042654028436 0.035071090047393366 0.037914691943127965
3 0.26018957345971566 0.9843601895734597 0.03317535545023697 0.031279620853080566
3 0.2976303317535545 0.9436018957345972 0.03601895734597156 0.035071090047393366
8 0.024644549763033177 0.8213270142180095 0.04928909952606635 0.06350710900473934
9 0.014691943127962086 0.9393364928909953 0.029383886255924172 0.05308056872037915
8 0.46492890995260666 0.6450236966824645 0.07677725118483412 0.08720379146919431
8 0.5317535545023697 0.6355450236966824 0.07203791469194312 0.08720379146919431
9 0.590521327014218 0.6274881516587678 0.05687203791469194 0.07488151658767772
9 0.6426540284360189 0.6293838862559241 0.05687203791469194 0.08056872037914692
1 0.6909952606635071 0.6251184834123222 0.05308056872037915 0.07203791469194312
6 0.7364928909952607 0.6360189573459716 0.05781990521327014 0.07109004739336493