8 0.2014218009478673 0.12464454976303317 0.07677725118483412 0.07488151658767772
8 0.18104265402843603 0.18104265402843603 0.07962085308056872 0.05687203791469194
8 0.10853080568720379 0.6947867298578199 0.07677725118483412 0.07772511848341232
8 0.13127962085308056 0.6345971563981042 0.08530805687203792 0.08341232227488152
8 0.17203791469194313 0.5857819905213271 0.09004739336492891 0.09289099526066351
9 0.1990521327014218 0.5364928909952607 0.06729857819905213 0.06255924170616113
9 0.22796208530805687 0.5023696682464455 0.06919431279620854 0.06255924170616113
1 0.2559241706161137 0.46966824644549765 0.05308056872037915 0.05687203791469194
6 0.3739336492890995 0.45639810426540284 0.031279620853080566 0.061611374407582936
6 0.33981042654028437 0.44549763033175355 0.05971563981042654 0.05971563981042654
6 0.2943127962085308 0.44691943127962086 0.04834123222748815 0.05023696682464455
8 0.8270142180094787 0.614218009478673 0.07867298578199051 0.0909952606635071
9 0.7345971563981043 0.5630331753554503 0.05971563981042654 0.07677725118483412
9 0.6943127962085308 0.5464454976303318 0.06350710900473934 0.07488151658767772
1 0.6464454976303318 0.5308056872037915 0.06350710900473934 0.07203791469194312
6 0.5962085308056873 0.533175355450237 0.061611374407582936 0.06635071090047394
6 0.5530805687203791 0.5469194312796208 0.07109004739336493 0.07203791469194312
6 0.518957345971564 0.5815165876777251 0.05687203791469194 0.06824644549763033
3 0.7734597156398104 0.6075829383886255 0.04549763033175355 0.04454976303317536