8 0.08909952606635071 0.07677725118483412 0.08246445497630332 0.08246445497630332
8 0.16635071090047393 0.09052132701421801 0.0909952606635071 0.07014218009478673
9 0.23507109004739338 0.10284360189573459 0.05308056872037915 0.06066350710900474
9 0.28199052132701424 0.10995260663507109 0.052132701421800945 0.054976303317535544
1 0.32701421800947866 0.10284360189573459 0.058767772511848344 0.052132701421800945
6 0.3644549763033175 0.0995260663507109 0.07488151658767772 0.06824644549763033
6 0.3758293838862559 0.06777251184834124 0.061611374407582936 0.03981042654028436
6 0.3962085308056872 0.042180094786729856 0.058767772511848344 0.04170616113744076
2 0.518957345971564 0.11374407582938388 0.03886255924170616 0.06635071090047394
2 0.7507109004739336 0.015165876777251185 0.05687203791469194 0.03033175355450237
9 0.5725118483412323 0.16587677725118483 0.04739336492890995 0.04834123222748815
1 0.6075829383886255 0.17725118483412322 0.04170616113744076 0.05308056872037915
6 0.6407582938388625 0.1815165876777251 0.037914691943127965 0.04928909952606635
6 0.6701421800947868 0.1819905213270142 0.03696682464454976 0.04549763033175355
6 0.6957345971563981 0.16966824644549763 0.04075829383886256 0.04170616113744076
6 0.7161137440758294 0.14881516587677726 0.04170616113744076 0.04075829383886256
1 0.7322274881516587 0.12464454976303317 0.04739336492890995 0.04739336492890995
9 0.737914691943128 0.0881516587677725 0.04834123222748815 0.04265402843601896
9 0.7488151658767772 0.05118483412322275 0.05023696682464455 0.043601895734597156
3 0.5407582938388625 0.14170616113744075 0.029383886255924172 0.03317535545023697
8 0.01848341232227488 0.8132701421800947 0.03696682464454976 0.08909952606635071
8 0.03744075829383886 0.7559241706161137 0.07488151658767772 0.08056872037914692
9 0.07488151658767772 0.7075829383886256 0.07772511848341232 0.08151658767772511
9 0.12227488151658768 0.671090047393365 0.07582938388625593 0.08625592417061612
1 0.17109004739336492 0.6364928909952606 0.06255924170616113 0.07772511848341232
6 0.22748815165876776 0.6227488151658768 0.06066350710900474 0.07488151658767772
6 0.2862559241706161 0.6350710900473934 0.07298578199052133 0.0938388625592417
6 0.3360189573459716 0.662085308056872 0.07772511848341232 0.09573459715639811
6 0.3687203791469194 0.6938388625592417 0.08625592417061612 0.061611374407582936
1 0.381042654028436 0.7507109004739336 0.07867298578199051 0.06635071090047394
9 0.37345971563981045 0.8312796208530806 0.0881516587677725 0.06919431279620854
8 0.34976303317535545 0.8914691943127963 0.0947867298578199 0.08341232227488152
8 0.33080568720379144 0.9620853080568721 0.1023696682464455 0.07582938388625593
9 0.928436018957346 0.4161137440758294 0.07677725118483412 0.03222748815165877
8 0.7056872037914692 0.6658767772511849 0.08625592417061612 0.0966824644549763
9 0.7720379146919432 0.671090047393365 0.05781990521327014 0.07677725118483412
9 0.8184834123222748 0.6644549763033175 0.05118483412322275 0.06919431279620854
1 0.8644549763033176 0.6374407582938388 0.06824644549763033 0.08056872037914692
1 0.9511848341232227 0.44407582938388623 0.07582938388625593 0.06445497630331753
6 0.9672985781990522 0.4938388625592417 0.06540284360189573 0.05687203791469194
6 0.9701421800947867 0.547867298578199 0.05971563981042654 0.06635071090047394
6 0.9554502369668246 0.6018957345971564 0.06445497630331753 0.06445497630331753
6 0.9161137440758294 0.6317535545023697 0.06350710900473934 0.055924170616113746