8 0.16729857819905214 0.1933649289099526 0.07582938388625593 0.0881516587677725
8 0.23127962085308057 0.1943127962085308 0.08341232227488152 0.0985781990521327
9 0.2909952606635071 0.17772511848341233 0.06635071090047394 0.07772511848341232
9 0.33838862559241706 0.17393364928909952 0.06445497630331753 0.07298578199052133
1 0.38909952606635073 0.17725118483412322 0.06445497630331753 0.07677725118483412
6 0.43838862559241704 0.1924170616113744 0.06255924170616113 0.06445497630331753
6 0.4815165876777251 0.2052132701421801 0.07867298578199051 0.08720379146919431
9 0.8369668246445497 0.36682464454976305 0.07582938388625593 0.06540284360189573
9 0.8606635071090047 0.32606635071090045 0.07393364928909953 0.06445497630331753
1 0.8848341232227488 0.2862559241706161 0.05971563981042654 0.06066350710900474
6 0.9203791469194312 0.2616113744075829 0.05402843601895735 0.052132701421800945
6 0.9654028436018958 0.25497630331753557 0.06635071090047394 0.06445497630331753
3 0.500473933649289 0.8104265402843602 0.04265402843601896 0.04549763033175355
9 0.4327014218009479 0.8308056872037914 0.08625592417061612 0.0976303317535545
9 0.376303317535545 0.837914691943128 0.05781990521327014 0.07867298578199051
9 0.32748815165876777 0.8374407582938389 0.06540284360189573 0.08436018957345971
1 0.2739336492890995 0.8383886255924171 0.07014218009478673 0.07772511848341232
6 0.22843601895734597 0.8203791469194313 0.07677725118483412 0.07677725118483412
6 0.18909952606635072 0.7938388625592417 0.08909952606635071 0.08436018957345971
8 0.8834123222748815 0.8502369668246446 0.08720379146919431 0.08436018957345971
9 0.8573459715639811 0.8928909952606635 0.05971563981042654 0.06066350710900474
9 0.837914691943128 0.9293838862559242 0.055924170616113746 0.05971563981042654
1 0.8052132701421801 0.9483412322274881 0.04928909952606635 0.06350710900473934
6 0.7796208530805687 0.9601895734597157 0.04075829383886256 0.06635071090047394
6 0.7654028436018957 0.9687203791469194 0.012322274881516588 0.058767772511848344