3 0.44549763033175355 0.054502369668246446 0.04739336492890995 0.052132701421800945
3 0.414218009478673 0.014691943127962086 0.04549763033175355 0.029383886255924172
8 0.12417061611374408 0.204739336492891 0.10426540284360189 0.09194312796208531
8 0.11279620853080569 0.13033175355450238 0.1004739336492891 0.09289099526066351
9 0.109478672985782 0.07061611374407582 0.07772511848341232 0.05687203791469194
9 0.11943127962085308 0.027014218009478674 0.07772511848341232 0.05402843601895735
3 0.4597156398104265 0.12274881516587678 0.04454976303317536 0.04454976303317536
9 0.8554502369668247 0.45071090047393364 0.08246445497630332 0.03696682464454976
9 0.09573459715639811 0.8630331753554502 0.07677725118483412 0.07014218009478673
9 0.3981042654028436 0.8322274881516588 0.06729857819905213 0.07203791469194312
9 0.37345971563981045 0.875829383886256 0.06540284360189573 0.07014218009478673
9 0.11421800947867299 0.9104265402843602 0.06635071090047394 0.07014218009478673
1 0.34265402843601894 0.9180094786729858 0.06729857819905213 0.08246445497630332
1 0.15355450236966825 0.9388625592417061 0.06635071090047394 0.09289099526066351
6 0.3137440758293839 0.9412322274881516 0.06066350710900474 0.0938388625592417
6 0.271563981042654 0.9559241706161138 0.05781990521327014 0.08056872037914692
6 0.22985781990521326 0.9616113744075829 0.05781990521327014 0.07677725118483412
6 0.1938388625592417 0.956872037914692 0.05781990521327014 0.07962085308056872
8 0.9687203791469194 0.8962085308056872 0.06255924170616113 0.07488151658767772
9 0.9213270142180094 0.8943127962085308 0.05023696682464455 0.055924170616113746
9 0.8848341232227488 0.895260663507109 0.05308056872037915 0.055924170616113746
1 0.8436018957345972 0.9066350710900474 0.05023696682464455 0.06066350710900474
6 0.8151658767772512 0.9146919431279621 0.05023696682464455 0.05687203791469194
6 0.7962085308056872 0.9260663507109005 0.04928909952606635 0.05118483412322275
6 0.7725118483412322 0.9492890995260663 0.052132701421800945 0.058767772511848344