8 0.10758293838862559 0.03838862559241706 0.08246445497630332 0.07677725118483412
8 0.45781990521327015 0.15924170616113745 0.08341232227488152 0.08909952606635071
8 0.11327014218009479 0.10853080568720379 0.07867298578199051 0.08530805687203792
9 0.44028436018957345 0.22511848341232227 0.08246445497630332 0.08151658767772511
9 0.11611374407582939 0.17203791469194313 0.07867298578199051 0.06635071090047394
9 0.41184834123222747 0.27014218009478674 0.08151658767772511 0.07582938388625593
9 0.12180094786729857 0.22938388625592418 0.07677725118483412 0.06255924170616113
1 0.3815165876777251 0.31563981042654027 0.07203791469194312 0.09004739336492891
6 0.34407582938388626 0.35071090047393366 0.058767772511848344 0.07772511848341232
6 0.2985781990521327 0.36540284360189573 0.06635071090047394 0.07772511848341232
6 0.23696682464454977 0.3459715639810427 0.07014218009478673 0.07109004739336493
6 0.18293838862559242 0.3123222748815166 0.06635071090047394 0.07677725118483412
1 0.14170616113744075 0.27677725118483415 0.07488151658767772 0.08341232227488152
8 0.6118483412322275 0.11516587677725118 0.0938388625592417 0.09573459715639811
8 0.9450236966824644 0.03886255924170616 0.08530805687203792 0.07772511848341232
8 0.6635071090047393 0.17725118483412322 0.09289099526066351 0.0966824644549763
9 0.9549763033175356 0.09573459715639811 0.05971563981042654 0.05308056872037915
9 0.9592417061611375 0.14028436018957346 0.05971563981042654 0.054976303317535544
9 0.7085308056872038 0.21943127962085307 0.054976303317535544 0.06255924170616113
9 0.7445497630331753 0.24881516587677724 0.05023696682464455 0.058767772511848344
1 0.7909952606635071 0.25260663507109005 0.055924170616113746 0.06540284360189573
6 0.8374407582938389 0.25687203791469193 0.043601895734597156 0.054976303317535544
6 0.8696682464454977 0.2563981042654028 0.05023696682464455 0.054976303317535544
6 0.8995260663507109 0.24028436018957347 0.05023696682464455 0.05402843601895735
6 0.9170616113744076 0.2127962085308057 0.05118483412322275 0.052132701421800945
1 0.942654028436019 0.1843601895734597 0.061611374407582936 0.054976303317535544
8 0.34502369668246446 0.957345971563981 0.07298578199052133 0.06350710900473934
8 0.36777251184834125 0.9 0.07109004739336493 0.06066350710900474
9 0.3881516587677725 0.8469194312796209 0.05402843601895735 0.046445497630331754
9 0.4009478672985782 0.8004739336492891 0.061611374407582936 0.046445497630331754
8 0.04549763033175355 0.7530805687203791 0.06824644549763033 0.06824644549763033
8 0.08578199052132701 0.7104265402843601 0.08056872037914692 0.07867298578199051
9 0.12843601895734597 0.6758293838862559 0.05118483412322275 0.06350710900473934
9 0.16682464454976303 0.6521327014218009 0.05687203791469194 0.05971563981042654
1 0.21137440758293838 0.6246445497630332 0.05402843601895735 0.058767772511848344
6 0.266824644549763 0.6265402843601896 0.05308056872037915 0.054976303317535544
6 0.318957345971564 0.6388625592417062 0.061611374407582936 0.06066350710900474
6 0.36161137440758295 0.6720379146919432 0.06540284360189573 0.06729857819905213
6 0.3886255924170616 0.7071090047393365 0.054976303317535544 0.04928909952606635
1 0.4033175355450237 0.752132701421801 0.05781990521327014 0.052132701421800945
8 0.7483412322274882 0.9161137440758294 0.07488151658767772 0.08056872037914692
9 0.7445497630331753 0.9767772511848342 0.05781990521327014 0.046445497630331754