8 0.02227488151658768 0.3819905213270142 0.04454976303317536 0.0947867298578199
8 0.06445497630331753 0.3924170616113744 0.08530805687203792 0.07393364928909953
9 0.12085308056872038 0.4004739336492891 0.06729857819905213 0.05781990521327014
4 0.17298578199052134 0.4137440758293839 0.05023696682464455 0.031279620853080566
1 0.22274881516587677 0.4014218009478673 0.06066350710900474 0.055924170616113746
6 0.25497630331753557 0.37725118483412323 0.05971563981042654 0.04928909952606635
6 0.2838862559241706 0.35450236966824644 0.05308056872037915 0.04075829383886256
6 0.2796208530805687 0.328436018957346 0.06066350710900474 0.04928909952606635
8 0.4933649289099526 0.943127962085308 0.0909952606635071 0.09004739336492891
9 0.4786729857819905 0.8914691943127963 0.07298578199052133 0.06350710900473934
9 0.45876777251184836 0.8502369668246446 0.07582938388625593 0.06350710900473934
1 0.44454976303317534 0.8113744075829384 0.052132701421800945 0.052132701421800945
6 0.4127962085308057 0.8004739336492891 0.058767772511848344 0.07109004739336493
6 0.3696682464454976 0.7824644549763033 0.07298578199052133 0.08341232227488152
6 0.3123222748815166 0.795260663507109 0.06824644549763033 0.07582938388625593
6 0.26540284360189575 0.8184834123222748 0.05781990521327014 0.06445497630331753
1 0.23222748815165878 0.8469194312796209 0.06824644549763033 0.07488151658767772
9 0.22274881516587677 0.8914691943127963 0.06255924170616113 0.06350710900473934
9 0.2132701421800948 0.9303317535545024 0.06445497630331753 0.06729857819905213
8 0.6767772511848341 0.7270142180094786 0.07393364928909953 0.08341232227488152