8 0.2800947867298578 0.37725118483412323 0.08151658767772511 0.07962085308056872
9 0.2213270142180095 0.36682464454976305 0.06635071090047394 0.07109004739336493
9 0.17440758293838862 0.35450236966824644 0.054976303317535544 0.06255924170616113
1 0.12559241706161137 0.34786729857819904 0.052132701421800945 0.058767772511848344
6 0.08909952606635071 0.36066350710900474 0.04928909952606635 0.06066350710900474
6 0.054976303317535544 0.37345971563981045 0.04549763033175355 0.05687203791469194
6 0.030805687203791468 0.3985781990521327 0.046445497630331754 0.05308056872037915
6 0.02037914691943128 0.4327014218009479 0.04075829383886256 0.05971563981042654
8 0.9739336492890995 0.4327014218009479 0.052132701421800945 0.0995260663507109
8 0.9213270142180094 0.4203791469194313 0.08341232227488152 0.1052132701421801
9 0.8170616113744076 0.4109004739336493 0.06255924170616113 0.08436018957345971
1 0.7597156398104266 0.41232227488151657 0.06635071090047394 0.08720379146919431
6 0.7033175355450237 0.4270142180094787 0.07393364928909953 0.0881516587677725
6 0.6649289099526067 0.45687203791469194 0.08720379146919431 0.09004739336492891
2 0.8663507109004739 0.4090047393364929 0.04170616113744076 0.06445497630331753
4 0.5080568720379147 0.9308056872037914 0.04454976303317536 0.04834123222748815
4 0.4838862559241706 0.8810426540284361 0.04454976303317536 0.04549763033175355
5 0.4014218009478673 0.8274881516587678 0.04075829383886256 0.04170616113744076
4 0.35260663507109 0.8241706161137441 0.037914691943127965 0.037914691943127965
6 0.29289099526066353 0.8037914691943128 0.07677725118483412 0.08151658767772511
6 0.23649289099526066 0.8213270142180095 0.07772511848341232 0.0881516587677725
6 0.20616113744075829 0.866824644549763 0.07867298578199051 0.06540284360189573
1 0.1985781990521327 0.9218009478672986 0.09289099526066351 0.07677725118483412