4 0.25876777251184835 0.31516587677725116 0.05118483412322275 0.046445497630331754
3 0.5175355450236967 0.42796208530805685 0.024644549763033177 0.04454976303317536
3 0.27014218009478674 0.24454976303317535 0.04265402843601896 0.043601895734597156
9 0.3127962085308057 0.2080568720379147 0.06445497630331753 0.06919431279620854
9 0.3582938388625592 0.18293838862559242 0.055924170616113746 0.06919431279620854
1 0.4052132701421801 0.15781990521327013 0.05687203791469194 0.07677725118483412
6 0.5208530805687204 0.18862559241706162 0.01800947867298578 0.07582938388625593
6 0.4928909952606635 0.16066350710900473 0.07393364928909953 0.0881516587677725
6 0.45639810426540284 0.14691943127962084 0.06066350710900474 0.06350710900473934
4 0.8402843601895734 0.04407582938388625 0.043601895734597156 0.04265402843601896
4 0.8914691943127963 0.06398104265402843 0.04170616113744076 0.04170616113744076
9 0.9635071090047393 0.08009478672985781 0.055924170616113746 0.05971563981042654
9 0.9914691943127962 0.08720379146919431 0.017061611374407582 0.054976303317535544
6 0.5132701421800948 0.7909952606635071 0.03317535545023697 0.07488151658767772
6 0.4725118483412322 0.8042654028436019 0.06635071090047394 0.06540284360189573
6 0.4151658767772512 0.8293838862559242 0.06635071090047394 0.06919431279620854
6 0.3800947867298578 0.8672985781990521 0.06540284360189573 0.07014218009478673
1 0.36824644549763036 0.919431279620853 0.07203791469194312 0.07109004739336493
2 0.9545023696682464 0.9085308056872038 0.07203791469194312 0.07962085308056872
8 0.875829383886256 0.9023696682464455 0.08720379146919431 0.08720379146919431
9 0.8137440758293839 0.8966824644549763 0.05971563981042654 0.06540284360189573
9 0.7658767772511849 0.8938388625592417 0.05781990521327014 0.05781990521327014
1 0.7255924170616114 0.8971563981042654 0.06445497630331753 0.06350710900473934
6 0.6971563981042654 0.9142180094786729 0.061611374407582936 0.05687203791469194