3 0.5199052132701422 0.2834123222748815 0.04170616113744076 0.04834123222748815
3 0.5118483412322274 0.21706161137440758 0.05118483412322275 0.05023696682464455
3 0.4962085308056872 0.15876777251184834 0.03886255924170616 0.04075829383886256
2 0.476303317535545 0.1080568720379147 0.04454976303317536 0.06066350710900474
6 0.4308056872037915 0.07393364928909953 0.061611374407582936 0.061611374407582936
6 0.36682464454976305 0.06113744075829384 0.07393364928909953 0.07772511848341232
6 0.2971563981042654 0.05402843601895735 0.06919431279620854 0.06445497630331753
6 0.24218009478672986 0.07677725118483412 0.05308056872037915 0.05023696682464455
1 0.1981042654028436 0.10284360189573459 0.06066350710900474 0.06350710900473934
9 0.1815165876777251 0.15639810426540285 0.06540284360189573 0.05308056872037915
9 0.16682464454976303 0.2052132701421801 0.06540284360189573 0.054976303317535544
8 0.15545023696682464 0.26350710900473934 0.07298578199052133 0.06919431279620854
8 0.7421800947867299 0.4260663507109005 0.04549763033175355 0.07677725118483412
8 0.4545023696682464 0.9516587677725118 0.08246445497630332 0.08625592417061612
9 0.5218009478672986 0.9492890995260663 0.06350710900473934 0.07109004739336493
9 0.5734597156398105 0.9559241706161138 0.06255924170616113 0.06066350710900474
1 0.6274881516587678 0.9687203791469194 0.06445497630331753 0.06255924170616113
7 0.3791469194312796 0.952132701421801 0.06729857819905213 0.07109004739336493
8 0.8815165876777251 0.9924170616113744 0.07203791469194312 0.015165876777251185
9 0.8265402843601896 0.9933649289099526 0.05118483412322275 0.013270142180094787
9 0.7834123222748816 0.9890995260663508 0.04834123222748815 0.021800947867298578
1 0.7450236966824645 0.9933649289099526 0.05118483412322275 0.013270142180094787