3 0.13933649289099526 0.3118483412322275 0.03886255924170616 0.03601895734597156
3 0.14549763033175356 0.35308056872037913 0.03696682464454976 0.03601895734597156
9 0.14170616113744075 0.3971563981042654 0.06635071090047394 0.06066350710900474
1 0.15355450236966825 0.4488151658767773 0.06350710900473934 0.058767772511848344
6 0.17203791469194313 0.48056872037914694 0.05402843601895735 0.037914691943127965
8 0.8227488151658767 0.06824644549763033 0.08151658767772511 0.0909952606635071
9 0.8170616113744076 0.13981042654028436 0.06635071090047394 0.06255924170616113
9 0.8018957345971564 0.19478672985781992 0.06255924170616113 0.05781990521327014
4 0.5014218009478673 0.15118483412322276 0.04739336492890995 0.04928909952606635
5 0.5369668246445498 0.1957345971563981 0.03981042654028436 0.04928909952606635
9 0.5729857819905213 0.26966824644549764 0.06350710900473934 0.07488151658767772
1 0.6180094786729858 0.2957345971563981 0.05118483412322275 0.06445497630331753
1 0.7791469194312797 0.23981042654028437 0.06540284360189573 0.06540284360189573
3 0.7369668246445498 0.25213270142180094 0.05971563981042654 0.05781990521327014
3 0.6535545023696683 0.2824644549763033 0.04739336492890995 0.06445497630331753
9 0.017535545023696683 0.9592417061611375 0.035071090047393366 0.05118483412322275
1 0.01990521327014218 0.909478672985782 0.03981042654028436 0.05971563981042654
4 0.26445497630331755 0.9848341232227488 0.037914691943127965 0.03033175355450237
2 0.24786729857819906 0.952132701421801 0.05687203791469194 0.04549763033175355
9 0.23080568720379147 0.9123222748815166 0.05971563981042654 0.05402843601895735
6 0.035071090047393366 0.8748815165876778 0.052132701421800945 0.05781990521327014
6 0.07630331753554502 0.8483412322274881 0.055924170616113746 0.058767772511848344
6 0.12796208530805686 0.8398104265402844 0.05971563981042654 0.05687203791469194
6 0.16872037914691942 0.852132701421801 0.05023696682464455 0.055924170616113746
1 0.2052132701421801 0.8734597156398104 0.052132701421800945 0.058767772511848344
0 0.9606635071090047 0.6563981042654028 0.043601895734597156 0.043601895734597156
0 0.9388625592417061 0.718957345971564 0.046445497630331754 0.04834123222748815
0 0.8943127962085308 0.7981042654028436 0.04170616113744076 0.04265402843601896
8 0.6104265402843602 0.6772511848341233 0.08341232227488152 0.08341232227488152
8 0.6426540284360189 0.7388625592417062 0.07867298578199051 0.0881516587677725
1 0.8710900473933649 0.8445497630331753 0.05118483412322275 0.07298578199052133
9 0.6701421800947868 0.7919431279620853 0.06066350710900474 0.06350710900473934
9 0.6957345971563981 0.8312796208530806 0.06066350710900474 0.06635071090047394
1 0.7251184834123223 0.8559241706161137 0.05023696682464455 0.07203791469194312
6 0.837914691943128 0.8582938388625593 0.04075829383886256 0.06729857819905213
6 0.7587677725118483 0.8644549763033176 0.035071090047393366 0.06824644549763033
6 0.7867298578199052 0.8753554502369668 0.034123222748815164 0.06066350710900474
6 0.8156398104265403 0.8710900473933649 0.034123222748815164 0.06350710900473934