3 0.045023696682464455 0.28056872037914693 0.04265402843601896 0.03981042654028436
3 0.04597156398104266 0.3222748815165877 0.04075829383886256 0.03981042654028436
8 0.4109004739336493 0.43933649289099524 0.09289099526066351 0.0966824644549763
8 0.34407582938388626 0.48625592417061614 0.0938388625592417 0.09289099526066351
9 0.2900473933649289 0.5113744075829384 0.054976303317535544 0.06066350710900474
9 0.24265402843601896 0.5289099526066351 0.058767772511848344 0.06919431279620854
9 0.036492890995260666 0.36540284360189573 0.07298578199052133 0.06824644549763033
1 0.042180094786729856 0.4184834123222749 0.06919431279620854 0.06540284360189573
1 0.190521327014218 0.5289099526066351 0.06350710900473934 0.07772511848341232
6 0.14881516587677726 0.5374407582938389 0.05781990521327014 0.055924170616113746
6 0.1066350710900474 0.5165876777251185 0.04834123222748815 0.05118483412322275
6 0.07298578199052133 0.495260663507109 0.05687203791469194 0.05308056872037915
6 0.05639810426540284 0.45829383886255926 0.058767772511848344 0.05687203791469194
8 0.662085308056872 0.33744075829383885 0.06540284360189573 0.08151658767772511
8 0.7208530805687203 0.37772511848341234 0.08246445497630332 0.07867298578199051
9 0.7796208530805687 0.4071090047393365 0.05308056872037915 0.06066350710900474
9 0.8303317535545024 0.4327014218009479 0.058767772511848344 0.05781990521327014
1 0.8777251184834123 0.442654028436019 0.05971563981042654 0.06350710900473934
6 0.909952606635071 0.4312796208530806 0.06445497630331753 0.06066350710900474
6 0.9412322274881516 0.4165876777251185 0.05781990521327014 0.055924170616113746
6 0.966350710900474 0.4009478672985782 0.058767772511848344 0.052132701421800945
8 0.5777251184834123 0.7251184834123223 0.06350710900473934 0.05118483412322275
8 0.5611374407582939 0.7677725118483413 0.06066350710900474 0.06445497630331753
9 0.547867298578199 0.8090047393364929 0.055924170616113746 0.04739336492890995
9 0.5246445497630332 0.8407582938388626 0.05971563981042654 0.058767772511848344
8 0.2739336492890995 0.7298578199052133 0.07393364928909953 0.06066350710900474
9 0.2909952606635071 0.7748815165876777 0.06445497630331753 0.061611374407582936
9 0.3127962085308057 0.8199052132701422 0.06445497630331753 0.06350710900473934
1 0.33696682464454975 0.8530805687203792 0.054976303317535544 0.058767772511848344
6 0.36824644549763036 0.875829383886256 0.04549763033175355 0.04739336492890995
6 0.4018957345971564 0.8900473933649289 0.04075829383886256 0.04834123222748815
6 0.4374407582938389 0.8957345971563981 0.04454976303317536 0.04739336492890995
6 0.46966824644549765 0.8886255924170616 0.054976303317535544 0.05402843601895735
1 0.5 0.8701421800947867 0.05781990521327014 0.052132701421800945
8 0.6649289099526067 0.875829383886256 0.07109004739336493 0.08341232227488152
2 0.7232227488151659 0.8881516587677725 0.06729857819905213 0.07582938388625593
9 0.7734597156398104 0.9 0.05781990521327014 0.06729857819905213
9 0.819431279620853 0.9165876777251185 0.061611374407582936 0.07014218009478673
1 0.8677725118483413 0.9251184834123223 0.06350710900473934 0.06635071090047394
6 0.8971563981042654 0.9516587677725118 0.054976303317535544 0.055924170616113746
6 0.9246445497630332 0.9767772511848342 0.07488151658767772 0.046445497630331754