8 0.5227488151658768 0.3080568720379147 0.05402843601895735 0.06066350710900474
8 0.2554502369668246 0.5436018957345972 0.06445497630331753 0.06635071090047394
8 0.1966824644549763 0.5578199052132702 0.07014218009478673 0.061611374407582936
9 0.13744075829383887 0.571563981042654 0.05308056872037915 0.05308056872037915
9 0.08862559241706161 0.5758293838862559 0.04834123222748815 0.05402843601895735
1 0.057345971563981045 0.5507109004739337 0.06824644549763033 0.04454976303317536
6 0.029383886255924172 0.5293838862559241 0.058767772511848344 0.04265402843601896
8 0.5862559241706161 0.833175355450237 0.06919431279620854 0.07488151658767772
8 0.6109004739336493 0.7876777251184834 0.06729857819905213 0.07014218009478673
9 0.6360189573459716 0.7464454976303317 0.054976303317535544 0.05781990521327014
1 0.6639810426540285 0.7075829383886256 0.05023696682464455 0.04928909952606635
6 0.6990521327014217 0.6777251184834123 0.05023696682464455 0.04739336492890995
6 0.7464454976303317 0.6644549763033175 0.061611374407582936 0.05402843601895735
6 0.8033175355450237 0.6706161137440758 0.058767772511848344 0.054976303317535544
6 0.8398104265402844 0.6947867298578199 0.052132701421800945 0.04928909952606635
1 0.8654028436018958 0.7312796208530805 0.052132701421800945 0.05118483412322275
9 0.8739336492890996 0.7786729857819905 0.06824644549763033 0.05308056872037915