8 0.26445497630331755 0.07251184834123223 0.08056872037914692 0.07772511848341232
8 0.2990521327014218 0.14075829383886257 0.0938388625592417 0.08530805687203792
9 0.32654028436018956 0.1985781990521327 0.06066350710900474 0.058767772511848344
9 0.34928909952606635 0.24312796208530807 0.058767772511848344 0.05781990521327014
1 0.3696682464454976 0.28672985781990523 0.06729857819905213 0.06066350710900474
6 0.47488151658767774 0.2862559241706161 0.04928909952606635 0.05687203791469194
6 0.44075829383886256 0.290521327014218 0.05118483412322275 0.052132701421800945
6 0.4071090047393365 0.2881516587677725 0.05781990521327014 0.06350710900473934
5 0.7109004739336493 0.17440758293838862 0.046445497630331754 0.04834123222748815
5 0.8170616113744076 0.13507109004739337 0.04454976303317536 0.04739336492890995
8 0.5246445497630332 0.02085308056872038 0.05023696682464455 0.04170616113744076
9 0.8663507109004739 0.014218009478672985 0.07772511848341232 0.02843601895734597
9 0.8568720379146919 0.042180094786729856 0.07867298578199051 0.07772511848341232
8 0.5407582938388625 0.05781990521327014 0.08246445497630332 0.0947867298578199
9 0.5545023696682464 0.1080568720379147 0.08436018957345971 0.06824644549763033
9 0.5819905213270142 0.14454976303317535 0.08530805687203792 0.07582938388625593
1 0.6260663507109004 0.16966824644549763 0.07393364928909953 0.07014218009478673
1 0.8464454976303317 0.09052132701421801 0.07109004739336493 0.07677725118483412
9 0.2777251184834123 0.6303317535545023 0.08341232227488152 0.061611374407582936
9 0.27440758293838863 0.590047393364929 0.07867298578199051 0.061611374407582936
1 0.26255924170616113 0.5649289099526066 0.08151658767772511 0.03033175355450237
3 0.7279620853080568 0.6393364928909953 0.046445497630331754 0.052132701421800945
1 0.5260663507109005 0.7687203791469195 0.05308056872037915 0.08530805687203792
1 0.737914691943128 0.7132701421800948 0.07393364928909953 0.08341232227488152
6 0.7028436018957346 0.7497630331753554 0.06445497630331753 0.08625592417061612
6 0.6649289099526067 0.7744075829383886 0.07582938388625593 0.0966824644549763
6 0.6080568720379147 0.7881516587677725 0.07582938388625593 0.08720379146919431
6 0.5559241706161138 0.7900473933649289 0.07582938388625593 0.08436018957345971
3 0.7270142180094786 0.5781990521327014 0.034123222748815164 0.04170616113744076