8 0.5559241706161138 0.45781990521327015 0.027488151658767772 0.07203791469194312
8 0.318957345971564 0.1990521327014218 0.08056872037914692 0.08246445497630332
9 0.37109004739336493 0.16018957345971563 0.058767772511848344 0.06445497630331753
9 0.4127962085308057 0.12796208530805686 0.055924170616113746 0.06635071090047394
1 0.46303317535545024 0.1004739336492891 0.05687203791469194 0.06066350710900474
6 0.5109004739336492 0.09052132701421801 0.04739336492890995 0.05402843601895735
6 0.5488151658767773 0.10995260663507109 0.04170616113744076 0.08151658767772511
3 0.7985781990521327 0.16729857819905214 0.043601895734597156 0.05118483412322275
3 0.7696682464454976 0.2127962085308057 0.04454976303317536 0.04739336492890995
3 0.5938388625592417 0.285781990521327 0.04265402843601896 0.04549763033175355
3 0.8146919431279621 0.1009478672985782 0.05023696682464455 0.04549763033175355
8 0.27440758293838863 0.8317535545023697 0.0881516587677725 0.0947867298578199
2 0.2023696682464455 0.8654028436018958 0.07582938388625593 0.0881516587677725
9 0.14502369668246445 0.871563981042654 0.05781990521327014 0.07298578199052133
9 0.0966824644549763 0.8729857819905213 0.05781990521327014 0.07109004739336493
1 0.052132701421800945 0.8601895734597157 0.058767772511848344 0.061611374407582936
6 0.02985781990521327 0.828909952606635 0.05781990521327014 0.04075829383886256
6 0.017535545023696683 0.8118483412322275 0.035071090047393366 0.04265402843601896
8 0.5933649289099526 0.9715639810426541 0.04739336492890995 0.05687203791469194
8 0.5985781990521327 0.9104265402843602 0.05781990521327014 0.07867298578199051
9 0.5981042654028436 0.8502369668246446 0.05687203791469194 0.05308056872037915
9 0.5990521327014218 0.7985781990521327 0.058767772511848344 0.05781990521327014
8 0.9061611374407583 0.8236966824644549 0.08530805687203792 0.08625592417061612
8 0.9488151658767773 0.871563981042654 0.07867298578199051 0.0909952606635071
9 0.8677725118483413 0.7800947867298578 0.06540284360189573 0.06635071090047394
9 0.8412322274881516 0.7327014218009479 0.061611374407582936 0.06540284360189573
1 0.8085308056872038 0.6933649289099526 0.055924170616113746 0.05971563981042654
6 0.7644549763033175 0.6687203791469194 0.054976303317535544 0.058767772511848344
6 0.7208530805687203 0.6540284360189573 0.06255924170616113 0.06824644549763033
6 0.662085308056872 0.6758293838862559 0.07014218009478673 0.06635071090047394
6 0.624170616113744 0.7113744075829384 0.05402843601895735 0.052132701421800945
1 0.6 0.7445497630331753 0.06066350710900474 0.06540284360189573