8 0.05071090047393365 0.22274881516587677 0.0881516587677725 0.08151658767772511
8 0.12985781990521328 0.23696682464454977 0.08246445497630332 0.07867298578199051
9 0.195260663507109 0.24454976303317535 0.05308056872037915 0.06066350710900474
9 0.25213270142180094 0.25165876777251184 0.058767772511848344 0.05781990521327014
1 0.3 0.24454976303317535 0.05971563981042654 0.06350710900473934
6 0.32606635071090045 0.22227488151658767 0.06445497630331753 0.06066350710900474
6 0.35071090047393366 0.1981042654028436 0.05781990521327014 0.055924170616113746
6 0.3687203791469194 0.17488151658767773 0.058767772511848344 0.052132701421800945
8 0.7270142180094786 0.2791469194312796 0.07582938388625593 0.0995260663507109
9 0.7303317535545024 0.35023696682464456 0.07298578199052133 0.07014218009478673
9 0.7274881516587678 0.4066350710900474 0.06824644549763033 0.06445497630331753
1 0.7203791469194313 0.45592417061611373 0.06255924170616113 0.07203791469194312
3 0.6995260663507109 0.4720379146919431 0.02085308056872038 0.054976303317535544
0 0.3170616113744076 0.5123222748815166 0.04834123222748815 0.025592417061611375
0 0.30995260663507107 0.566824644549763 0.052132701421800945 0.05308056872037915
0 0.2843601895734597 0.6540284360189573 0.04549763033175355 0.046445497630331754
8 0.013270142180094787 0.5995260663507109 0.026540284360189573 0.09194312796208531
8 0.03459715639810427 0.6526066350710901 0.06919431279620854 0.09573459715639811
1 0.2720379146919431 0.704265402843602 0.058767772511848344 0.07772511848341232
9 0.06445497630331753 0.6981042654028436 0.06729857819905213 0.07014218009478673
9 0.0981042654028436 0.7308056872037915 0.06824644549763033 0.07203791469194312
1 0.13270142180094788 0.7483412322274882 0.05781990521327014 0.07677725118483412
6 0.24265402843601896 0.7251184834123223 0.04739336492890995 0.07109004739336493
6 0.16729857819905214 0.7492890995260664 0.04265402843601896 0.07203791469194312
6 0.1966824644549763 0.7530805687203791 0.04075829383886256 0.06350710900473934
6 0.22369668246445498 0.7426540284360189 0.04075829383886256 0.06635071090047394
4 0.9080568720379147 0.7800947867298578 0.05971563981042654 0.05402843601895735
4 0.8900473933649289 0.8350710900473933 0.04928909952606635 0.04928909952606635
9 0.8753554502369668 0.8739336492890996 0.05023696682464455 0.06066350710900474
9 0.8473933649289099 0.9085308056872038 0.06635071090047394 0.058767772511848344
1 0.8071090047393364 0.9436018957345972 0.05781990521327014 0.06445497630331753
6 0.761611374407583 0.95260663507109 0.054976303317535544 0.06255924170616113
6 0.7265402843601896 0.9625592417061611 0.05023696682464455 0.06540284360189573
6 0.7018957345971564 0.9530805687203792 0.025592417061611375 0.05971563981042654