9 0.11469194312796209 0.016113744075829384 0.06635071090047394 0.03222748815165877
1 0.06492890995260664 0.027014218009478674 0.05781990521327014 0.05402843601895735
6 0.023222748815165877 0.022748815165876776 0.046445497630331754 0.04549763033175355
3 0.3402843601895735 0.8540284360189574 0.05308056872037915 0.05687203791469194
3 0.3109004739336493 0.8004739336492891 0.04928909952606635 0.04834123222748815
9 0.2900473933649289 0.7549763033175355 0.0881516587677725 0.07203791469194312
9 0.2876777251184834 0.7033175355450237 0.08341232227488152 0.06919431279620854
1 0.2725118483412322 0.6398104265402843 0.07677725118483412 0.07109004739336493
6 0.2876777251184834 0.5829383886255924 0.07677725118483412 0.07109004739336493
6 0.31563981042654027 0.5341232227488152 0.08909952606635071 0.09194312796208531
6 0.35734597156398107 0.5028436018957346 0.06445497630331753 0.0881516587677725
8 0.9009478672985782 0.8322274881516588 0.10995260663507109 0.1023696682464455
8 0.8127962085308057 0.8464454976303317 0.0985781990521327 0.0985781990521327
8 0.7369668246445498 0.8260663507109005 0.09573459715639811 0.0966824644549763
9 0.7037914691943128 0.7592417061611374 0.06350710900473934 0.06445497630331753
9 0.6540284360189573 0.7687203791469195 0.06919431279620854 0.07109004739336493
1 0.6090047393364929 0.7824644549763033 0.06255924170616113 0.07109004739336493
6 0.5625592417061611 0.7753554502369668 0.06824644549763033 0.07677725118483412
6 0.5255924170616114 0.7767772511848341 0.05308056872037915 0.052132701421800945