9 0.5943127962085308 0.22796208530805687 0.03033175355450237 0.09573459715639811
1 0.633175355450237 0.22037914691943128 0.07203791469194312 0.08720379146919431
6 0.6900473933649289 0.23127962085308057 0.06919431279620854 0.07772511848341232
6 0.771563981042654 0.2739336492890995 0.0966824644549763 0.03033175355450237
6 0.738388625592417 0.25308056872037915 0.09289099526066351 0.07203791469194312
8 0.4071090047393365 0.8677725118483413 0.06635071090047394 0.06540284360189573
8 0.3900473933649289 0.8099526066350711 0.07677725118483412 0.08341232227488152
9 0.3691943127962085 0.7597156398104266 0.06255924170616113 0.058767772511848344
9 0.34928909952606635 0.7203791469194313 0.06540284360189573 0.061611374407582936
8 0.08767772511848342 0.9270142180094787 0.06919431279620854 0.06350710900473934
8 0.0938388625592417 0.8663507109004739 0.07867298578199051 0.07677725118483412
9 0.0976303317535545 0.8099526066350711 0.07203791469194312 0.05402843601895735
9 0.104739336492891 0.7644549763033175 0.07014218009478673 0.054976303317535544
1 0.3303317535545024 0.6853080568720379 0.054976303317535544 0.058767772511848344
1 0.1066350710900474 0.7161137440758294 0.05023696682464455 0.058767772511848344
6 0.290521327014218 0.6616113744075829 0.04834123222748815 0.046445497630331754
6 0.24123222748815165 0.647867298578199 0.05971563981042654 0.04170616113744076
6 0.18388625592417063 0.6540284360189573 0.06350710900473934 0.04834123222748815
6 0.13649289099526066 0.6777251184834123 0.04265402843601896 0.05023696682464455
4 0.9018957345971564 0.704265402843602 0.04454976303317536 0.04170616113744076
3 0.8843601895734597 0.7540284360189573 0.046445497630331754 0.04454976303317536
3 0.590047393364929 0.7545023696682465 0.021800947867298578 0.043601895734597156
8 0.6 0.690521327014218 0.04170616113744076 0.08436018957345971
9 0.6009478672985782 0.8085308056872038 0.043601895734597156 0.06255924170616113
9 0.6104265402843602 0.852132701421801 0.06255924170616113 0.06255924170616113
1 0.6165876777251185 0.9009478672985782 0.06066350710900474 0.05971563981042654
6 0.6914691943127962 0.9355450236966825 0.06919431279620854 0.07203791469194312
6 0.7497630331753554 0.9360189573459715 0.07014218009478673 0.07014218009478673
6 0.7981042654028436 0.9218009478672986 0.05402843601895735 0.058767772511848344
1 0.8350710900473933 0.9127962085308057 0.06255924170616113 0.06824644549763033
9 0.8473933649289099 0.8592417061611375 0.07203791469194312 0.06445497630331753
9 0.8748815165876778 0.8180094786729858 0.06919431279620854 0.058767772511848344
6 0.647867298578199 0.9345971563981043 0.055924170616113746 0.06445497630331753