8 0.25971563981042656 0.547867298578199 0.08530805687203792 0.08151658767772511
8 0.22037914691943128 0.4919431279620853 0.0938388625592417 0.0947867298578199
9 0.17867298578199053 0.44502369668246444 0.05971563981042654 0.06350710900473934
9 0.14739336492890995 0.4165876777251185 0.06255924170616113 0.06729857819905213
6 0.00900473933649289 0.3966824644549763 0.01800947867298578 0.08436018957345971
6 0.022748815165876776 0.3909952606635071 0.04549763033175355 0.09194312796208531
6 0.05071090047393365 0.3815165876777251 0.054976303317535544 0.08625592417061612
6 0.07630331753554502 0.3687203791469194 0.043601895734597156 0.058767772511848344
1 0.104739336492891 0.3909952606635071 0.06729857819905213 0.07772511848341232
8 0.8995260663507109 0.4075829383886256 0.12417061611374408 0.11943127962085308
9 0.9 0.328436018957346 0.1080568720379147 0.0909952606635071
1 0.904739336492891 0.25118483412322273 0.1080568720379147 0.0938388625592417
3 0.5379146919431279 0.34502369668246446 0.04454976303317536 0.04739336492890995
3 0.5786729857819906 0.2947867298578199 0.05402843601895735 0.05308056872037915
3 0.6521327014218009 0.218957345971564 0.04549763033175355 0.054976303317535544
3 0.7014218009478673 0.21184834123222748 0.043601895734597156 0.043601895734597156
3 0.7753554502369668 0.2071090047393365 0.04549763033175355 0.04454976303317536
3 0.8450236966824645 0.24691943127962085 0.04834123222748815 0.04454976303317536
3 0.8563981042654029 0.48056872037914694 0.052132701421800945 0.05402843601895735
8 0.36540284360189573 0.8109004739336493 0.1033175355450237 0.0976303317535545
8 0.3644549763033175 0.7402843601895734 0.0938388625592417 0.08151658767772511