8 0.5625592417061611 0.4720379146919431 0.05402843601895735 0.034123222748815164
8 0.2018957345971564 0.46777251184834123 0.07772511848341232 0.04265402843601896
8 0.22085308056872038 0.43033175355450237 0.08056872037914692 0.07393364928909953
9 0.24218009478672986 0.3900473933649289 0.07109004739336493 0.06729857819905213
9 0.27109004739336495 0.35071090047393366 0.061611374407582936 0.05971563981042654
1 0.304739336492891 0.3137440758293839 0.061611374407582936 0.06350710900473934
9 0.5677725118483412 0.4312796208530806 0.043601895734597156 0.05687203791469194
9 0.5611374407582939 0.3853080568720379 0.05687203791469194 0.05971563981042654
1 0.533649289099526 0.33838862559241706 0.06445497630331753 0.06255924170616113
6 0.34265402843601894 0.28056872037914693 0.05781990521327014 0.052132701421800945
6 0.3962085308056872 0.2663507109004739 0.07014218009478673 0.06729857819905213
6 0.4781990521327014 0.2734597156398104 0.06919431279620854 0.07298578199052133
6 0.5137440758293839 0.2990521327014218 0.058767772511848344 0.06350710900473934
9 0.6099526066350711 0.01943127962085308 0.04075829383886256 0.03886255924170616
1 0.6492890995260664 0.015639810426540283 0.054976303317535544 0.031279620853080566
6 0.6947867298578199 0.01990521327014218 0.058767772511848344 0.03981042654028436
6 0.7327014218009479 0.034123222748815164 0.07203791469194312 0.06824644549763033
6 0.7644549763033175 0.07630331753554502 0.07772511848341232 0.07582938388625593
3 0.24360189573459715 0.9545023696682464 0.03886255924170616 0.04075829383886256
3 0.25687203791469193 0.9004739336492891 0.03696682464454976 0.03696682464454976
9 0.25924170616113745 0.8597156398104265 0.06824644549763033 0.05687203791469194
9 0.2772511848341232 0.828909952606635 0.06255924170616113 0.05781990521327014
1 0.3028436018957346 0.8028436018957346 0.06350710900473934 0.06066350710900474
6 0.33127962085308055 0.7805687203791469 0.04928909952606635 0.04928909952606635
6 0.3706161137440758 0.7734597156398104 0.05971563981042654 0.055924170616113746
6 0.42322274881516586 0.7796208530805687 0.061611374407582936 0.055924170616113746
6 0.4720379146919431 0.7976303317535545 0.05118483412322275 0.05023696682464455
1 0.504739336492891 0.8222748815165877 0.05402843601895735 0.05971563981042654
4 0.5218009478672986 0.8677725118483413 0.03601895734597156 0.037914691943127965
9 0.5379146919431279 0.9127962085308057 0.06729857819905213 0.061611374407582936
8 0.5440758293838862 0.9616113744075829 0.07109004739336493 0.07582938388625593
8 0.54739336492891 0.9886255924170616 0.061611374407582936 0.022748815165876776
8 0.8502369668246446 0.6625592417061611 0.061611374407582936 0.06919431279620854
8 0.8090047393364929 0.6928909952606636 0.06635071090047394 0.07298578199052133
9 0.7663507109004739 0.718957345971564 0.04928909952606635 0.05687203791469194
9 0.7327014218009479 0.7511848341232228 0.05308056872037915 0.05402843601895735
1 0.695260663507109 0.7658767772511849 0.05402843601895735 0.06540284360189573
6 0.6540284360189573 0.7625592417061612 0.052132701421800945 0.06824644549763033
6 0.6175355450236967 0.7554502369668247 0.04928909952606635 0.06919431279620854
6 0.5990521327014218 0.7431279620853081 0.018957345971563982 0.06445497630331753