8 0.3180094786729858 0.16303317535545023 0.06919431279620854 0.07109004739336493
8 0.29241706161137443 0.1052132701421801 0.07109004739336493 0.07203791469194312
8 0.2616113744075829 0.05071090047393365 0.06635071090047394 0.06635071090047394
9 0.008056872037914692 0.08151658767772511 0.016113744075829384 0.054976303317535544
9 0.014691943127962086 0.03317535545023697 0.029383886255924172 0.054976303317535544
9 0.22796208530805687 0.016113744075829384 0.05781990521327014 0.03222748815165877
1 0.027014218009478674 0.010900473933649289 0.05402843601895735 0.021800947867298578
8 0.9781990521327014 0.23364928909952606 0.043601895734597156 0.09194312796208531
4 0.9440758293838862 0.23649289099526066 0.05118483412322275 0.04454976303317536
9 0.8938388625592417 0.2663507109004739 0.06255924170616113 0.08056872037914692
1 0.8402843601895734 0.2800947867298578 0.07393364928909953 0.06729857819905213
6 0.7815165876777251 0.2800947867298578 0.06540284360189573 0.06066350710900474
6 0.7308056872037915 0.26350710900473934 0.07582938388625593 0.07962085308056872
8 0.323696682464455 0.7781990521327015 0.08720379146919431 0.08530805687203792
9 0.38957345971563984 0.7834123222748816 0.06066350710900474 0.07488151658767772
8 0.8943127962085308 0.7777251184834123 0.07867298578199051 0.09289099526066351
8 0.833175355450237 0.7720379146919432 0.08151658767772511 0.0966824644549763
9 0.7734597156398104 0.771563981042654 0.058767772511848344 0.07867298578199051
9 0.7232227488151659 0.7696682464454976 0.061611374407582936 0.07677725118483412
1 0.671563981042654 0.7753554502369668 0.06255924170616113 0.06635071090047394
6 0.6255924170616114 0.7838862559241706 0.05308056872037915 0.05402843601895735
6 0.5947867298578199 0.819431279620853 0.08151658767772511 0.06919431279620854