6 0.32085308056872036 0.24265402843601896 0.05781990521327014 0.06635071090047394
6 0.29241706161137443 0.2777251184834123 0.09289099526066351 0.07867298578199051
8 0.7772511848341233 0.06777251184834124 0.08909952606635071 0.08909952606635071
9 0.7767772511848341 0.12985781990521328 0.07014218009478673 0.06445497630331753
9 0.7687203791469195 0.18293838862559242 0.07014218009478673 0.06919431279620854
8 0.4725118483412322 0.15924170616113745 0.0985781990521327 0.09573459715639811
9 0.5445497630331754 0.25687203791469193 0.06445497630331753 0.06824644549763033
1 0.7545023696682465 0.23033175355450236 0.07488151658767772 0.07582938388625593
6 0.7393364928909952 0.2682464454976303 0.06255924170616113 0.07298578199052133
6 0.704739336492891 0.2876777251184834 0.06066350710900474 0.07867298578199051
6 0.6682464454976303 0.3018957345971564 0.05308056872037915 0.07109004739336493
6 0.6251184834123222 0.3066350710900474 0.06066350710900474 0.07393364928909953
1 0.5800947867298578 0.2848341232227488 0.06445497630331753 0.08056872037914692
8 0.4374407582938389 0.0938388625592417 0.0909952606635071 0.07867298578199051
7 0.5090047393364929 0.2109004739336493 0.054976303317535544 0.05781990521327014
1 0.017535545023696683 0.7748815165876777 0.035071090047393366 0.07109004739336493
0 0.6582938388625592 0.7649289099526067 0.04075829383886256 0.04075829383886256
0 0.681042654028436 0.8184834123222748 0.04454976303317536 0.046445497630331754
0 0.7274881516587678 0.8838862559241706 0.03981042654028436 0.03886255924170616
8 0.9725118483412323 0.7374407582938388 0.054976303317535544 0.07014218009478673
8 0.9601895734597157 0.7966824644549763 0.07962085308056872 0.08246445497630332
9 0.9507109004739337 0.842654028436019 0.061611374407582936 0.05687203791469194
9 0.9355450236966825 0.8777251184834123 0.05971563981042654 0.061611374407582936
1 0.918957345971564 0.923696682464455 0.05971563981042654 0.05781990521327014
6 0.885308056872038 0.9454976303317536 0.04454976303317536 0.043601895734597156
6 0.8507109004739336 0.9563981042654028 0.04075829383886256 0.03981042654028436
6 0.8156398104265403 0.9592417061611375 0.043601895734597156 0.043601895734597156
6 0.7824644549763033 0.9507109004739337 0.04265402843601896 0.046445497630331754
1 0.7492890995260664 0.9246445497630332 0.06445497630331753 0.07014218009478673