9 0.4018957345971564 0.17535545023696683 0.054976303317535544 0.07772511848341232
9 0.36161137440758295 0.15639810426540285 0.06824644549763033 0.08056872037914692
1 0.3127962085308057 0.13696682464454976 0.06824644549763033 0.07582938388625593
6 0.26398104265402844 0.13981042654028436 0.06824644549763033 0.06729857819905213
6 0.21990521327014217 0.16066350710900473 0.0938388625592417 0.07962085308056872
8 0.45687203791469194 0.26255924170616113 0.054976303317535544 0.11184834123222749
8 0.500473933649289 0.23080568720379147 0.1080568720379147 0.11090047393364928
9 0.5706161137440758 0.20616113744075829 0.08436018957345971 0.08909952606635071
9 0.6255924170616114 0.19478672985781992 0.08056872037914692 0.08436018957345971
1 0.6848341232227488 0.18909952606635072 0.06255924170616113 0.06540284360189573
8 0.7990521327014218 0.3943127962085308 0.07962085308056872 0.03033175355450237
1 0.8165876777251185 0.36208530805687206 0.07203791469194312 0.06350710900473934
6 0.828436018957346 0.3123222748815166 0.05687203791469194 0.058767772511848344
6 0.8151658767772512 0.26492890995260665 0.07298578199052133 0.07488151658767772
6 0.7829383886255924 0.21753554502369668 0.07014218009478673 0.07867298578199051
1 0.6843601895734597 0.18625592417061612 0.06255924170616113 0.07109004739336493
6 0.7388625592417062 0.1962085308056872 0.05971563981042654 0.061611374407582936
8 0.02890995260663507 0.6023696682464454 0.05781990521327014 0.09573459715639811
9 0.07203791469194312 0.6037914691943128 0.06824644549763033 0.08151658767772511
9 0.11469194312796209 0.6151658767772512 0.05971563981042654 0.07582938388625593
1 0.16398104265402844 0.6218009478672986 0.06255924170616113 0.06729857819905213
6 0.2109004739336493 0.6388625592417062 0.06540284360189573 0.06540284360189573
6 0.23696682464454977 0.6687203791469194 0.07677725118483412 0.07582938388625593
4 0.9265402843601895 0.8028436018957346 0.05023696682464455 0.04834123222748815
8 0.8701421800947867 0.7540284360189573 0.08246445497630332 0.0995260663507109
9 0.8203791469194313 0.7355450236966825 0.06066350710900474 0.07962085308056872
9 0.7796208530805687 0.7241706161137441 0.06066350710900474 0.08151658767772511
1 0.738388625592417 0.7113744075829384 0.06350710900473934 0.07488151658767772
6 0.6976303317535545 0.718957345971564 0.07298578199052133 0.07393364928909953
6 0.6592417061611374 0.7279620853080568 0.08625592417061612 0.07677725118483412