8 0.25450236966824646 0.21706161137440758 0.054976303317535544 0.06255924170616113
9 0.2729857819905213 0.26540284360189575 0.052132701421800945 0.05023696682464455
6 0.33270142180094786 0.35545023696682465 0.013270142180094787 0.05308056872037915
1 0.3161137440758294 0.3345971563981043 0.046445497630331754 0.043601895734597156
9 0.290521327014218 0.3052132701421801 0.05308056872037915 0.04739336492890995
9 0.614218009478673 0.4597156398104265 0.07014218009478673 0.018957345971563982
9 0.6417061611374407 0.42890995260663506 0.07488151658767772 0.06824644549763033
9 0.9540284360189574 0.45023696682464454 0.061611374407582936 0.037914691943127965
9 0.9213270142180094 0.41706161137440756 0.08056872037914692 0.07677725118483412
1 0.6744075829383887 0.3805687203791469 0.05687203791469194 0.06445497630331753
6 0.7080568720379147 0.34502369668246446 0.04739336492890995 0.05402843601895735
6 0.7530805687203791 0.32654028436018956 0.05687203791469194 0.05781990521327014
6 0.8061611374407583 0.33080568720379144 0.06255924170616113 0.06255924170616113
6 0.8573459715639811 0.33933649289099527 0.046445497630331754 0.05402843601895735
1 0.8943127962085308 0.36492890995260663 0.052132701421800945 0.05687203791469194
3 0.05781990521327014 0.5725118483412323 0.04265402843601896 0.05023696682464455
3 0.12274881516587678 0.5867298578199052 0.043601895734597156 0.04265402843601896
9 0.1928909952606635 0.5853080568720379 0.058767772511848344 0.05971563981042654
9 0.23933649289099526 0.5914691943127962 0.043601895734597156 0.04739336492890995
1 0.2796208530805687 0.5881516587677725 0.055924170616113746 0.054976303317535544
6 0.3113744075829384 0.5748815165876777 0.055924170616113746 0.046445497630331754
6 0.3222748815165877 0.5540284360189573 0.034123222748815164 0.031279620853080566
2 0.8611374407582938 0.6303317535545023 0.09289099526066351 0.08341232227488152
8 0.7800947867298578 0.64739336492891 0.0947867298578199 0.1023696682464455
9 0.7156398104265402 0.6725118483412322 0.06445497630331753 0.07582938388625593
9 0.6611374407582938 0.6720379146919432 0.06066350710900474 0.07298578199052133
1 0.6099526066350711 0.6654028436018957 0.05402843601895735 0.07203791469194312
6 0.5658767772511848 0.6454976303317536 0.04834123222748815 0.06255924170616113
6 0.5587677725118484 0.6137440758293838 0.05971563981042654 0.04928909952606635
6 0.5374407582938389 0.5938388625592417 0.04170616113744076 0.04170616113744076