8 0.6696682464454976 0.37251184834123224 0.03886255924170616 0.07203791469194312
8 0.6625592417061611 0.3 0.05308056872037915 0.08625592417061612
9 0.656872037914692 0.23933649289099526 0.058767772511848344 0.06350710900473934
9 0.6393364928909953 0.1881516587677725 0.05118483412322275 0.05118483412322275
8 0.3251184834123223 0.34407582938388626 0.06255924170616113 0.06255924170616113
8 0.35639810426540286 0.2739336492890995 0.06824644549763033 0.07298578199052133
9 0.38957345971563984 0.21943127962085307 0.06635071090047394 0.06919431279620854
9 0.4127962085308057 0.17156398104265402 0.05402843601895735 0.06729857819905213
1 0.44644549763033176 0.14360189573459717 0.05402843601895735 0.06540284360189573
6 0.48104265402843605 0.12037914691943127 0.03696682464454976 0.058767772511848344
6 0.5175355450236967 0.11232227488151658 0.03601895734597156 0.054976303317535544
6 0.5545023696682464 0.13317535545023695 0.03601895734597156 0.08056872037914692
6 0.5867298578199052 0.13696682464454976 0.03886255924170616 0.07867298578199051
1 0.6118483412322275 0.16303317535545023 0.05118483412322275 0.0947867298578199
3 0.7739336492890996 0.35450236966824644 0.04170616113744076 0.03696682464454976
3 0.8071090047393364 0.4052132701421801 0.04170616113744076 0.034123222748815164
9 0.8530805687203792 0.43033175355450237 0.06255924170616113 0.058767772511848344
8 0.6170616113744076 0.6748815165876777 0.07582938388625593 0.08530805687203792
8 0.5758293838862559 0.6260663507109004 0.07867298578199051 0.0881516587677725
9 0.5407582938388625 0.5772511848341232 0.05687203791469194 0.06350710900473934
9 0.2834123222748815 0.7104265402843601 0.07393364928909953 0.05781990521327014
1 0.4725118483412322 0.5123222748815166 0.05781990521327014 0.07582938388625593
6 0.42938388625592416 0.4895734597156398 0.05308056872037915 0.05971563981042654
6 0.3767772511848341 0.4943127962085308 0.06350710900473934 0.06255924170616113
6 0.3180094786729858 0.5161137440758294 0.06255924170616113 0.06635071090047394
6 0.28104265402843603 0.5521327014218009 0.061611374407582936 0.06729857819905213
1 0.2663507109004739 0.6037914691943128 0.06919431279620854 0.06824644549763033
9 0.9203791469194312 0.48104265402843605 0.05308056872037915 0.04265402843601896
9 0.9213270142180094 0.5270142180094787 0.05781990521327014 0.05023696682464455
1 0.9355450236966825 0.5758293838862559 0.06729857819905213 0.055924170616113746
6 0.9924170616113744 0.6450236966824645 0.015165876777251185 0.06540284360189573
6 0.9772511848341232 0.6350710900473934 0.04549763033175355 0.07014218009478673
6 0.9497630331753555 0.6151658767772512 0.055924170616113746 0.06445497630331753