8 0.109478672985782 0.44170616113744077 0.1004739336492891 0.1033175355450237
8 0.15497630331753554 0.3919431279620853 0.1014218009478673 0.1080568720379147
9 0.20568720379146918 0.34928909952606635 0.07203791469194312 0.07203791469194312
9 0.24312796208530807 0.3170616113744076 0.07393364928909953 0.08056872037914692
3 0.3938388625592417 0.34834123222748814 0.031279620853080566 0.05402843601895735
6 0.3791469194312796 0.271563981042654 0.06066350710900474 0.08246445497630332
6 0.3350710900473934 0.28056872037914693 0.05687203791469194 0.06540284360189573
1 0.2838862559241706 0.2881516587677725 0.06540284360189573 0.07677725118483412
8 0.7312796208530805 0.4251184834123223 0.07298578199052133 0.07203791469194312
8 0.6687203791469194 0.43554502369668247 0.07677725118483412 0.07677725118483412
9 0.6151658767772512 0.43507109004739336 0.052132701421800945 0.05687203791469194
9 0.5786729857819906 0.4374407582938389 0.054976303317535544 0.05687203791469194
1 0.5374407582938389 0.45023696682464454 0.052132701421800945 0.061611374407582936
6 0.509478672985782 0.4597156398104265 0.052132701421800945 0.05781990521327014
6 0.4909952606635071 0.4710900473933649 0.05023696682464455 0.05308056872037915
6 0.46824644549763034 0.495260663507109 0.05402843601895735 0.05971563981042654
8 0.016587677725118485 0.833175355450237 0.03317535545023697 0.07772511848341232
9 0.02132701421800948 0.9402843601895735 0.04265402843601896 0.058767772511848344
1 0.03222748815165877 0.9744075829383886 0.05687203791469194 0.05118483412322275
6 0.05023696682464455 0.9886255924170616 0.054976303317535544 0.022748815165876776
1 0.17156398104265402 0.9867298578199052 0.05308056872037915 0.026540284360189573
9 0.2009478672985782 0.9753554502369668 0.054976303317535544 0.04928909952606635
9 0.22511848341232227 0.9436018957345972 0.06255924170616113 0.058767772511848344
3 0.25971563981042656 0.8895734597156398 0.03696682464454976 0.037914691943127965
3 0.2881516587677725 0.8417061611374408 0.04075829383886256 0.03981042654028436
8 0.013270142180094787 0.7748815165876777 0.026540284360189573 0.07298578199052133
9 0.014218009478672985 0.8938388625592417 0.02843601895734597 0.06066350710900474
9 0.6454976303317536 0.637914691943128 0.07203791469194312 0.017061611374407582