1 0.011374407582938388 0.07440758293838863 0.022748815165876776 0.07488151658767772
6 0.03222748815165877 0.08056872037914692 0.061611374407582936 0.07488151658767772
6 0.07630331753554502 0.10853080568720379 0.07298578199052133 0.07772511848341232
6 0.11611374407582939 0.15165876777251186 0.07962085308056872 0.08246445497630332
6 0.13838862559241707 0.2009478672985782 0.06635071090047394 0.06919431279620854
1 0.13933649289099526 0.25071090047393363 0.07582938388625593 0.07393364928909953
2 0.12369668246445498 0.2995260663507109 0.061611374407582936 0.05023696682464455
9 0.10995260663507109 0.34407582938388626 0.07962085308056872 0.07014218009478673
8 0.07109004739336493 0.376303317535545 0.1061611374407583 0.06635071090047394
2 0.5725118483412323 0.26919431279620853 0.06824644549763033 0.06729857819905213
2 0.6327014218009479 0.304739336492891 0.07488151658767772 0.07393364928909953
9 0.690521327014218 0.3341232227488152 0.06824644549763033 0.06635071090047394
9 0.7255924170616114 0.36729857819905215 0.06635071090047394 0.06919431279620854
1 0.7758293838862559 0.3691943127962085 0.07109004739336493 0.08056872037914692
6 0.828436018957346 0.36824644549763036 0.061611374407582936 0.06729857819905213
8 0.15829383886255924 0.819431279620853 0.08341232227488152 0.0976303317535545
9 0.15165876777251186 0.7549763033175355 0.07203791469194312 0.06635071090047394
1 0.11184834123222749 0.6658767772511849 0.06635071090047394 0.07488151658767772
6 0.08341232227488152 0.6355450236966824 0.054976303317535544 0.06635071090047394
6 0.04597156398104266 0.6180094786729858 0.055924170616113746 0.07109004739336493
4 0.6364928909952606 0.8251184834123223 0.052132701421800945 0.05023696682464455
8 0.5824644549763033 0.7734597156398104 0.08625592417061612 0.1014218009478673
9 0.533649289099526 0.75260663507109 0.06350710900473934 0.08151658767772511
9 0.4933649289099526 0.7388625592417062 0.06350710900473934 0.08341232227488152
1 0.45308056872037916 0.7241706161137441 0.06540284360189573 0.07677725118483412
6 0.42938388625592416 0.728909952606635 0.03981042654028436 0.07582938388625593