3 0.11563981042654028 0.3928909952606635 0.05118483412322275 0.05118483412322275
3 0.15023696682464455 0.42322274881516586 0.05023696682464455 0.03317535545023697
4 0.49146919431279623 0.06255924170616113 0.04454976303317536 0.043601895734597156
3 0.5355450236966824 0.14834123222748816 0.03981042654028436 0.034123222748815164
9 0.7511848341232228 0.15924170616113745 0.054976303317535544 0.05308056872037915
2 0.5559241706161138 0.2028436018957346 0.04834123222748815 0.05023696682464455
1 0.5824644549763033 0.23649289099526066 0.04928909952606635 0.058767772511848344
1 0.7336492890995261 0.2028436018957346 0.05781990521327014 0.052132701421800945
6 0.614691943127962 0.25355450236966826 0.04454976303317536 0.06066350710900474
6 0.6516587677725119 0.25876777251184835 0.03886255924170616 0.05687203791469194
6 0.6867298578199053 0.25260663507109005 0.04549763033175355 0.05118483412322275
6 0.7161137440758294 0.23270142180094786 0.05402843601895735 0.05402843601895735
6 0.011848341232227487 0.5284360189573459 0.023696682464454975 0.052132701421800945
4 0.9156398104265403 0.466824644549763 0.03696682464454976 0.034123222748815164
4 0.8876777251184834 0.504739336492891 0.03601895734597156 0.03601895734597156
4 0.7962085308056872 0.5639810426540285 0.035071090047393366 0.034123222748815164
4 0.7327014218009479 0.5507109004739337 0.034123222748815164 0.03317535545023697
4 0.6943127962085308 0.5393364928909953 0.03696682464454976 0.03601895734597156
3 0.6725118483412322 0.4966824644549763 0.03317535545023697 0.03317535545023697
4 0.6227488151658768 0.4483412322274882 0.03222748815165877 0.017061611374407582