3 0.3241706161137441 0.027014218009478674 0.04549763033175355 0.04549763033175355
8 0.25829383886255924 0.02037914691943128 0.08056872037914692 0.04075829383886256
9 0.2014218009478673 0.012796208530805687 0.055924170616113746 0.025592417061611375
9 0.15592417061611374 0.010900473933649289 0.05781990521327014 0.021800947867298578
1 0.1052132701421801 0.015165876777251185 0.06445497630331753 0.03033175355450237
6 0.06635071090047394 0.02085308056872038 0.06066350710900474 0.04170616113744076
6 0.034123222748815164 0.03175355450236967 0.058767772511848344 0.05308056872037915
9 0.5919431279620853 0.05687203791469194 0.06066350710900474 0.05781990521327014
9 0.6 0.1018957345971564 0.05781990521327014 0.055924170616113746
9 0.8127962085308057 0.08199052132701422 0.05308056872037915 0.05308056872037915
9 0.8061611374407583 0.12464454976303317 0.052132701421800945 0.05308056872037915
1 0.6189573459715639 0.14312796208530806 0.04549763033175355 0.04928909952606635
1 0.7867298578199052 0.15924170616113745 0.05118483412322275 0.046445497630331754
6 0.7578199052132701 0.17298578199052134 0.05308056872037915 0.04549763033175355
6 0.723696682464455 0.17298578199052134 0.04834123222748815 0.04739336492890995
6 0.6890995260663507 0.17061611374407584 0.04454976303317536 0.04549763033175355
6 0.6507109004739337 0.16398104265402844 0.05023696682464455 0.04928909952606635
8 0.3630331753554502 0.7109004739336493 0.05308056872037915 0.08909952606635071
9 0.32180094786729857 0.6914691943127962 0.055924170616113746 0.07203791469194312
9 0.2739336492890995 0.6819905213270142 0.05687203791469194 0.07109004739336493
1 0.22322274881516588 0.6706161137440758 0.058767772511848344 0.061611374407582936
6 0.1734597156398104 0.6720379146919432 0.06635071090047394 0.06540284360189573
6 0.12322274881516587 0.6890995260663507 0.08151658767772511 0.07582938388625593
8 0.895260663507109 0.5521327014218009 0.07014218009478673 0.07203791469194312
8 0.8355450236966825 0.5616113744075829 0.07488151658767772 0.06729857819905213
9 0.7753554502369668 0.5701421800947867 0.05687203791469194 0.05687203791469194
9 0.7260663507109004 0.5701421800947867 0.05308056872037915 0.05781990521327014
1 0.6971563981042654 0.5421800947867299 0.07109004739336493 0.05023696682464455
6 0.6644549763033175 0.5180094786729857 0.07488151658767772 0.04928909952606635