8 0.016113744075829384 0.47393364928909953 0.03222748815165877 0.08720379146919431
8 0.06445497630331753 0.46161137440758293 0.07867298578199051 0.08909952606635071
9 0.12085308056872038 0.4601895734597156 0.055924170616113746 0.07677725118483412
9 0.16777251184834124 0.4663507109004739 0.05971563981042654 0.07962085308056872
1 0.2184834123222749 0.4706161137440758 0.054976303317535544 0.06540284360189573
8 0.7819905213270142 0.17535545023696683 0.0966824644549763 0.1023696682464455
8 0.7066350710900474 0.1938388625592417 0.09194312796208531 0.0976303317535545
9 0.6492890995260664 0.2184834123222749 0.061611374407582936 0.06824644549763033
9 0.5924170616113744 0.20900473933649288 0.06255924170616113 0.07014218009478673
1 0.5497630331753555 0.2028436018957346 0.03981042654028436 0.06824644549763033
8 0.2895734597156398 0.8507109004739336 0.06729857819905213 0.06635071090047394
8 0.3033175355450237 0.9066350710900474 0.07014218009478673 0.07298578199052133
9 0.3246445497630332 0.9507109004739337 0.054976303317535544 0.052132701421800945
9 0.5232227488151658 0.9402843601895735 0.013270142180094787 0.05118483412322275
1 0.5132701421800948 0.9739336492890995 0.03317535545023697 0.052132701421800945
0 0.34976303317535545 0.9824644549763033 0.03222748815165877 0.035071090047393366
0 0.3819905213270142 0.9943127962085309 0.034123222748815164 0.011374407582938388
0 0.4981042654028436 0.9886255924170616 0.03886255924170616 0.022748815165876776
8 0.7402843601895734 0.6165876777251185 0.07203791469194312 0.05402843601895735
9 0.9919431279620853 0.6180094786729858 0.016113744075829384 0.05308056872037915
9 0.9838862559241706 0.6563981042654028 0.03222748815165877 0.04834123222748815
9 0.7748815165876777 0.6554502369668247 0.05118483412322275 0.052132701421800945
9 0.7981042654028436 0.6796208530805687 0.05308056872037915 0.05687203791469194
1 0.8184834123222748 0.7099526066350711 0.054976303317535544 0.07582938388625593
1 0.9630331753554502 0.6881516587677725 0.04075829383886256 0.058767772511848344
6 0.9355450236966825 0.714218009478673 0.04549763033175355 0.055924170616113746
6 0.9142180094786729 0.7322274881516587 0.03601895734597156 0.06066350710900474
6 0.8862559241706162 0.7165876777251184 0.04170616113744076 0.05308056872037915
6 0.8545023696682464 0.7199052132701422 0.043601895734597156 0.05971563981042654