8 0.2014218009478673 0.4042654028436019 0.08056872037914692 0.05023696682464455
8 0.4819905213270142 0.3104265402843602 0.07488151658767772 0.08056872037914692
8 0.4824644549763033 0.36492890995260663 0.07393364928909953 0.07014218009478673
9 0.4829383886255924 0.4023696682464455 0.061611374407582936 0.05402843601895735
8 0.9246445497630332 0.16587677725118483 0.08246445497630332 0.09194312796208531
9 0.9620853080568721 0.13364928909952606 0.055924170616113746 0.07298578199052133
9 0.9834123222748815 0.11232227488151658 0.03317535545023697 0.07677725118483412
9 0.3767772511848341 0.7867298578199052 0.06729857819905213 0.07014218009478673
9 0.09336492890995261 0.8729857819905213 0.07203791469194312 0.07014218009478673
9 0.37203791469194314 0.8417061611374408 0.06445497630331753 0.06635071090047394
9 0.12085308056872038 0.918957345971564 0.06350710900473934 0.06255924170616113
1 0.34549763033175357 0.8909952606635071 0.06919431279620854 0.07867298578199051
6 0.32606635071090045 0.928436018957346 0.06350710900473934 0.07772511848341232
6 0.2824644549763033 0.9473933649289099 0.054976303317535544 0.06824644549763033
6 0.24218009478672986 0.9611374407582939 0.05687203791469194 0.07203791469194312
6 0.2014218009478673 0.9535545023696682 0.058767772511848344 0.07109004739336493
1 0.16445497630331754 0.9421800947867298 0.06540284360189573 0.07582938388625593
8 0.976303317535545 0.5379146919431279 0.04739336492890995 0.07488151658767772
8 0.9289099526066351 0.5521327014218009 0.07962085308056872 0.07962085308056872
9 0.8753554502369668 0.5545023696682464 0.05402843601895735 0.058767772511848344
9 0.8388625592417062 0.5587677725118484 0.05687203791469194 0.058767772511848344
1 0.7985781990521327 0.5739336492890995 0.05402843601895735 0.06350710900473934
6 0.771090047393365 0.5843601895734597 0.05402843601895735 0.05971563981042654
6 0.7530805687203791 0.5971563981042654 0.052132701421800945 0.054976303317535544
6 0.7317535545023697 0.6222748815165877 0.055924170616113746 0.061611374407582936