8 0.2677725118483412 0.0909952606635071 0.08436018957345971 0.08151658767772511
9 0.3360189573459716 0.1 0.06445497630331753 0.07203791469194312
9 0.3872037914691943 0.1061611374407583 0.05402843601895735 0.06350710900473934
6 0.5127962085308057 0.027962085308056873 0.034123222748815164 0.04834123222748815
6 0.5061611374407583 0.05924170616113744 0.04265402843601896 0.04549763033175355
6 0.4829383886255924 0.08720379146919431 0.04265402843601896 0.054976303317535544
6 0.45213270142180095 0.1023696682464455 0.04075829383886256 0.05023696682464455
1 0.4199052132701422 0.12132701421800948 0.046445497630331754 0.052132701421800945
8 0.42985781990521327 0.3739336492890995 0.08625592417061612 0.04834123222748815
8 0.11563981042654028 0.47440758293838864 0.0985781990521327 0.09573459715639811
9 0.42985781990521327 0.4199052132701422 0.07488151658767772 0.06635071090047394
9 0.15687203791469195 0.5232227488151658 0.07962085308056872 0.07772511848341232
9 0.1933649289099526 0.5625592417061611 0.06729857819905213 0.06540284360189573
9 0.42274881516587676 0.47488151658767774 0.07109004739336493 0.07014218009478673
3 0.3635071090047393 0.5369668246445498 0.043601895734597156 0.03981042654028436
3 0.33270142180094786 0.5962085308056873 0.043601895734597156 0.04549763033175355
3 0.24075829383886255 0.5881516587677725 0.04834123222748815 0.04739336492890995
1 0.4090047393364929 0.5265402843601896 0.06445497630331753 0.07014218009478673
3 0.5777251184834123 0.6090047393364929 0.05023696682464455 0.05023696682464455
3 0.5786729857819906 0.6625592417061611 0.034123222748815164 0.04075829383886256
9 0.5781990521327014 0.7341232227488151 0.06445497630331753 0.06635071090047394
8 0.9270142180094787 0.7009478672985782 0.07203791469194312 0.07298578199052133
8 0.8824644549763033 0.7450236966824645 0.07393364928909953 0.08056872037914692
9 0.8398104265402844 0.7928909952606635 0.06445497630331753 0.06729857819905213
9 0.8 0.8246445497630331 0.061611374407582936 0.06350710900473934
1 0.5886255924170616 0.7900473933649289 0.06824644549763033 0.06824644549763033
6 0.7137440758293839 0.8625592417061612 0.05781990521327014 0.07298578199052133
6 0.6753554502369669 0.8635071090047394 0.054976303317535544 0.06824644549763033
6 0.6374407582938388 0.852132701421801 0.06066350710900474 0.07582938388625593
6 0.6113744075829384 0.8255924170616113 0.06350710900473934 0.06635071090047394
3 0.7559241706161137 0.8587677725118483 0.04739336492890995 0.07109004739336493