9 0.24075829383886255 0.011374407582938388 0.07014218009478673 0.022748815165876776
9 0.2066350710900474 0.024170616113744076 0.05118483412322275 0.04834123222748815
1 0.16255924170616115 0.02985781990521327 0.05023696682464455 0.05971563981042654
1 0.023222748815165877 0.01042654028436019 0.046445497630331754 0.02085308056872038
6 0.13364928909952606 0.026066350710900472 0.04170616113744076 0.052132701421800945
6 0.1023696682464455 0.025118483412322274 0.034123222748815164 0.04928909952606635
6 0.07725118483412323 0.022748815165876776 0.03886255924170616 0.04549763033175355
6 0.052132701421800945 0.017061611374407582 0.043601895734597156 0.034123222748815164
0 0.7663507109004739 0.45639810426540284 0.04170616113744076 0.04265402843601896
9 0.7085308056872038 0.45781990521327015 0.05781990521327014 0.06255924170616113
9 0.6611374407582938 0.45781990521327015 0.05971563981042654 0.06255924170616113
1 0.6052132701421801 0.45639810426540284 0.06540284360189573 0.06540284360189573
6 0.5545023696682464 0.43886255924170614 0.061611374407582936 0.06066350710900474
6 0.5232227488151658 0.3995260663507109 0.07867298578199051 0.07582938388625593
8 0.3985781990521327 0.5990521327014218 0.04265402843601896 0.07582938388625593
8 0.3957345971563981 0.6635071090047393 0.04834123222748815 0.07582938388625593
9 0.3971563981042654 0.7161137440758294 0.04549763033175355 0.05781990521327014
9 0.395260663507109 0.7597156398104266 0.04928909952606635 0.05781990521327014
1 0.38909952606635073 0.7971563981042654 0.061611374407582936 0.07393364928909953
6 0.36113744075829385 0.8227488151658767 0.05023696682464455 0.06445497630331753
6 0.3341232227488152 0.8398104265402844 0.046445497630331754 0.06540284360189573
6 0.2962085308056872 0.8436018957345972 0.04739336492890995 0.06635071090047394
6 0.26540284360189575 0.8402843601895734 0.058767772511848344 0.08720379146919431
1 0.22085308056872038 0.8407582938388626 0.05402843601895735 0.07014218009478673
9 0.1819905213270142 0.8255924170616113 0.054976303317535544 0.052132701421800945
9 0.15355450236966825 0.7886255924170616 0.05402843601895735 0.055924170616113746
8 0.12890995260663507 0.7364928909952607 0.0909952606635071 0.08909952606635071
8 0.1 0.6843601895734597 0.08625592417061612 0.08056872037914692
3 0.42985781990521327 0.5075829383886256 0.01990521327014218 0.03696682464454976
3 0.4369668246445498 0.6113744075829384 0.034123222748815164 0.05118483412322275
8 0.7824644549763033 0.5440758293838862 0.08720379146919431 0.08530805687203792
8 0.7421800947867299 0.6123222748815166 0.09004739336492891 0.1004739336492891
9 0.7004739336492891 0.6763033175355451 0.08341232227488152 0.09573459715639811
9 0.6658767772511849 0.7327014218009479 0.06729857819905213 0.07203791469194312
1 0.6265402843601896 0.7549763033175355 0.06919431279620854 0.1014218009478673
1 0.44549763033175355 0.6971563981042654 0.05118483412322275 0.0938388625592417
6 0.5876777251184834 0.7464454976303317 0.06066350710900474 0.07962085308056872
6 0.5440758293838862 0.7459715639810427 0.04834123222748815 0.07488151658767772
6 0.5052132701421801 0.738388625592417 0.05781990521327014 0.08341232227488152
6 0.47014218009478675 0.7180094786729858 0.055924170616113746 0.08056872037914692