9 0.11563981042654028 0.1933649289099526 0.06255924170616113 0.05781990521327014
9 0.14881516587677726 0.15450236966824646 0.061611374407582936 0.054976303317535544
9 0.4199052132701422 0.23649289099526066 0.07867298578199051 0.05971563981042654
9 0.404739336492891 0.1928909952606635 0.07298578199052133 0.06729857819905213
2 0.376303317535545 0.14834123222748816 0.03696682464454976 0.04739336492890995
2 0.218957345971564 0.0981042654028436 0.03601895734597156 0.04549763033175355
2 0.17962085308056872 0.12748815165876778 0.03601895734597156 0.04739336492890995
6 0.5360189573459716 0.2066350710900474 0.052132701421800945 0.07014218009478673
6 0.5867298578199052 0.209478672985782 0.06066350710900474 0.08341232227488152
1 0.6312796208530805 0.22464454976303316 0.05971563981042654 0.0881516587677725
9 0.6720379146919432 0.25308056872037915 0.06824644549763033 0.0881516587677725
9 0.7085308056872038 0.2843601895734597 0.07298578199052133 0.08530805687203792
8 0.7360189573459716 0.32132701421800947 0.07582938388625593 0.0909952606635071
8 0.7729857819905214 0.36587677725118484 0.07962085308056872 0.08530805687203792
8 0.06540284360189573 0.5909952606635072 0.06635071090047394 0.04265402843601896
8 0.12843601895734597 0.5890995260663507 0.06729857819905213 0.03886255924170616
9 0.18341232227488152 0.5872037914691943 0.052132701421800945 0.035071090047393366
9 0.22701421800947869 0.5876777251184834 0.052132701421800945 0.03601895734597156
1 0.26445497630331755 0.5943127962085308 0.04739336492890995 0.04928909952606635
6 0.2909952606635071 0.628436018957346 0.03696682464454976 0.04170616113744076
6 0.3180094786729858 0.671563981042654 0.03601895734597156 0.03696682464454976
6 0.2938388625592417 0.6597156398104266 0.03886255924170616 0.037914691943127965
8 0.8137440758293839 0.9696682464454977 0.08436018957345971 0.06066350710900474
8 0.7729857819905214 0.9322274881516588 0.09004739336492891 0.0947867298578199
9 0.737914691943128 0.8753554502369668 0.06824644549763033 0.07203791469194312
9 0.695260663507109 0.8454976303317535 0.06729857819905213 0.06729857819905213
1 0.6616113744075829 0.8090047393364929 0.052132701421800945 0.06635071090047394
6 0.5274881516587677 0.8175355450236966 0.035071090047393366 0.07488151658767772
6 0.5611374407582939 0.7886255924170616 0.07203791469194312 0.07867298578199051
6 0.6132701421800948 0.8014218009478673 0.05687203791469194 0.06066350710900474