9 0.4009478672985782 0.13838862559241707 0.017061611374407582 0.07203791469194312
1 0.3800947867298578 0.13127962085308056 0.054976303317535544 0.06824644549763033
6 0.35497630331753555 0.1033175355450237 0.052132701421800945 0.05402843601895735
6 0.33649289099526064 0.07440758293838863 0.04739336492890995 0.03696682464454976
6 0.328436018957346 0.05023696682464455 0.052132701421800945 0.04454976303317536
8 0.771563981042654 0.2132701421800948 0.08056872037914692 0.07772511848341232
8 0.7459715639810427 0.26872037914691943 0.09004739336492891 0.09289099526066351
9 0.723696682464455 0.3175355450236967 0.061611374407582936 0.043601895734597156
9 0.3962085308056872 0.7976303317535545 0.026540284360189573 0.05971563981042654
8 0.38388625592417064 0.7161137440758294 0.05118483412322275 0.07488151658767772
8 0.376303317535545 0.6526066350710901 0.06635071090047394 0.08056872037914692
9 0.3962085308056872 0.762085308056872 0.026540284360189573 0.04928909952606635
8 0.718957345971564 0.5383886255924171 0.09194312796208531 0.0938388625592417
3 0.7507109004739336 0.5838862559241706 0.037914691943127965 0.03696682464454976
4 0.7744075829383886 0.6113744075829384 0.03886255924170616 0.037914691943127965
9 0.9805687203791469 0.6161137440758294 0.03886255924170616 0.07014218009478673
1 0.9616113744075829 0.6549763033175355 0.06255924170616113 0.06350710900473934
1 0.7933649289099526 0.6545023696682465 0.061611374407582936 0.06445497630331753
6 0.9317535545023696 0.681042654028436 0.04739336492890995 0.04928909952606635
6 0.8985781990521327 0.6900473933649289 0.04928909952606635 0.05023696682464455
6 0.861611374407583 0.690521327014218 0.04549763033175355 0.04928909952606635
6 0.8270142180094787 0.6763033175355451 0.05118483412322275 0.05308056872037915