9 0.3990521327014218 0.3819905213270142 0.06635071090047394 0.07393364928909953
9 0.36682464454976305 0.4056872037914692 0.04739336492890995 0.04739336492890995
1 0.323696682464455 0.4127962085308057 0.046445497630331754 0.03317535545023697
9 0.13222748815165877 0.32796208530805687 0.06350710900473934 0.06635071090047394
9 0.15071090047393365 0.37345971563981045 0.055924170616113746 0.05971563981042654
1 0.18056872037914692 0.3981042654028436 0.04834123222748815 0.061611374407582936
6 0.2943127962085308 0.414218009478673 0.03886255924170616 0.03033175355450237
6 0.26303317535545023 0.41753554502369666 0.031279620853080566 0.023696682464454975
6 0.23838862559241705 0.4137440758293839 0.03696682464454976 0.031279620853080566
6 0.2127962085308057 0.4066350710900474 0.04075829383886256 0.04549763033175355
3 0.7635071090047393 0.14075829383886257 0.037914691943127965 0.03886255924170616
9 0.809478672985782 0.15355450236966825 0.052132701421800945 0.058767772511848344
9 0.8545023696682464 0.16398104265402844 0.052132701421800945 0.058767772511848344
1 0.8919431279620853 0.15592417061611374 0.04739336492890995 0.058767772511848344
6 0.9322274881516588 0.14739336492890995 0.05308056872037915 0.05402843601895735
6 0.9459715639810427 0.12369668246445498 0.055924170616113746 0.05308056872037915
4 0.390521327014218 0.671090047393365 0.04265402843601896 0.046445497630331754
4 0.376303317535545 0.6175355450236967 0.04265402843601896 0.043601895734597156
5 0.3056872037914692 0.5492890995260663 0.03886255924170616 0.04075829383886256
4 0.25829383886255924 0.5364928909952607 0.03601895734597156 0.03601895734597156
6 0.2033175355450237 0.5052132701421801 0.07298578199052133 0.07867298578199051
6 0.14502369668246445 0.5118483412322274 0.07393364928909953 0.08530805687203792
6 0.1061611374407583 0.5507109004739337 0.07582938388625593 0.061611374407582936
1 0.0881516587677725 0.6028436018957346 0.09004739336492891 0.07298578199052133
8 0.6450236966824645 0.543127962085308 0.0881516587677725 0.0938388625592417
3 0.9611374407582939 0.43601895734597157 0.04549763033175355 0.013270142180094787
3 0.9611374407582939 0.4729857819905213 0.04739336492890995 0.04549763033175355
2 0.9592417061611375 0.518957345971564 0.05023696682464455 0.052132701421800945
2 0.9497630331753555 0.5710900473933649 0.052132701421800945 0.05023696682464455
9 0.6895734597156398 0.5838862559241706 0.06255924170616113 0.05971563981042654
9 0.7203791469194313 0.6208530805687204 0.055924170616113746 0.055924170616113746
1 0.933649289099526 0.6189573459715639 0.05781990521327014 0.058767772511848344
1 0.7781990521327015 0.6616113744075829 0.046445497630331754 0.05971563981042654
6 0.8156398104265403 0.671090047393365 0.046445497630331754 0.06445497630331753
6 0.8497630331753554 0.6744075829383887 0.04454976303317536 0.06066350710900474
6 0.8829383886255924 0.6616113744075829 0.04834123222748815 0.06445497630331753
6 0.909478672985782 0.6483412322274882 0.05308056872037915 0.05781990521327014