8 0.04123222748815166 0.27630331753554505 0.08246445497630332 0.07867298578199051
9 0.03033175355450237 0.23744075829383887 0.06066350710900474 0.05023696682464455
9 0.01848341232227488 0.19146919431279621 0.03696682464454976 0.06066350710900474
8 0.5739336492890995 0.523696682464455 0.06635071090047394 0.06350710900473934
8 0.890521327014218 0.44075829383886256 0.061611374407582936 0.06445497630331753
8 0.8658767772511848 0.38341232227488153 0.06919431279620854 0.07677725118483412
9 0.8407582938388626 0.3355450236966825 0.06066350710900474 0.05402843601895735
9 0.819431279620853 0.2971563981042654 0.05971563981042654 0.05402843601895735
8 0.5748815165876777 0.46161137440758293 0.07298578199052133 0.07014218009478673
9 0.5758293838862559 0.404739336492891 0.06824644549763033 0.052132701421800945
9 0.5791469194312796 0.35971563981042654 0.06824644549763033 0.04928909952606635
1 0.7971563981042654 0.26066350710900477 0.04834123222748815 0.04834123222748815
1 0.5777251184834123 0.3118483412322275 0.04834123222748815 0.054976303317535544
6 0.6061611374407583 0.2725118483412322 0.04075829383886256 0.05118483412322275
6 0.6502369668246446 0.24691943127962085 0.05781990521327014 0.04739336492890995
6 0.7056872037914692 0.23886255924170616 0.05971563981042654 0.04454976303317536
6 0.7559241706161137 0.23933649289099526 0.04549763033175355 0.034123222748815164
6 0.021800947867298578 0.7421800947867299 0.043601895734597156 0.06635071090047394
6 0.06255924170616113 0.7753554502369668 0.06540284360189573 0.07014218009478673
6 0.095260663507109 0.8184834123222748 0.054976303317535544 0.058767772511848344
1 0.10710900473933649 0.866824644549763 0.06350710900473934 0.061611374407582936
2 0.10284360189573459 0.9180094786729858 0.054976303317535544 0.03886255924170616
9 0.1 0.9644549763033176 0.06919431279620854 0.055924170616113746
8 0.07251184834123223 0.9900473933649289 0.09004739336492891 0.01990521327014218
8 0.7312796208530805 0.8933649289099526 0.1080568720379147 0.08909952606635071
9 0.7421800947867299 0.8222748815165877 0.08530805687203792 0.05687203791469194
9 0.7440758293838863 0.7606635071090048 0.08625592417061612 0.06255924170616113
8 0.3767772511848341 0.7293838862559242 0.1004739336492891 0.10900473933649289
9 0.4146919431279621 0.6819905213270142 0.06540284360189573 0.04454976303317536
3 0.6938388625592417 0.6786729857819905 0.05308056872037915 0.037914691943127965
3 0.704265402843602 0.7199052132701422 0.03601895734597156 0.037914691943127965