9 0.011848341232227487 0.2080568720379147 0.023696682464454975 0.055924170616113746
1 0.02890995260663507 0.23554502369668245 0.055924170616113746 0.058767772511848344
2 0.06682464454976303 0.23507109004739338 0.03886255924170616 0.037914691943127965
2 0.11943127962085308 0.23317535545023696 0.04928909952606635 0.052132701421800945
2 0.20900473933649288 0.17393364928909952 0.043601895734597156 0.04739336492890995
4 0.16919431279620853 0.2042654028436019 0.04739336492890995 0.043601895734597156
1 0.22796208530805687 0.13554502369668248 0.06255924170616113 0.06729857819905213
9 0.22843601895734597 0.09194312796208531 0.05402843601895735 0.04075829383886256
9 0.23175355450236967 0.06350710900473934 0.052132701421800945 0.04170616113744076
3 0.6796208530805687 0.24597156398104264 0.05402843601895735 0.05023696682464455
3 0.7066350710900474 0.204739336492891 0.052132701421800945 0.04834123222748815
3 0.7417061611374408 0.14881516587677726 0.04075829383886256 0.03981042654028436
3 0.7687203791469195 0.11706161137440758 0.043601895734597156 0.04170616113744076
8 0.9767772511848342 0.34502369668246446 0.046445497630331754 0.02843601895734597
8 0.981042654028436 0.3071090047393365 0.037914691943127965 0.07962085308056872
9 0.9886255924170616 0.24739336492890995 0.022748815165876776 0.06445497630331753
9 0.9829383886255925 0.1990521327014218 0.034123222748815164 0.06824644549763033
1 0.9800947867298578 0.14597156398104266 0.03981042654028436 0.07582938388625593
6 0.9748815165876777 0.09004739336492891 0.05023696682464455 0.07393364928909953
6 0.9478672985781991 0.05165876777251185 0.07677725118483412 0.08151658767772511
6 0.8971563981042654 0.045023696682464455 0.07867298578199051 0.09004739336492891
6 0.8440758293838863 0.05639810426540284 0.06066350710900474 0.07867298578199051
1 0.7966824644549763 0.07251184834123223 0.06445497630331753 0.07393364928909953
9 0.4327014218009479 0.8587677725118483 0.05402843601895735 0.06255924170616113
1 0.38957345971563984 0.866824644549763 0.05687203791469194 0.054976303317535544
6 0.35260663507109 0.8563981042654029 0.058767772511848344 0.046445497630331754
6 0.32654028436018956 0.8436018957345972 0.05781990521327014 0.04265402843601896
6 0.30995260663507107 0.818957345971564 0.05687203791469194 0.03981042654028436
6 0.295260663507109 0.8009478672985783 0.05023696682464455 0.035071090047393366
8 0.8725118483412322 0.75260663507109 0.08720379146919431 0.07867298578199051
8 0.8255924170616113 0.7995260663507109 0.08436018957345971 0.08151658767772511
9 0.7753554502369668 0.837914691943128 0.08909952606635071 0.0909952606635071
9 0.7279620853080568 0.866824644549763 0.061611374407582936 0.07203791469194312
1 0.6872037914691943 0.8862559241706162 0.05781990521327014 0.06350710900473934
6 0.64739336492891 0.8872037914691943 0.055924170616113746 0.05687203791469194
6 0.6151658767772512 0.866824644549763 0.05118483412322275 0.055924170616113746
6 0.5862559241706161 0.8549763033175355 0.046445497630331754 0.052132701421800945
6 0.566350710900474 0.8407582938388626 0.054976303317535544 0.04928909952606635