3 0.2127962085308057 0.2014218009478673 0.03317535545023697 0.04265402843601896
1 0.21706161137440758 0.14360189573459717 0.024644549763033177 0.06729857819905213
3 0.42748815165876775 0.44028436018957345 0.054976303317535544 0.052132701421800945
3 0.5222748815165876 0.4270142180094787 0.04834123222748815 0.04739336492890995
3 0.5744075829383887 0.4260663507109005 0.05308056872037915 0.04834123222748815
3 0.6189573459715639 0.43459715639810426 0.026540284360189573 0.02085308056872038
3 0.6417061611374407 0.43412322274881515 0.03317535545023697 0.026540284360189573
3 0.6658767772511849 0.4203791469194313 0.035071090047393366 0.03696682464454976
8 0.17251184834123223 0.6085308056872037 0.07772511848341232 0.058767772511848344
8 0.13649289099526066 0.6530805687203791 0.08625592417061612 0.08625592417061612
8 0.09052132701421801 0.6957345971563981 0.07109004739336493 0.07109004739336493
9 0.05639810426540284 0.7322274881516587 0.05687203791469194 0.055924170616113746
9 0.02227488151658768 0.7469194312796209 0.04454976303317536 0.06255924170616113
3 0.5592417061611374 0.752132701421801 0.04454976303317536 0.04454976303317536
8 0.624170616113744 0.7436018957345971 0.0909952606635071 0.0881516587677725
9 0.6872037914691943 0.7364928909952607 0.05971563981042654 0.061611374407582936
9 0.7341232227488151 0.7270142180094786 0.05687203791469194 0.06066350710900474
1 0.7786729857819905 0.7364928909952607 0.05308056872037915 0.05971563981042654
6 0.814218009478673 0.7545023696682465 0.05023696682464455 0.05781990521327014
6 0.8393364928909952 0.7843601895734598 0.05781990521327014 0.06255924170616113