3 0.4957345971563981 0.3739336492890995 0.03981042654028436 0.043601895734597156
3 0.4658767772511848 0.43554502369668247 0.04739336492890995 0.05118483412322275
9 0.4312796208530806 0.4909952606635071 0.058767772511848344 0.05687203791469194
1 0.4009478672985782 0.5009478672985782 0.054976303317535544 0.03696682464454976
6 0.36635071090047394 0.5123222748815166 0.046445497630331754 0.014218009478672985
8 0.16492890995260664 0.3962085308056872 0.06919431279620854 0.07677725118483412
1 0.25165876777251184 0.5023696682464455 0.055924170616113746 0.034123222748815164
9 0.21990521327014217 0.4829383886255924 0.04834123222748815 0.052132701421800945
9 0.18625592417061612 0.44644549763033176 0.04739336492890995 0.046445497630331754
3 0.13696682464454976 0.3355450236966825 0.04170616113744076 0.04075829383886256
9 0.6028436018957346 0.3582938388625592 0.04739336492890995 0.05687203791469194
1 0.6459715639810426 0.35734597156398107 0.04928909952606635 0.055924170616113746
6 0.6848341232227488 0.36635071090047394 0.046445497630331754 0.05402843601895735
6 0.7156398104265402 0.3900473933649289 0.05308056872037915 0.058767772511848344
8 0.04312796208530806 0.966824644549763 0.07298578199052133 0.06635071090047394
4 0.1023696682464455 0.9895734597156398 0.037914691943127965 0.02085308056872038
9 0.15213270142180094 0.981042654028436 0.05023696682464455 0.037914691943127965
9 0.1966824644549763 0.9834123222748815 0.05023696682464455 0.03317535545023697
1 0.23791469194312795 0.9838862559241706 0.04170616113744076 0.03222748815165877
6 0.26966824644549764 0.9729857819905213 0.037914691943127965 0.04549763033175355
6 0.2829383886255924 0.9483412322274881 0.03981042654028436 0.04454976303317536
6 0.2985781990521327 0.928436018957346 0.03886255924170616 0.04170616113744076
6 0.2976303317535545 0.8995260663507109 0.03981042654028436 0.03696682464454976
8 0.9322274881516588 0.6426540284360189 0.06824644549763033 0.09194312796208531
8 0.9777251184834124 0.6218009478672986 0.04454976303317536 0.08720379146919431