3 0.09194312796208531 0.31516587677725116 0.03222748815165877 0.04454976303317536
3 0.12132701421800948 0.28720379146919434 0.03601895734597156 0.043601895734597156
3 0.15118483412322276 0.25071090047393363 0.031279620853080566 0.035071090047393366
5 0.18862559241706162 0.21516587677725119 0.034123222748815164 0.04170616113744076
2 0.23412322274881517 0.1900473933649289 0.04739336492890995 0.052132701421800945
3 0.2824644549763033 0.18672985781990523 0.03981042654028436 0.037914691943127965
6 0.3459715639810427 0.18909952606635072 0.06635071090047394 0.06350710900473934
6 0.4009478672985782 0.20853080568720378 0.07014218009478673 0.06445497630331753
1 0.4042654028436019 0.2876777251184834 0.07109004739336493 0.05402843601895735
9 0.3971563981042654 0.3360189573459716 0.07393364928909953 0.055924170616113746
9 0.3876777251184834 0.38388625592417064 0.07962085308056872 0.054976303317535544
8 0.37251184834123224 0.42322274881516586 0.08530805687203792 0.052132701421800945
6 0.4075829383886256 0.24028436018957347 0.04834123222748815 0.03886255924170616
8 0.5649289099526066 0.4255924170616114 0.08341232227488152 0.04739336492890995
8 0.6360189573459716 0.4255924170616114 0.06635071090047394 0.04739336492890995
2 0.6947867298578199 0.4218009478672986 0.05118483412322275 0.05023696682464455
9 0.7492890995260664 0.4156398104265403 0.04928909952606635 0.04834123222748815
9 0.7928909952606635 0.4080568720379147 0.046445497630331754 0.05023696682464455
1 0.8355450236966825 0.4090047393364929 0.046445497630331754 0.04739336492890995
6 0.8701421800947867 0.4208530805687204 0.04739336492890995 0.04739336492890995
6 0.8928909952606635 0.4308056872037915 0.04739336492890995 0.03696682464454976
6 0.9118483412322275 0.44360189573459713 0.05118483412322275 0.011374407582938388
1 0.17535545023696683 0.690521327014218 0.04928909952606635 0.07582938388625593
6 0.22180094786729856 0.6957345971563981 0.06635071090047394 0.09289099526066351
6 0.2725118483412322 0.695260663507109 0.06824644549763033 0.07203791469194312
6 0.31990521327014215 0.6928909952606636 0.05118483412322275 0.06919431279620854
6 0.3630331753554502 0.6815165876777252 0.04265402843601896 0.06635071090047394
9 0.4161137440758294 0.6374407582938388 0.06350710900473934 0.06540284360189573
9 0.44976303317535543 0.6199052132701421 0.029383886255924172 0.06635071090047394
8 0.4663507109004739 0.6099526066350711 0.026540284360189573 0.05971563981042654
4 0.5398104265402843 0.6933649289099526 0.03317535545023697 0.03033175355450237
4 0.6090047393364929 0.7 0.034123222748815164 0.03696682464454976
5 0.6701421800947868 0.7445497630331753 0.03601895734597156 0.03033175355450237
4 0.7104265402843601 0.8677725118483413 0.03601895734597156 0.034123222748815164
4 0.709478672985782 0.9123222748815166 0.037914691943127965 0.035071090047393366
9 0.6881516587677725 0.7886255924170616 0.06350710900473934 0.04739336492890995
9 0.7014218009478673 0.8293838862559242 0.06445497630331753 0.04549763033175355