3 0.0966824644549763 0.3919431279620853 0.05118483412322275 0.05023696682464455
3 0.12132701421800948 0.4270142180094787 0.04170616113744076 0.043601895734597156
8 0.3919431279620853 0.32701421800947866 0.09194312796208531 0.08436018957345971
9 0.36540284360189573 0.3744075829383886 0.05781990521327014 0.05687203791469194
9 0.3402843601895735 0.4052132701421801 0.04928909952606635 0.05308056872037915
9 0.3104265402843602 0.4369668246445498 0.05402843601895735 0.05402843601895735
1 0.2734597156398104 0.46398104265402845 0.05402843601895735 0.07109004739336493
6 0.24028436018957347 0.47488151658767774 0.04928909952606635 0.06255924170616113
6 0.2028436018957346 0.48530805687203793 0.04834123222748815 0.06066350710900474
6 0.16824644549763032 0.4829383886255924 0.05023696682464455 0.06635071090047394
6 0.13933649289099526 0.46824644549763034 0.06066350710900474 0.06445497630331753
8 0.7018957345971564 0.3800947867298578 0.07962085308056872 0.07772511848341232
8 0.7137440758293839 0.3251184834123223 0.08436018957345971 0.08909952606635071
8 0.9644549763033176 0.3090047393364929 0.07109004739336493 0.08151658767772511
9 0.9559241706161138 0.25687203791469193 0.06729857819905213 0.05687203791469194
1 0.943127962085308 0.21516587677725119 0.05402843601895735 0.054976303317535544
1 0.738388625592417 0.22701421800947869 0.055924170616113746 0.05781990521327014
9 0.7232227488151659 0.26919431279620853 0.06540284360189573 0.06066350710900474
6 0.7720379146919432 0.190521327014218 0.05687203791469194 0.052132701421800945
6 0.8203791469194313 0.17156398104265402 0.06350710900473934 0.055924170616113746
6 0.8725118483412322 0.16682464454976303 0.06445497630331753 0.058767772511848344
6 0.9132701421800948 0.18578199052132702 0.05687203791469194 0.05402843601895735
8 0.9677725118483412 0.3701421800947867 0.06445497630331753 0.07298578199052133