8 0.03364928909952607 0.023222748815165877 0.06729857819905213 0.046445497630331754
9 0.046445497630331754 0.06066350710900474 0.05308056872037915 0.04454976303317536
9 0.05308056872037915 0.1004739336492891 0.05308056872037915 0.04549763033175355
9 0.058767772511848344 0.14028436018957346 0.05023696682464455 0.04834123222748815
1 0.04881516587677725 0.18862559241706162 0.055924170616113746 0.05118483412322275
6 0.030805687203791468 0.22085308056872038 0.05118483412322275 0.04549763033175355
6 0.02227488151658768 0.24928909952606634 0.04454976303317536 0.054976303317535544
6 0.00995260663507109 0.27109004739336495 0.01990521327014218 0.058767772511848344
8 0.42985781990521327 0.442654028436019 0.06350710900473934 0.07677725118483412
8 0.4729857819905213 0.4090047393364929 0.06540284360189573 0.08625592417061612
8 0.5222748815165876 0.3876777251184834 0.07962085308056872 0.07962085308056872
9 0.5739336492890995 0.36161137440758295 0.05687203791469194 0.07677725118483412
9 0.6180094786729858 0.34881516587677724 0.06350710900473934 0.08151658767772511
1 0.671563981042654 0.33364928909952607 0.07298578199052133 0.07867298578199051
6 0.7213270142180095 0.33791469194312795 0.06824644549763033 0.07203791469194312
6 0.7554502369668247 0.34834123222748814 0.06635071090047394 0.06350710900473934
6 0.7744075829383886 0.3867298578199052 0.07298578199052133 0.058767772511848344
8 0.027014218009478674 0.7914691943127962 0.05402843601895735 0.08909952606635071
8 0.046445497630331754 0.8327014218009479 0.08056872037914692 0.08246445497630332
9 0.061611374407582936 0.8786729857819905 0.06824644549763033 0.06350710900473934
9 0.08388625592417062 0.9161137440758294 0.06540284360189573 0.05687203791469194
1 0.2966824644549763 0.9492890995260663 0.026540284360189573 0.061611374407582936
1 0.104739336492891 0.9616113744075829 0.06066350710900474 0.06255924170616113
6 0.2829383886255924 0.9772511848341232 0.05023696682464455 0.04549763033175355
6 0.23649289099526066 0.9796208530805687 0.06540284360189573 0.04075829383886256
6 0.18388625592417063 0.9819905213270143 0.06255924170616113 0.03601895734597156
6 0.13744075829383887 0.9767772511848342 0.05687203791469194 0.046445497630331754
8 0.4085308056872038 0.6890995260663507 0.0909952606635071 0.03981042654028436
2 0.476303317535545 0.6981042654028436 0.07109004739336493 0.05781990521327014
9 0.5355450236966824 0.6966824644549763 0.06255924170616113 0.054976303317535544
9 0.5739336492890995 0.704265402843602 0.05308056872037915 0.058767772511848344
1 0.6175355450236967 0.6990521327014217 0.054976303317535544 0.055924170616113746
6 0.6492890995260664 0.6914691943127962 0.05687203791469194 0.04454976303317536
6 0.662085308056872 0.6753554502369669 0.05781990521327014 0.012322274881516588