8 0.4260663507109005 0.34265402843601894 0.09194312796208531 0.09573459715639811
4 0.385781990521327 0.28199052132701424 0.043601895734597156 0.04928909952606635
8 0.05023696682464455 0.4843601895734597 0.0947867298578199 0.07203791469194312
8 0.04691943127962085 0.4151658767772512 0.0938388625592417 0.08341232227488152
9 0.04075829383886256 0.35071090047393366 0.08151658767772511 0.06255924170616113
9 0.04739336492890995 0.2966824644549763 0.07488151658767772 0.05971563981042654
1 0.05545023696682464 0.24976303317535545 0.06824644549763033 0.05308056872037915
6 0.07440758293838863 0.2023696682464455 0.07014218009478673 0.05971563981042654
6 0.109478672985782 0.16398104265402844 0.06729857819905213 0.06540284360189573
6 0.16872037914691942 0.14502369668246445 0.05781990521327014 0.05971563981042654
6 0.22274881516587677 0.15402843601895735 0.05118483412322275 0.05118483412322275
1 0.27440758293838863 0.17156398104265402 0.06350710900473934 0.06350710900473934
9 0.31563981042654027 0.2033175355450237 0.06445497630331753 0.06635071090047394
9 0.35355450236966823 0.23933649289099526 0.06729857819905213 0.07867298578199051
8 0.6990521327014217 0.33270142180094786 0.03886255924170616 0.07393364928909953
8 0.9383886255924171 0.42748815165876775 0.08151658767772511 0.07298578199052133
8 0.7061611374407583 0.28151658767772514 0.05308056872037915 0.06824644549763033
8 0.9620853080568721 0.3862559241706161 0.05971563981042654 0.04265402843601896
8 0.966824644549763 0.35165876777251187 0.058767772511848344 0.04075829383886256
9 0.9654028436018958 0.3123222748815166 0.06635071090047394 0.046445497630331754
9 0.7246445497630332 0.24549763033175356 0.061611374407582936 0.05971563981042654
9 0.7545023696682465 0.2156398104265403 0.06445497630331753 0.06350710900473934
1 0.7800947867298578 0.1876777251184834 0.05402843601895735 0.05308056872037915
9 0.9597156398104265 0.2682464454976303 0.06729857819905213 0.05308056872037915
1 0.9677725118483412 0.22606635071090048 0.05308056872037915 0.05023696682464455
6 0.9345971563981043 0.2109004739336493 0.052132701421800945 0.052132701421800945
6 0.9161137440758294 0.17061611374407584 0.06445497630331753 0.06919431279620854
6 0.8687203791469195 0.15876777251184834 0.058767772511848344 0.06350710900473934
6 0.8203791469194313 0.16540284360189572 0.04834123222748815 0.05308056872037915
9 0.3227488151658768 0.671563981042654 0.055924170616113746 0.023696682464454975
8 0.33364928909952607 0.7156398104265402 0.07109004739336493 0.07298578199052133
4 0.7241706161137441 0.9919431279620853 0.03601895734597156 0.016113744075829384
4 0.7971563981042654 0.9862559241706161 0.02843601895734597 0.027488151658767772