8 0.21516587677725119 0.17393364928909952 0.1052132701421801 0.10710900473933649
8 0.2 0.25687203791469193 0.0976303317535545 0.0985781990521327
9 0.1995260663507109 0.3289099526066351 0.07298578199052133 0.06919431279620854
9 0.18625592417061612 0.381042654028436 0.06445497630331753 0.06255924170616113
1 0.1962085308056872 0.42843601895734595 0.06635071090047394 0.06255924170616113
6 0.22227488151658767 0.45781990521327015 0.058767772511848344 0.06540284360189573
6 0.23317535545023696 0.4876777251184834 0.061611374407582936 0.058767772511848344
6 0.26872037914691943 0.500473933649289 0.05402843601895735 0.06066350710900474
6 0.3056872037914692 0.49715639810426543 0.05118483412322275 0.05971563981042654
1 0.34786729857819904 0.5033175355450237 0.06066350710900474 0.07109004739336493
9 0.3909952606635071 0.490521327014218 0.06540284360189573 0.07014218009478673
9 0.42796208530805685 0.45355450236966827 0.06919431279620854 0.07203791469194312
8 0.4834123222748815 0.4184834123222749 0.1004739336492891 0.1033175355450237
3 0.5492890995260663 0.3578199052132701 0.055924170616113746 0.05781990521327014
8 0.6369668246445498 0.42417061611374407 0.0947867298578199 0.0881516587677725
9 0.6739336492890995 0.318957345971564 0.07772511848341232 0.06350710900473934
9 0.6753554502369669 0.27109004739336495 0.07677725118483412 0.06635071090047394
1 0.6791469194312796 0.22180094786729856 0.07772511848341232 0.07109004739336493
2 0.6691943127962086 0.17725118483412322 0.04075829383886256 0.04739336492890995
2 0.6417061611374407 0.14265402843601896 0.04739336492890995 0.05023696682464455
3 0.5985781990521327 0.12654028436018958 0.01800947867298578 0.046445497630331754
5 0.4981042654028436 0.8924170616113745 0.04265402843601896 0.043601895734597156
8 0.20900473933649288 0.9725118483412323 0.08246445497630332 0.054976303317535544
9 0.21516587677725119 0.9270142180094787 0.07014218009478673 0.06540284360189573
9 0.22654028436018958 0.8734597156398104 0.06729857819905213 0.06445497630331753
1 0.24691943127962085 0.8279620853080568 0.07014218009478673 0.06635071090047394
6 0.2800947867298578 0.8004739336492891 0.06255924170616113 0.06729857819905213
6 0.3132701421800948 0.781042654028436 0.05308056872037915 0.06445497630331753
9 0.46350710900473935 0.8364928909952607 0.06540284360189573 0.06729857819905213
1 0.4327014218009479 0.804739336492891 0.06445497630331753 0.06824644549763033
6 0.3966824644549763 0.7805687203791469 0.058767772511848344 0.06635071090047394
6 0.34976303317535545 0.771563981042654 0.05781990521327014 0.07014218009478673
8 0.8071090047393364 0.9203791469194312 0.0881516587677725 0.08056872037914692
8 0.8156398104265403 0.8535545023696682 0.0938388625592417 0.08341232227488152
9 0.5976303317535545 0.6691943127962086 0.016113744075829384 0.07772511848341232
9 0.8213270142180095 0.7966824644549763 0.07203791469194312 0.06729857819905213
9 0.8099526066350711 0.7497630331753554 0.07014218009478673 0.06635071090047394
1 0.6127962085308057 0.6521327014218009 0.046445497630331754 0.04549763033175355
1 0.7919431279620853 0.7061611374407583 0.06919431279620854 0.07582938388625593
6 0.6440758293838863 0.6464454976303318 0.052132701421800945 0.034123222748815164
6 0.6895734597156398 0.6488151658767772 0.07109004739336493 0.03886255924170616
6 0.7412322274881517 0.657345971563981 0.06824644549763033 0.055924170616113746
6 0.7706161137440758 0.6677725118483412 0.058767772511848344 0.06824644549763033