3 0.38293838862559243 0.012796208530805687 0.05308056872037915 0.025592417061611375
8 0.33270142180094786 0.05402843601895735 0.0909952606635071 0.0976303317535545
9 0.2848341232227488 0.0881516587677725 0.06729857819905213 0.07109004739336493
9 0.24691943127962085 0.11563981042654028 0.06255924170616113 0.06635071090047394
1 0.2075829383886256 0.13080568720379146 0.061611374407582936 0.07867298578199051
6 0.16540284360189572 0.13270142180094788 0.046445497630331754 0.06445497630331753
6 0.13270142180094788 0.12748815165876778 0.054976303317535544 0.07677725118483412
6 0.0962085308056872 0.11706161137440758 0.05687203791469194 0.08056872037914692
9 0.6644549763033175 0.3706161137440758 0.07772511848341232 0.06635071090047394
9 0.6966824644549763 0.3990521327014218 0.06350710900473934 0.06350710900473934
1 0.7303317535545024 0.4308056872037915 0.06255924170616113 0.06729857819905213
2 0.7696682464454976 0.442654028436019 0.04075829383886256 0.04454976303317536
2 0.8255924170616113 0.4549763033175355 0.05118483412322275 0.061611374407582936
2 0.919431279620853 0.4127962085308057 0.03981042654028436 0.03981042654028436
1 0.9507109004739337 0.3800947867298578 0.06729857819905213 0.06824644549763033
9 0.9587677725118483 0.3355450236966825 0.06445497630331753 0.054976303317535544
9 0.9635071090047393 0.3028436018957346 0.05781990521327014 0.052132701421800945
8 0.471563981042654 0.6914691943127962 0.09573459715639811 0.0985781990521327
8 0.4071090047393365 0.7260663507109004 0.0909952606635071 0.0938388625592417
9 0.35545023696682465 0.7597156398104266 0.07109004739336493 0.06824644549763033
9 0.30947867298578197 0.7753554502369668 0.05402843601895735 0.06255924170616113
1 0.27061611374407585 0.7781990521327015 0.04549763033175355 0.04834123222748815
6 0.23981042654028437 0.7701421800947867 0.04928909952606635 0.04834123222748815
6 0.21658767772511847 0.7625592417061612 0.054976303317535544 0.04739336492890995
6 0.1981042654028436 0.7350710900473933 0.058767772511848344 0.05118483412322275
8 0.6156398104265403 0.7990521327014218 0.031279620853080566 0.09289099526066351
8 0.6402843601895735 0.866824644549763 0.08056872037914692 0.0938388625592417
9 0.6592417061611374 0.919431279620853 0.06635071090047394 0.06540284360189573
9 0.6990521327014217 0.9473933649289099 0.06255924170616113 0.06729857819905213
8 0.9440758293838862 0.7061611374407583 0.09289099526066351 0.09573459715639811
8 0.9440758293838862 0.7800947867298578 0.0881516587677725 0.08341232227488152
9 0.9412322274881516 0.8402843601895734 0.06729857819905213 0.06540284360189573
9 0.9322274881516588 0.885308056872038 0.058767772511848344 0.06445497630331753