8 0.22274881516587677 0.02890995260663507 0.08341232227488152 0.05781990521327014
3 0.024170616113744076 0.23886255924170616 0.043601895734597156 0.046445497630331754
9 0.24834123222748816 0.06824644549763033 0.055924170616113746 0.05402843601895735
9 0.2611374407582938 0.11658767772511848 0.05781990521327014 0.06540284360189573
1 0.25876777251184835 0.16398104265402844 0.08246445497630332 0.06635071090047394
6 0.2563981042654028 0.2132701421800948 0.061611374407582936 0.05781990521327014
6 0.23886255924170616 0.24312796208530807 0.07298578199052133 0.06255924170616113
6 0.21421800947867298 0.26445497630331755 0.06350710900473934 0.06635071090047394
6 0.17488151658767773 0.2834123222748815 0.06066350710900474 0.06445497630331753
1 0.13364928909952606 0.2791469194312796 0.06729857819905213 0.07488151658767772
9 0.08625592417061612 0.25876777251184835 0.06729857819905213 0.07298578199052133
2 0.46161137440758293 0.2663507109004739 0.024644549763033177 0.08720379146919431
2 0.4772511848341232 0.23175355450236967 0.055924170616113746 0.061611374407582936
9 0.5137440758293839 0.2066350710900474 0.07109004739336493 0.07298578199052133
1 0.5540284360189573 0.18104265402843603 0.07298578199052133 0.07677725118483412
6 0.6033175355450237 0.18293838862559242 0.061611374407582936 0.061611374407582936
6 0.656872037914692 0.1943127962085308 0.07677725118483412 0.07014218009478673
6 0.7113744075829384 0.22559241706161137 0.07298578199052133 0.06729857819905213
6 0.7483412322274882 0.26350710900473934 0.05781990521327014 0.052132701421800945
1 0.7592417061611374 0.3090047393364929 0.06350710900473934 0.06919431279620854
9 0.7417061611374408 0.36492890995260663 0.0881516587677725 0.06919431279620854
9 0.7308056872037915 0.41137440758293836 0.0909952606635071 0.05687203791469194
3 0.271563981042654 0.5123222748815166 0.04739336492890995 0.05023696682464455
8 0.3293838862559242 0.5355450236966824 0.0881516587677725 0.09004739336492891
9 0.3796208530805687 0.5639810426540285 0.06066350710900474 0.06919431279620854
9 0.41706161137440756 0.5829383886255924 0.05971563981042654 0.06445497630331753
1 0.44028436018957345 0.5924170616113744 0.01800947867298578 0.06066350710900474
8 0.604739336492891 0.6791469194312796 0.0938388625592417 0.09004739336492891
8 0.9218009478672986 0.7009478672985782 0.08909952606635071 0.09573459715639811
8 0.8867298578199052 0.7516587677725118 0.08341232227488152 0.08436018957345971
9 0.8549763033175355 0.8052132701421801 0.07867298578199051 0.07109004739336493
1 0.8293838862559242 0.8554502369668247 0.06635071090047394 0.06729857819905213
9 0.6232227488151659 0.7639810426540284 0.08056872037914692 0.07203791469194312
1 0.623696682464455 0.8184834123222748 0.06540284360189573 0.06919431279620854
6 0.7914691943127962 0.8834123222748815 0.058767772511848344 0.05781990521327014
6 0.7398104265402844 0.8971563981042654 0.06919431279620854 0.06445497630331753
6 0.681042654028436 0.8862559241706162 0.07203791469194312 0.06066350710900474
6 0.6445497630331753 0.8597156398104265 0.06066350710900474 0.058767772511848344