8 0.5312796208530806 0.23317535545023696 0.08720379146919431 0.0947867298578199
8 0.5497630331753555 0.2957345971563981 0.058767772511848344 0.06635071090047394
9 0.5597156398104265 0.34265402843601894 0.03886255924170616 0.052132701421800945
8 0.9 0.03364928909952607 0.07867298578199051 0.06729857819905213
8 0.9137440758293839 0.00900473933649289 0.08341232227488152 0.01800947867298578
3 0.304739336492891 0.8445497630331753 0.03601895734597156 0.037914691943127965
3 0.2734597156398104 0.8180094786729858 0.03601895734597156 0.034123222748815164
3 0.23270142180094786 0.8014218009478673 0.04549763033175355 0.04549763033175355
1 0.17962085308056872 0.7426540284360189 0.07109004739336493 0.07772511848341232
6 0.12037914691943127 0.7417061611374408 0.06540284360189573 0.08530805687203792
6 0.06872037914691943 0.7549763033175355 0.0881516587677725 0.0909952606635071
6 0.03317535545023697 0.7924170616113744 0.06635071090047394 0.08530805687203792
6 0.022748815165876776 0.8312796208530806 0.04549763033175355 0.07203791469194312
1 0.023696682464454975 0.8810426540284361 0.04739336492890995 0.07867298578199051
9 0.027488151658767772 0.9383886255924171 0.054976303317535544 0.06635071090047394
9 0.03744075829383886 0.976303317535545 0.07488151658767772 0.04739336492890995
2 0.3644549763033175 0.8654028436018958 0.0881516587677725 0.0881516587677725
8 0.8909952606635071 0.7355450236966825 0.07582938388625593 0.07582938388625593
8 0.9303317535545024 0.7838862559241706 0.07962085308056872 0.08151658767772511
9 0.9639810426540284 0.8218009478672986 0.061611374407582936 0.05971563981042654
9 0.9834123222748815 0.8540284360189574 0.03317535545023697 0.06445497630331753