8 0.013270142180094787 0.06492890995260664 0.026540284360189573 0.07677725118483412
9 0.047867298578199054 0.045023696682464455 0.05687203791469194 0.06729857819905213
9 0.0924170616113744 0.031279620853080566 0.05402843601895735 0.06255924170616113
1 0.14170616113744075 0.025592417061611375 0.055924170616113746 0.05118483412322275
6 0.19146919431279621 0.025118483412322274 0.04549763033175355 0.05023696682464455
6 0.23696682464454977 0.04407582938388625 0.07014218009478673 0.06350710900473934
6 0.26919431279620853 0.09431279620853081 0.06919431279620854 0.06350710900473934
6 0.27440758293838863 0.14786729857819905 0.05402843601895735 0.04454976303317536
1 0.26445497630331755 0.1938388625592417 0.06540284360189573 0.04739336492890995
9 0.23601895734597156 0.23838862559241705 0.06919431279620854 0.06350710900473934
9 0.2132701421800948 0.2838862559241706 0.05687203791469194 0.054976303317535544
8 0.17819905213270143 0.3251184834123223 0.08530805687203792 0.07962085308056872
8 0.13270142180094788 0.38341232227488153 0.0881516587677725 0.08530805687203792
4 0.64739336492891 0.19194312796208532 0.03981042654028436 0.046445497630331754
4 0.7004739336492891 0.21990521327014217 0.04170616113744076 0.04170616113744076
9 0.75260663507109 0.23886255924170616 0.06255924170616113 0.07298578199052133
9 0.8028436018957346 0.2563981042654028 0.055924170616113746 0.058767772511848344
1 0.8611374407582938 0.2734597156398104 0.058767772511848344 0.06255924170616113
6 0.9090047393364928 0.266824644549763 0.07014218009478673 0.05023696682464455
6 0.933175355450237 0.24360189573459715 0.07488151658767772 0.04075829383886256
8 0.23933649289099526 0.9137440758293839 0.07014218009478673 0.07488151658767772
8 0.2962085308056872 0.9014218009478673 0.06824644549763033 0.07867298578199051
9 0.34786729857819904 0.8971563981042654 0.05118483412322275 0.05687203791469194
9 0.3876777251184834 0.8924170616113745 0.05308056872037915 0.06540284360189573
1 0.43507109004739336 0.885781990521327 0.061611374407582936 0.061611374407582936
6 0.4843601895734597 0.9023696682464455 0.05687203791469194 0.054976303317535544
6 0.5175355450236967 0.9213270142180094 0.06350710900473934 0.06729857819905213
8 0.7161137440758294 0.9848341232227488 0.0881516587677725 0.03033175355450237
8 0.7028436018957346 0.9436018957345972 0.08909952606635071 0.08530805687203792
9 0.6909952606635071 0.8867298578199052 0.06919431279620854 0.06540284360189573
1 0.6758293838862559 0.814218009478673 0.05402843601895735 0.05971563981042654
6 0.5824644549763033 0.7327014218009479 0.025592417061611375 0.06635071090047394
6 0.6189573459715639 0.7459715639810427 0.06350710900473934 0.06729857819905213
6 0.656872037914692 0.771563981042654 0.04928909952606635 0.05971563981042654