5 0.6137440758293838 0.0033175355450236967 0.031279620853080566 0.006635071090047393
6 0.5649289099526066 0.016587677725118485 0.058767772511848344 0.03317535545023697
6 0.5123222748815166 0.01990521327014218 0.055924170616113746 0.03981042654028436
6 0.23080568720379147 0.6208530805687204 0.04170616113744076 0.04170616113744076
6 0.25355450236966826 0.6061611374407583 0.037914691943127965 0.04075829383886256
6 0.2834123222748815 0.6009478672985782 0.03317535545023697 0.04454976303317536
6 0.3104265402843602 0.6090047393364929 0.04075829383886256 0.04454976303317536
1 0.3469194312796208 0.6170616113744076 0.043601895734597156 0.04834123222748815
1 0.2037914691943128 0.6393364928909953 0.04454976303317536 0.04739336492890995
9 0.36777251184834125 0.6521327014218009 0.052132701421800945 0.05023696682464455
9 0.385781990521327 0.690521327014218 0.05308056872037915 0.05118483412322275
9 0.1815165876777251 0.6729857819905213 0.052132701421800945 0.05118483412322275
9 0.16919431279620853 0.70521327014218 0.04739336492890995 0.04265402843601896
8 0.16255924170616115 0.7303317535545024 0.052132701421800945 0.02843601895734597
3 0.8412322274881516 0.5734597156398105 0.037914691943127965 0.03886255924170616
8 0.771090047393365 0.5943127962085308 0.07488151658767772 0.07772511848341232
9 0.714218009478673 0.6104265402843602 0.05023696682464455 0.05781990521327014
9 0.6701421800947868 0.623696682464455 0.05023696682464455 0.05308056872037915
1 0.6279620853080569 0.624170616113744 0.04928909952606635 0.04739336492890995
6 0.6014218009478673 0.6037914691943128 0.05971563981042654 0.046445497630331754
6 0.5772511848341232 0.5853080568720379 0.05308056872037915 0.043601895734597156
6 0.5606635071090047 0.5658767772511848 0.055924170616113746 0.03601895734597156