8 0.16303317535545023 0.17061611374407584 0.07488151658767772 0.07488151658767772
8 0.12037914691943127 0.12606635071090047 0.07962085308056872 0.07962085308056872
8 0.06872037914691943 0.08909952606635071 0.06540284360189573 0.06350710900473934
9 0.024170616113744076 0.06066350710900474 0.04834123222748815 0.05118483412322275
9 0.007582938388625593 0.036492890995260666 0.015165876777251185 0.05402843601895735
8 0.44644549763033176 0.17203791469194313 0.05308056872037915 0.07109004739336493
8 0.4924170616113744 0.14454976303317535 0.05687203791469194 0.08056872037914692
8 0.5440758293838862 0.12938388625592417 0.07203791469194312 0.07203791469194312
9 0.5985781990521327 0.10995260663507109 0.04928909952606635 0.07203791469194312
9 0.6440758293838863 0.1023696682464455 0.054976303317535544 0.07582938388625593
1 0.6990521327014217 0.0938388625592417 0.06540284360189573 0.07203791469194312
6 0.747867298578199 0.10426540284360189 0.06066350710900474 0.06540284360189573
6 0.7805687203791469 0.11848341232227488 0.06066350710900474 0.05687203791469194
6 0.7943127962085308 0.15876777251184834 0.06824644549763033 0.05118483412322275
8 0.2066350710900474 0.9151658767772511 0.06445497630331753 0.06729857819905213
8 0.26919431279620853 0.9402843601895735 0.07109004739336493 0.07109004739336493
9 0.32180094786729857 0.9497630331753555 0.04928909952606635 0.06255924170616113
9 0.37203791469194314 0.9545023696682464 0.052132701421800945 0.06445497630331753
1 0.4080568720379147 0.9497630331753555 0.023696682464454975 0.06635071090047394
3 0.43933649289099524 0.5563981042654028 0.03886255924170616 0.034123222748815164
3 0.5090047393364929 0.6417061611374407 0.03886255924170616 0.04170616113744076
9 0.7312796208530805 0.5687203791469194 0.06255924170616113 0.05118483412322275
1 0.7151658767772512 0.614218009478673 0.07014218009478673 0.07867298578199051
6 0.6971563981042654 0.6563981042654028 0.05308056872037915 0.06066350710900474
6 0.6687203791469194 0.6815165876777252 0.04549763033175355 0.05781990521327014
6 0.6336492890995261 0.695260663507109 0.04454976303317536 0.05308056872037915
6 0.5919431279620853 0.6853080568720379 0.04265402843601896 0.07203791469194312
1 0.5497630331753555 0.6791469194312796 0.05687203791469194 0.07298578199052133