8 0.35450236966824644 0.18246445497630331 0.07393364928909953 0.07962085308056872
8 0.030805687203791468 0.24028436018957347 0.061611374407582936 0.07677725118483412
8 0.34928909952606635 0.2559241706161137 0.07298578199052133 0.08341232227488152
9 0.33838862559241706 0.3090047393364929 0.06350710900473934 0.05781990521327014
9 0.3222748815165877 0.35023696682464456 0.06350710900473934 0.058767772511848344
8 0.057345971563981045 0.3 0.07488151658767772 0.07582938388625593
9 0.07819905213270142 0.34407582938388626 0.058767772511848344 0.05971563981042654
9 0.1004739336492891 0.38341232227488153 0.05971563981042654 0.05971563981042654
1 0.2985781990521327 0.3938388625592417 0.06066350710900474 0.06066350710900474
6 0.2720379146919431 0.418957345971564 0.04454976303317536 0.054976303317535544
6 0.23838862559241705 0.4327014218009479 0.04170616113744076 0.05687203791469194
6 0.1976303317535545 0.4374407582938389 0.04454976303317536 0.058767772511848344
6 0.16445497630331754 0.43412322274881515 0.05118483412322275 0.05308056872037915
1 0.13033175355450238 0.4156398104265403 0.05971563981042654 0.061611374407582936
8 0.7815165876777251 0.21658767772511847 0.06255924170616113 0.06919431279620854
3 0.7876777251184834 0.27488151658767773 0.04075829383886256 0.04549763033175355
9 0.795734597156398 0.33744075829383885 0.05308056872037915 0.04739336492890995
9 0.8037914691943128 0.3824644549763033 0.046445497630331754 0.04454976303317536
6 0.9753554502369668 0.4710900473933649 0.046445497630331754 0.06824644549763033
6 0.9374407582938389 0.47393364928909953 0.04549763033175355 0.06350710900473934
6 0.9 0.4720379146919431 0.04075829383886256 0.052132701421800945
6 0.8630331753554502 0.4611374407582938 0.052132701421800945 0.05971563981042654
1 0.8246445497630331 0.4255924170616114 0.04739336492890995 0.05118483412322275
8 0.2075829383886256 0.9677725118483412 0.07203791469194312 0.06445497630331753