5 0.32796208530805687 0.10995260663507109 0.04265402843601896 0.04739336492890995
8 0.2777251184834123 0.06445497630331753 0.08625592417061612 0.08909952606635071
9 0.22796208530805687 0.03744075829383886 0.06350710900473934 0.07488151658767772
9 0.17725118483412322 0.027488151658767772 0.06255924170616113 0.054976303317535544
1 0.12464454976303317 0.032701421800947865 0.07298578199052133 0.06540284360189573
6 0.07061611374407582 0.03981042654028436 0.07582938388625593 0.07014218009478673
8 0.8473933649289099 0.41137440758293836 0.1052132701421801 0.09573459715639811
9 0.8464454976303317 0.352132701421801 0.0947867298578199 0.07962085308056872
9 0.5971563981042654 0.24075829383886255 0.03601895734597156 0.07582938388625593
9 0.6184834123222749 0.21516587677725119 0.07867298578199051 0.08530805687203792
9 0.8454976303317535 0.3 0.07867298578199051 0.06255924170616113
3 0.776303317535545 0.22559241706161137 0.04170616113744076 0.043601895734597156
3 0.657345971563981 0.2241706161137441 0.035071090047393366 0.04075829383886256
3 0.8222748815165877 0.2729857819905213 0.04265402843601896 0.043601895734597156
8 0.32701421800947866 0.5255924170616114 0.0909952606635071 0.09194312796208531
8 0.3914691943127962 0.5374407582938389 0.09289099526066351 0.0881516587677725
2 0.44786729857819907 0.5516587677725119 0.052132701421800945 0.07203791469194312
1 0.4957345971563981 0.5696682464454976 0.05971563981042654 0.06350710900473934
6 0.5454976303317536 0.5734597156398105 0.06729857819905213 0.06066350710900474
6 0.566824644549763 0.5497630331753555 0.024644549763033177 0.06255924170616113
8 0.6587677725118484 0.7834123222748816 0.07109004739336493 0.07677725118483412
8 0.6530805687203791 0.7151658767772512 0.07488151658767772 0.07962085308056872
9 0.6454976303317536 0.6587677725118484 0.055924170616113746 0.055924170616113746
9 0.633175355450237 0.6132701421800948 0.04928909952606635 0.04928909952606635
1 0.6066350710900474 0.5834123222748815 0.054976303317535544 0.06919431279620854
6 0.5867298578199052 0.5706161137440758 0.015165876777251185 0.06255924170616113