3 0.13554502369668248 0.05071090047393365 0.055924170616113746 0.04739336492890995
3 0.17582938388625594 0.0947867298578199 0.04739336492890995 0.03981042654028436
3 0.25876777251184835 0.17203791469194313 0.043601895734597156 0.05023696682464455
9 0.46208530805687204 0.024170616113744076 0.07298578199052133 0.04834123222748815
9 0.46872037914691944 0.06824644549763033 0.07393364928909953 0.06255924170616113
1 0.4658767772511848 0.11800947867298578 0.06919431279620854 0.07582938388625593
1 0.3061611374407583 0.2033175355450237 0.06350710900473934 0.07962085308056872
6 0.44976303317535543 0.16066350710900473 0.055924170616113746 0.058767772511848344
6 0.4270142180094787 0.18578199052132702 0.05402843601895735 0.06255924170616113
6 0.3928909952606635 0.20568720379146918 0.052132701421800945 0.05687203791469194
6 0.35118483412322277 0.209478672985782 0.05023696682464455 0.058767772511848344
9 0.5388625592417061 0.07440758293838863 0.05781990521327014 0.07867298578199051
9 0.5834123222748815 0.07677725118483412 0.05971563981042654 0.08056872037914692
3 0.6554502369668247 0.03601895734597156 0.03601895734597156 0.037914691943127965
3 0.6104265402843602 0.053554502369668244 0.03317535545023697 0.04075829383886256
8 0.02037914691943128 0.7890995260663507 0.04075829383886256 0.05781990521327014
8 0.02227488151658768 0.7350710900473933 0.04454976303317536 0.07109004739336493
9 0.02037914691943128 0.6829383886255924 0.04075829383886256 0.055924170616113746
9 0.022748815165876776 0.6369668246445498 0.04549763033175355 0.058767772511848344
1 0.02085308056872038 0.5881516587677725 0.04170616113744076 0.05781990521327014
6 0.035071090047393366 0.5469194312796208 0.06445497630331753 0.055924170616113746
6 0.07582938388625593 0.5222748815165876 0.06540284360189573 0.06255924170616113
6 0.12890995260663507 0.5009478672985782 0.06729857819905213 0.06919431279620854
6 0.18056872037914692 0.495260663507109 0.05781990521327014 0.05781990521327014
1 0.2241706161137441 0.518957345971564 0.05971563981042654 0.061611374407582936
9 0.2616113744075829 0.5592417061611374 0.06824644549763033 0.06255924170616113
9 0.3 0.5938388625592417 0.06066350710900474 0.058767772511848344
8 0.3227488151658768 0.6364928909952606 0.07488151658767772 0.07772511848341232
8 0.34549763033175357 0.6843601895734597 0.05971563981042654 0.06540284360189573
4 0.861611374407583 0.8729857819905213 0.03981042654028436 0.04265402843601896
8 0.9208530805687204 0.875829383886256 0.08909952606635071 0.0947867298578199
9 0.8033175355450237 0.8611374407582938 0.06445497630331753 0.08246445497630332
9 0.7554502369668247 0.8606635071090047 0.06919431279620854 0.08056872037914692
1 0.70521327014218 0.8530805687203792 0.061611374407582936 0.07109004739336493
6 0.6606635071090048 0.8682464454976303 0.06066350710900474 0.06445497630331753
6 0.6265402843601896 0.8966824644549763 0.06824644549763033 0.07393364928909953