9 0.3345971563981043 0.014218009478672985 0.05118483412322275 0.02843601895734597
9 0.3080568720379147 0.03696682464454976 0.04739336492890995 0.046445497630331754
1 0.27582938388625594 0.05308056872037915 0.04265402843601896 0.06635071090047394
6 0.24170616113744076 0.05165876777251185 0.03981042654028436 0.05118483412322275
6 0.21374407582938387 0.052132701421800945 0.03886255924170616 0.054976303317535544
6 0.1848341232227488 0.034123222748815164 0.03601895734597156 0.05023696682464455
6 0.15829383886255924 0.02890995260663507 0.03981042654028436 0.04834123222748815
1 0.13507109004739337 0.014218009478672985 0.05023696682464455 0.02843601895734597
8 0.8943127962085308 0.1881516587677725 0.07014218009478673 0.06824644549763033
8 0.8909952606635071 0.24834123222748816 0.08341232227488152 0.07203791469194312
9 0.8843601895734597 0.304739336492891 0.07867298578199051 0.06445497630331753
9 0.8796208530805687 0.35687203791469196 0.06919431279620854 0.06540284360189573
8 0.5616113744075829 0.2772511848341232 0.07962085308056872 0.08056872037914692
8 0.5829383886255924 0.3293838862559242 0.06729857819905213 0.07298578199052133
9 0.6090047393364929 0.3800947867298578 0.054976303317535544 0.06066350710900474
1 0.8611374407582938 0.4033175355450237 0.05781990521327014 0.055924170616113746
6 0.8360189573459715 0.4369668246445498 0.052132701421800945 0.054976303317535544
6 0.8023696682464455 0.44644549763033176 0.04454976303317536 0.04549763033175355
6 0.7658767772511849 0.4483412322274882 0.04928909952606635 0.04170616113744076
6 0.723696682464455 0.45023696682464454 0.046445497630331754 0.037914691943127965
1 0.681042654028436 0.44075829383886256 0.061611374407582936 0.05687203791469194
9 0.6345971563981042 0.4246445497630332 0.054976303317535544 0.05687203791469194
3 0.01943127962085308 0.6639810426540285 0.03886255924170616 0.05781990521327014
3 0.012322274881516588 0.7232227488151659 0.024644549763033177 0.05118483412322275
3 0.014218009478672985 0.7748815165876777 0.02843601895734597 0.05402843601895735
8 0.32748815165876777 0.7341232227488151 0.07393364928909953 0.07393364928909953
8 0.3056872037914692 0.7909952606635071 0.08056872037914692 0.08720379146919431
9 0.2824644549763033 0.8511848341232228 0.06540284360189573 0.06445497630331753
9 0.25355450236966826 0.8971563981042654 0.06635071090047394 0.06635071090047394
1 0.22511848341232227 0.9412322274881516 0.058767772511848344 0.06445497630331753
6 0.1815165876777251 0.9535545023696682 0.05308056872037915 0.061611374407582936
6 0.12464454976303317 0.9582938388625593 0.06635071090047394 0.061611374407582936
6 0.07014218009478673 0.9298578199052133 0.06540284360189573 0.06540284360189573
6 0.029383886255924172 0.9109004739336493 0.05308056872037915 0.05023696682464455
1 0.017535545023696683 0.8739336492890996 0.035071090047393366 0.054976303317535544
9 0.015165876777251185 0.8265402843601896 0.03033175355450237 0.054976303317535544
8 0.5767772511848341 0.7853080568720379 0.06824644549763033 0.08341232227488152
8 0.6336492890995261 0.8085308056872038 0.07109004739336493 0.08246445497630332
9 0.6848341232227488 0.8175355450236966 0.05118483412322275 0.06350710900473934
9 0.7241706161137441 0.8274881516587678 0.05402843601895735 0.06540284360189573
1 0.7682464454976303 0.837914691943128 0.05402843601895735 0.052132701421800945
6 0.7995260663507109 0.8175355450236966 0.043601895734597156 0.04075829383886256
6 0.8369668246445497 0.8132701421800947 0.058767772511848344 0.06066350710900474