8 0.07582938388625593 0.16777251184834124 0.08436018957345971 0.0938388625592417
9 0.12132701421800948 0.21184834123222748 0.06729857819905213 0.07109004739336493
9 0.15402843601895735 0.24881516587677724 0.06729857819905213 0.06635071090047394
6 0.3118483412322275 0.24549763033175356 0.03601895734597156 0.06824644549763033
6 0.3080568720379147 0.2791469194312796 0.043601895734597156 0.05402843601895735
6 0.2786729857819905 0.2933649289099526 0.03981042654028436 0.05023696682464455
6 0.23933649289099526 0.29241706161137443 0.046445497630331754 0.054976303317535544
1 0.1976303317535545 0.27440758293838863 0.061611374407582936 0.06635071090047394
3 0.7928909952606635 0.04075829383886256 0.05118483412322275 0.04928909952606635
3 0.7995260663507109 0.11090047393364928 0.05118483412322275 0.04834123222748815
3 0.8090047393364929 0.15450236966824646 0.046445497630331754 0.04454976303317536
3 0.4947867298578199 0.21516587677725119 0.05308056872037915 0.05308056872037915
3 0.5393364928909953 0.25450236966824646 0.05402843601895735 0.052132701421800945
3 0.6199052132701421 0.2943127962085308 0.052132701421800945 0.05308056872037915
3 0.8018957345971564 0.25165876777251184 0.04170616113744076 0.04075829383886256
3 0.7672985781990521 0.3023696682464455 0.04549763033175355 0.04549763033175355
2 0.6649289099526067 0.32701421800947866 0.04739336492890995 0.06540284360189573
2 0.7099526066350711 0.32748815165876777 0.04454976303317536 0.055924170616113746
2 0.8255924170616113 0.2014218009478673 0.061611374407582936 0.05118483412322275
8 0.1080568720379147 0.771090047393365 0.0976303317535545 0.0985781990521327
1 0.012322274881516588 0.6687203791469194 0.024644549763033177 0.07109004739336493
9 0.03317535545023697 0.6995260663507109 0.06635071090047394 0.07962085308056872
9 0.06729857819905213 0.7331753554502369 0.08056872037914692 0.07962085308056872
8 0.44123222748815166 0.5469194312796208 0.07867298578199051 0.054976303317535544
8 0.5104265402843602 0.5502369668246445 0.08056872037914692 0.061611374407582936
9 0.5696682464454976 0.5559241706161138 0.06635071090047394 0.07298578199052133
9 0.6189573459715639 0.5549763033175356 0.05687203791469194 0.07109004739336493
1 0.6696682464454976 0.5559241706161138 0.07109004739336493 0.07109004739336493
6 0.7180094786729858 0.5459715639810426 0.055924170616113746 0.05308056872037915
6 0.7563981042654029 0.533175355450237 0.06824644549763033 0.027488151658767772