9 0.4308056872037915 0.35734597156398107 0.05781990521327014 0.08530805687203792
9 0.3933649289099526 0.33981042654028437 0.07298578199052133 0.0938388625592417
1 0.34407582938388626 0.3251184834123223 0.06635071090047394 0.07203791469194312
6 0.2971563981042654 0.3227488151658768 0.05402843601895735 0.054976303317535544
6 0.25781990521327014 0.34312796208530805 0.07014218009478673 0.06255924170616113
6 0.21943127962085307 0.3753554502369668 0.06540284360189573 0.052132701421800945
8 0.9753554502369668 0.21753554502369668 0.04928909952606635 0.09004739336492891
9 0.9421800947867298 0.22227488151658767 0.05971563981042654 0.06635071090047394
9 0.8971563981042654 0.21800947867298578 0.06255924170616113 0.06729857819905213
1 0.8488151658767773 0.2099526066350711 0.061611374407582936 0.06066350710900474
6 0.8127962085308057 0.1928909952606635 0.061611374407582936 0.05971563981042654
6 0.7781990521327015 0.16919431279620853 0.07772511848341232 0.06919431279620854
9 0.24502369668246446 0.9616113744075829 0.07867298578199051 0.07677725118483412
9 0.24028436018957347 0.9819905213270143 0.09004739336492891 0.03601895734597156
4 0.5440758293838862 0.8649289099526066 0.043601895734597156 0.043601895734597156
4 0.6218009478672986 0.8412322274881516 0.037914691943127965 0.037914691943127965
9 0.6654028436018957 0.8066350710900474 0.054976303317535544 0.06066350710900474
1 0.70521327014218 0.8066350710900474 0.05781990521327014 0.07203791469194312
6 0.738388625592417 0.8075829383886256 0.043601895734597156 0.04834123222748815
6 0.7592417061611374 0.8208530805687204 0.046445497630331754 0.04739336492890995
6 0.7824644549763033 0.8350710900473933 0.04454976303317536 0.04454976303317536
6 0.8085308056872038 0.8478672985781991 0.03981042654028436 0.04170616113744076
1 0.819431279620853 0.8687203791469195 0.05687203791469194 0.054976303317535544
9 0.8274881516587678 0.9407582938388626 0.06066350710900474 0.052132701421800945
8 0.8184834123222748 0.9753554502369668 0.08246445497630332 0.04928909952606635
9 0.8312796208530806 0.9018957345971564 0.06255924170616113 0.055924170616113746