8 0.5066350710900474 0.15260663507109004 0.07962085308056872 0.0947867298578199
8 0.44644549763033176 0.13033175355450238 0.07867298578199051 0.0966824644549763
9 0.3990521327014218 0.10995260663507109 0.05308056872037915 0.07203791469194312
9 0.35687203791469196 0.0995260663507109 0.061611374407582936 0.06919431279620854
1 0.3066350710900474 0.0909952606635071 0.06255924170616113 0.07393364928909953
6 0.26445497630331755 0.0995260663507109 0.04928909952606635 0.061611374407582936
6 0.21753554502369668 0.11137440758293839 0.061611374407582936 0.061611374407582936
9 0.7971563981042654 0.2042654028436019 0.015165876777251185 0.055924170616113746
8 0.2018957345971564 0.7426540284360189 0.05971563981042654 0.054976303317535544
8 0.2123222748815166 0.6890995260663507 0.07014218009478673 0.06824644549763033
9 0.22511848341232227 0.6393364928909953 0.06255924170616113 0.05308056872037915
9 0.23601895734597156 0.5943127962085308 0.06919431279620854 0.055924170616113746
1 0.25071090047393363 0.547867298578199 0.054976303317535544 0.054976303317535544
6 0.28104265402843603 0.5118483412322274 0.061611374407582936 0.05308056872037915
6 0.32654028436018956 0.49715639810426543 0.06350710900473934 0.05971563981042654
6 0.38341232227488153 0.4886255924170616 0.06445497630331753 0.06635071090047394
6 0.43459715639810426 0.4943127962085308 0.055924170616113746 0.055924170616113746
1 0.4720379146919431 0.5270142180094787 0.05687203791469194 0.05971563981042654
9 0.4990521327014218 0.5753554502369668 0.06635071090047394 0.05971563981042654
9 0.5289099526066351 0.6170616113744076 0.058767772511848344 0.05687203791469194
8 0.5412322274881517 0.6639810426540285 0.07203791469194312 0.07488151658767772
8 0.5526066350710901 0.7161137440758294 0.05687203791469194 0.06350710900473934
9 0.7990521327014218 0.8663507109004739 0.018957345971563982 0.054976303317535544