8 0.32748815165876777 0.4549763033175355 0.08151658767772511 0.08625592417061612
8 0.023696682464454975 0.33981042654028437 0.04739336492890995 0.08436018957345971
3 0.012796208530805687 0.3995260663507109 0.025592417061611375 0.04454976303317536
3 0.28720379146919434 0.5052132701421801 0.04454976303317536 0.043601895734597156
9 0.25876777251184835 0.5563981042654028 0.06635071090047394 0.06635071090047394
9 0.22985781990521326 0.5886255924170616 0.05971563981042654 0.058767772511848344
1 0.1900473933649289 0.6033175355450237 0.061611374407582936 0.03317535545023697
9 0.014218009478672985 0.46255924170616114 0.02843601895734597 0.06066350710900474
9 0.010900473933649289 0.5066350710900474 0.021800947867298578 0.05781990521327014
1 0.017535545023696683 0.5540284360189573 0.035071090047393366 0.061611374407582936
6 0.14218009478672985 0.609478672985782 0.05687203791469194 0.02085308056872038
6 0.1014218009478673 0.6066350710900474 0.05118483412322275 0.026540284360189573
6 0.06824644549763033 0.6004739336492891 0.05308056872037915 0.03886255924170616
6 0.03317535545023697 0.590047393364929 0.06066350710900474 0.05971563981042654
9 0.5725118483412323 0.266824644549763 0.026540284360189573 0.07109004739336493
9 0.5824644549763033 0.22654028436018958 0.046445497630331754 0.06824644549763033
9 0.8436018957345972 0.2971563981042654 0.07867298578199051 0.07772511848341232
9 0.8236966824644549 0.25355450236966826 0.08151658767772511 0.08625592417061612
1 0.8037914691943128 0.2080568720379147 0.06729857819905213 0.07962085308056872
6 0.7644549763033175 0.17535545023696683 0.05687203791469194 0.06255924170616113
6 0.7222748815165877 0.15687203791469195 0.06919431279620854 0.07772511848341232
6 0.6744075829383887 0.15497630331753554 0.06729857819905213 0.07298578199052133
2 0.6037914691943128 0.20616113744075829 0.04834123222748815 0.05308056872037915
2 0.6417061611374407 0.17582938388625594 0.04549763033175355 0.04928909952606635
2 0.4037914691943128 0.7412322274881517 0.06066350710900474 0.07488151658767772
9 0.3018957345971564 0.7436018957345971 0.058767772511848344 0.07298578199052133
9 0.25876777251184835 0.738388625592417 0.06255924170616113 0.07393364928909953
1 0.21516587677725119 0.7341232227488151 0.05687203791469194 0.05971563981042654
6 0.18625592417061612 0.7075829383886256 0.05402843601895735 0.05023696682464455
6 0.15165876777251186 0.6881516587677725 0.07014218009478673 0.06445497630331753
7 0.35545023696682465 0.7393364928909952 0.05781990521327014 0.06729857819905213
8 0.7303317535545024 0.8322274881516588 0.07393364928909953 0.07867298578199051
2 0.6829383886255924 0.804739336492891 0.07109004739336493 0.08341232227488152
8 0.6436018957345971 0.761611374407583 0.08436018957345971 0.09289099526066351
9 0.6037914691943128 0.728909952606635 0.06635071090047394 0.07772511848341232
9 0.5753554502369668 0.7132701421800948 0.03222748815165877 0.07298578199052133