3 0.12701421800947868 0.22037914691943128 0.05308056872037915 0.05781990521327014
8 0.3744075829383886 0.03933649289099526 0.09289099526066351 0.07867298578199051
8 0.1909952606635071 0.24834123222748816 0.0909952606635071 0.0909952606635071
9 0.24739336492890995 0.2729857819905213 0.05402843601895735 0.046445497630331754
9 0.2876777251184834 0.2853080568720379 0.04928909952606635 0.04928909952606635
9 0.4009478672985782 0.08625592417061612 0.06540284360189573 0.055924170616113746
9 0.42274881516587676 0.12796208530805686 0.06255924170616113 0.054976303317535544
1 0.43459715639810426 0.17014218009478674 0.06255924170616113 0.05971563981042654
1 0.3303317535545024 0.2848341232227488 0.05402843601895735 0.05687203791469194
6 0.36729857819905215 0.27109004739336495 0.04928909952606635 0.05687203791469194
6 0.4251184834123223 0.2071090047393365 0.05118483412322275 0.04834123222748815
6 0.41232227488151657 0.23791469194312795 0.05023696682464455 0.043601895734597156
6 0.4004739336492891 0.26303317535545023 0.04549763033175355 0.04549763033175355
3 0.7843601895734598 0.36777251184834125 0.05781990521327014 0.04928909952606635
3 0.8255924170616113 0.4104265402843602 0.04834123222748815 0.04075829383886256
3 0.9113744075829384 0.4848341232227488 0.04549763033175355 0.05118483412322275
1 0.9597156398104265 0.514218009478673 0.06635071090047394 0.08151658767772511
6 0.9895734597156398 0.518957345971564 0.02085308056872038 0.05971563981042654
8 0.314218009478673 0.6630331753554503 0.08625592417061612 0.027488151658767772
9 0.2824644549763033 0.6834123222748815 0.046445497630331754 0.05308056872037915
9 0.25971563981042656 0.7218009478672985 0.05023696682464455 0.05023696682464455
9 0.027488151658767772 0.6729857819905213 0.054976303317535544 0.04739336492890995
9 0.046445497630331754 0.7071090047393365 0.05402843601895735 0.04834123222748815
1 0.07345971563981042 0.7440758293838863 0.052132701421800945 0.055924170616113746
1 0.23175355450236967 0.762085308056872 0.052132701421800945 0.054976303317535544
6 0.1014218009478673 0.7767772511848341 0.04265402843601896 0.037914691943127965
6 0.13222748815165877 0.7853080568720379 0.03981042654028436 0.03696682464454976
6 0.1966824644549763 0.7881516587677725 0.04928909952606635 0.03601895734597156
6 0.16113744075829384 0.7914691943127962 0.04454976303317536 0.035071090047393366
8 0.7971563981042654 0.6644549763033175 0.0909952606635071 0.03033175355450237
9 0.7838862559241706 0.6829383886255924 0.07582938388625593 0.06729857819905213
9 0.7635071090047393 0.714218009478673 0.07203791469194312 0.08341232227488152
1 0.7364928909952607 0.7573459715639811 0.055924170616113746 0.07582938388625593
6 0.6995260663507109 0.7725118483412322 0.05687203791469194 0.08720379146919431
2 0.6758293838862559 0.7701421800947867 0.013270142180094787 0.07488151658767772