8 0.37251184834123224 0.4706161137440758 0.07393364928909953 0.07203791469194312
8 0.3341232227488152 0.42227488151658765 0.08246445497630332 0.08246445497630332
9 0.3014218009478673 0.37867298578199055 0.05781990521327014 0.061611374407582936
9 0.2677725118483412 0.35545023696682465 0.061611374407582936 0.058767772511848344
1 0.23364928909952606 0.3251184834123223 0.04928909952606635 0.05687203791469194
6 0.19478672985781992 0.3194312796208531 0.05023696682464455 0.05308056872037915
6 0.15402843601895735 0.32654028436018956 0.06066350710900474 0.058767772511848344
9 0.5881516587677725 0.20616113744075829 0.06919431279620854 0.06540284360189573
9 0.876303317535545 0.18056872037914692 0.07677725118483412 0.06635071090047394
9 0.8606635071090047 0.22938388625592418 0.06729857819905213 0.06540284360189573
9 0.6113744075829384 0.25213270142180094 0.07203791469194312 0.06919431279620854
1 0.833175355450237 0.2720379146919431 0.06066350710900474 0.06635071090047394
1 0.64739336492891 0.2886255924170616 0.06540284360189573 0.07109004739336493
6 0.8033175355450237 0.2962085308056872 0.05402843601895735 0.05971563981042654
6 0.7706161137440758 0.3075829383886256 0.04454976303317536 0.05687203791469194
6 0.7293838862559242 0.3118483412322275 0.04834123222748815 0.05781990521327014
6 0.6886255924170616 0.3061611374407583 0.046445497630331754 0.058767772511848344
8 0.8886255924170616 0.12890995260663507 0.07488151658767772 0.06445497630331753
8 0.3251184834123223 0.7004739336492891 0.07867298578199051 0.08341232227488152
8 0.25734597156398104 0.6838862559241706 0.07298578199052133 0.08530805687203792
9 0.2018957345971564 0.6682464454976303 0.055924170616113746 0.06824644549763033
9 0.14976303317535544 0.6696682464454976 0.05971563981042654 0.06255924170616113
1 0.10853080568720379 0.6540284360189573 0.06066350710900474 0.061611374407582936
6 0.06350710900473934 0.6654028436018957 0.055924170616113746 0.052132701421800945
6 0.024644549763033177 0.6829383886255924 0.04928909952606635 0.06350710900473934
6 0.00900473933649289 0.7180094786729858 0.01800947867298578 0.06729857819905213