8 0.43886255924170614 0.10284360189573459 0.04170616113744076 0.0938388625592417
5 0.2554502369668246 0.3241706161137441 0.04739336492890995 0.046445497630331754
6 0.45355450236966827 0.3355450236966825 0.012322274881516588 0.06824644549763033
6 0.43554502369668247 0.35924170616113743 0.04834123222748815 0.07582938388625593
6 0.4004739336492891 0.37203791469194314 0.06255924170616113 0.07393364928909953
1 0.35639810426540286 0.37203791469194314 0.06255924170616113 0.06729857819905213
9 0.3132701421800948 0.35971563981042654 0.06635071090047394 0.06919431279620854
3 0.7421800947867299 0.42938388625592416 0.04549763033175355 0.04454976303317536
3 0.7649289099526067 0.46919431279620855 0.04454976303317536 0.04170616113744076
9 0.785781990521327 0.5023696682464455 0.06066350710900474 0.054976303317535544
9 0.8175355450236966 0.5156398104265403 0.05971563981042654 0.02843601895734597
6 0.9829383886255925 0.5213270142180095 0.034123222748815164 0.017061611374407582
8 0.34881516587677724 0.9914691943127962 0.08909952606635071 0.017061611374407582
9 0.34312796208530805 0.9682464454976303 0.07867298578199051 0.06066350710900474
9 0.3459715639810427 0.918957345971564 0.07298578199052133 0.06824644549763033
1 0.352132701421801 0.8710900473933649 0.061611374407582936 0.06350710900473934
3 0.385781990521327 0.8417061611374408 0.04265402843601896 0.04549763033175355
6 0.41137440758293836 0.8061611374407583 0.06729857819905213 0.06635071090047394
6 0.44454976303317534 0.7895734597156399 0.03033175355450237 0.06066350710900474
8 0.7672985781990521 0.828909952606635 0.054976303317535544 0.06350710900473934
8 0.47962085308056873 0.975829383886256 0.03981042654028436 0.04834123222748815
8 0.7829383886255924 0.8843601895734597 0.06066350710900474 0.06540284360189573
9 0.7966824644549763 0.942654028436019 0.05687203791469194 0.05687203791469194
9 0.7995260663507109 0.9843601895734597 0.05971563981042654 0.031279620853080566