5 0.22890995260663508 0.18672985781990523 0.03981042654028436 0.04170616113744076
6 0.016587677725118485 0.11327014218009479 0.03317535545023697 0.06350710900473934
6 0.035545023696682464 0.09194312796208531 0.04834123222748815 0.061611374407582936
9 0.1900473933649289 0.13412322274881516 0.061611374407582936 0.06350710900473934
1 0.15639810426540285 0.1052132701421801 0.06066350710900474 0.06350710900473934
6 0.11848341232227488 0.08436018957345971 0.05402843601895735 0.06255924170616113
6 0.07061611374407582 0.07914691943127962 0.05308056872037915 0.06635071090047394
8 0.7180094786729858 0.06066350710900474 0.06919431279620854 0.06729857819905213
8 0.7161137440758294 0.12132701421800948 0.08246445497630332 0.07109004739336493
9 0.7099526066350711 0.17772511848341233 0.07772511848341232 0.06350710900473934
9 0.7061611374407583 0.22985781990521326 0.06824644549763033 0.06445497630331753
1 0.6886255924170616 0.27630331753554505 0.05687203791469194 0.054976303317535544
6 0.6639810426540285 0.3104265402843602 0.05118483412322275 0.05402843601895735
6 0.6312796208530805 0.3251184834123223 0.043601895734597156 0.05308056872037915
6 0.5943127962085308 0.33222748815165876 0.04834123222748815 0.05781990521327014
6 0.5521327014218009 0.33791469194312795 0.04549763033175355 0.06066350710900474
1 0.509478672985782 0.3246445497630332 0.05971563981042654 0.07298578199052133
8 0.014691943127962086 0.7990521327014218 0.029383886255924172 0.0909952606635071
3 0.045023696682464455 0.8274881516587678 0.04265402843601896 0.04265402843601896
9 0.08862559241706161 0.8364928909952607 0.05402843601895735 0.05781990521327014
1 0.14360189573459717 0.837914691943128 0.052132701421800945 0.05308056872037915
6 0.17251184834123223 0.8298578199052132 0.03981042654028436 0.05118483412322275
6 0.2037914691943128 0.8075829383886256 0.04739336492890995 0.046445497630331754
6 0.23033175355450236 0.7729857819905214 0.05118483412322275 0.046445497630331754
8 0.7398104265402844 0.7687203791469195 0.08530805687203792 0.07582938388625593
8 0.7208530805687203 0.7113744075829384 0.08909952606635071 0.07582938388625593
8 0.9786729857819905 0.6184834123222749 0.04265402843601896 0.07867298578199051
9 0.7227488151658767 0.6563981042654028 0.07109004739336493 0.05402843601895735
9 0.7274881516587678 0.6109004739336493 0.06445497630331753 0.054976303317535544
1 0.7298578199052133 0.5857819905213271 0.058767772511848344 0.013270142180094787