9 0.4056872037914692 0.43364928909952605 0.06824644549763033 0.031279620853080566
9 0.35971563981042654 0.4251184834123223 0.06540284360189573 0.04834123222748815
1 0.314218009478673 0.4184834123222749 0.07298578199052133 0.061611374407582936
6 0.26445497630331755 0.4194312796208531 0.07203791469194312 0.05971563981042654
6 0.22464454976303316 0.42227488151658765 0.08151658767772511 0.05402843601895735
8 0.8203791469194313 0.16018957345971563 0.0909952606635071 0.10426540284360189
8 0.7644549763033175 0.12890995260663507 0.0909952606635071 0.1052132701421801
9 0.7208530805687203 0.1014218009478673 0.06255924170616113 0.07772511848341232
9 0.680568720379147 0.08436018957345971 0.07014218009478673 0.07582938388625593
1 0.6327014218009479 0.06824644549763033 0.07203791469194312 0.08056872037914692
6 0.5895734597156398 0.07014218009478673 0.05687203791469194 0.06729857819905213
6 0.5412322274881517 0.07393364928909953 0.06919431279620854 0.06919431279620854
8 0.4033175355450237 0.7890995260663507 0.08436018957345971 0.07867298578199051
9 0.404739336492891 0.828909952606635 0.07393364928909953 0.05687203791469194
1 0.4132701421800948 0.8682464454976303 0.06445497630331753 0.06635071090047394
3 0.4364928909952607 0.9018957345971564 0.037914691943127965 0.04170616113744076
6 0.45355450236966827 0.9265402843601895 0.052132701421800945 0.06540284360189573
8 0.8132701421800947 0.909478672985782 0.08151658767772511 0.0909952606635071
8 0.7540284360189573 0.8734597156398104 0.0909952606635071 0.0966824644549763
9 0.7056872037914692 0.8440758293838863 0.06445497630331753 0.07867298578199051
9 0.6639810426540285 0.8246445497630331 0.06635071090047394 0.07488151658767772
1 0.6189573459715639 0.8075829383886256 0.06540284360189573 0.07582938388625593
6 0.5691943127962086 0.8009478672985783 0.058767772511848344 0.06635071090047394
6 0.5270142180094787 0.8080568720379147 0.07677725118483412 0.07962085308056872