8 0.23933649289099526 0.06255924170616113 0.07772511848341232 0.07488151658767772
8 0.23033175355450236 0.13175355450236967 0.09194312796208531 0.08151658767772511
9 0.22796208530805687 0.19194312796208532 0.07677725118483412 0.06066350710900474
9 0.22511848341232227 0.24549763033175356 0.06919431279620854 0.05781990521327014
1 0.2075829383886256 0.3014218009478673 0.06824644549763033 0.07582938388625593
6 0.18246445497630331 0.33649289099526064 0.06255924170616113 0.07109004739336493
6 0.14123222748815165 0.36066350710900474 0.058767772511848344 0.07677725118483412
6 0.08388625592417062 0.37345971563981045 0.06729857819905213 0.07677725118483412
6 0.029383886255924172 0.36255924170616116 0.04739336492890995 0.07393364928909953
8 0.8018957345971564 0.33886255924170616 0.06919431279620854 0.07582938388625593
8 0.5061611374407583 0.27109004739336495 0.06445497630331753 0.06824644549763033
8 0.5227488151658768 0.33080568720379144 0.06445497630331753 0.06350710900473934
9 0.7767772511848341 0.3867298578199052 0.04928909952606635 0.05118483412322275
9 0.7597156398104266 0.42369668246445497 0.046445497630331754 0.046445497630331754
9 0.5412322274881517 0.3753554502369668 0.05308056872037915 0.05023696682464455
9 0.5592417061611374 0.4132701421800948 0.05118483412322275 0.05308056872037915
1 0.738388625592417 0.4549763033175355 0.046445497630331754 0.052132701421800945
1 0.5767772511848341 0.45308056872037916 0.04549763033175355 0.052132701421800945
6 0.709478672985782 0.46919431279620855 0.04265402843601896 0.04928909952606635
6 0.6763033175355451 0.4767772511848341 0.04075829383886256 0.054976303317535544
6 0.6374407582938388 0.476303317535545 0.04075829383886256 0.054976303317535544
6 0.6023696682464454 0.46729857819905213 0.04265402843601896 0.05118483412322275
8 0.1080568720379147 0.8402843601895734 0.07109004739336493 0.08341232227488152
9 0.15402843601895735 0.8066350710900474 0.05687203791469194 0.06350710900473934
9 0.34976303317535545 0.9350710900473934 0.058767772511848344 0.05781990521327014
1 0.23933649289099526 0.7568720379146919 0.04928909952606635 0.05781990521327014
6 0.2933649289099526 0.74739336492891 0.055924170616113746 0.052132701421800945
6 0.3412322274881517 0.762085308056872 0.06540284360189573 0.05687203791469194
6 0.36018957345971564 0.795260663507109 0.037914691943127965 0.06255924170616113
6 0.3691943127962085 0.8407582938388626 0.01990521327014218 0.054976303317535544
1 0.36729857819905215 0.8909952606635071 0.023696682464454975 0.04928909952606635
8 0.7739336492890996 0.866824644549763 0.058767772511848344 0.06824644549763033
9 0.671090047393365 0.8767772511848341 0.05308056872037915 0.06729857819905213
9 0.6222748815165877 0.8734597156398104 0.054976303317535544 0.06350710900473934
1 0.566350710900474 0.8734597156398104 0.058767772511848344 0.06255924170616113
6 0.5279620853080569 0.8516587677725118 0.05308056872037915 0.05023696682464455
6 0.4966824644549763 0.8303317535545024 0.04928909952606635 0.04265402843601896
8 0.7208530805687203 0.8725118483412322 0.058767772511848344 0.07109004739336493