9 0.15734597156398103 0.018957345971563982 0.06445497630331753 0.037914691943127965
9 0.11469194312796209 0.027962085308056873 0.06445497630331753 0.055924170616113746
1 0.06729857819905213 0.037914691943127965 0.06729857819905213 0.06540284360189573
6 0.02227488151658768 0.04597156398104266 0.04454976303317536 0.06350710900473934
8 0.7540284360189573 0.3028436018957346 0.08056872037914692 0.06445497630331753
8 0.7696682464454976 0.33791469194312795 0.07014218009478673 0.055924170616113746
1 0.8255924170616113 0.4009478672985782 0.06729857819905213 0.06635071090047394
9 0.7962085308056872 0.36255924170616116 0.07298578199052133 0.06350710900473934
2 0.9625592417061611 0.4014218009478673 0.05118483412322275 0.05781990521327014
2 0.8701421800947867 0.41184834123222747 0.043601895734597156 0.04265402843601896
6 0.9862559241706161 0.37109004739336493 0.027488151658767772 0.05971563981042654
8 0.3819905213270142 0.5184834123222749 0.08625592417061612 0.08530805687203792
8 0.4014218009478673 0.5867298578199052 0.0881516587677725 0.09004739336492891
8 0.12085308056872038 0.6725118483412322 0.09004739336492891 0.0909952606635071
8 0.17061611374407584 0.7151658767772512 0.07582938388625593 0.07772511848341232
9 0.2109004739336493 0.7464454976303317 0.06255924170616113 0.06635071090047394
9 0.24407582938388625 0.7682464454976303 0.06255924170616113 0.06824644549763033
9 0.409478672985782 0.6436018957345971 0.06350710900473934 0.05402843601895735
9 0.4156398104265403 0.6848341232227488 0.058767772511848344 0.05781990521327014
1 0.4194312796208531 0.7270142180094786 0.058767772511848344 0.05781990521327014
1 0.2800947867298578 0.7895734597156399 0.05402843601895735 0.058767772511848344
6 0.3165876777251185 0.7985781990521327 0.05023696682464455 0.06350710900473934
6 0.35165876777251187 0.7909952606635071 0.046445497630331754 0.06255924170616113
6 0.3791469194312796 0.7739336492890996 0.05023696682464455 0.06066350710900474
6 0.4052132701421801 0.7559241706161137 0.05023696682464455 0.06066350710900474
9 0.6417061611374407 0.5090047393364929 0.08341232227488152 0.07393364928909953
9 0.6421800947867299 0.5620853080568721 0.07488151658767772 0.07203791469194312
1 0.6407582938388625 0.6118483412322275 0.06066350710900474 0.07014218009478673
6 0.6218009478672986 0.6454976303317536 0.043601895734597156 0.06824644549763033
6 0.6118483412322275 0.6781990521327014 0.023696682464454975 0.052132701421800945