8 0.018957345971563982 0.06113744075829384 0.037914691943127965 0.08056872037914692
8 0.37725118483412323 0.029383886255924172 0.08151658767772511 0.058767772511848344
8 0.37251184834123224 0.08720379146919431 0.08056872037914692 0.08530805687203792
9 0.35734597156398107 0.13981042654028436 0.058767772511848344 0.058767772511848344
9 0.34739336492890993 0.18388625592417063 0.05971563981042654 0.058767772511848344
8 0.03933649289099526 0.11232227488151658 0.07867298578199051 0.08436018957345971
8 0.08104265402843602 0.16729857819905214 0.08151658767772511 0.08625592417061612
9 0.11658767772511848 0.2075829383886256 0.05971563981042654 0.05781990521327014
1 0.14644549763033177 0.23933649289099526 0.05687203791469194 0.05781990521327014
1 0.33364928909952607 0.22559241706161137 0.05402843601895735 0.06350710900473934
6 0.3052132701421801 0.25308056872037915 0.04454976303317536 0.061611374407582936
6 0.2729857819905213 0.26445497630331755 0.03981042654028436 0.05118483412322275
6 0.23981042654028437 0.271563981042654 0.04170616113744076 0.052132701421800945
6 0.20900473933649288 0.2824644549763033 0.04739336492890995 0.05971563981042654
6 0.17677725118483412 0.2663507109004739 0.05402843601895735 0.06635071090047394
2 0.75260663507109 0.22037914691943128 0.055924170616113746 0.07014218009478673
8 0.7966824644549763 0.190521327014218 0.08056872037914692 0.08246445497630332
9 0.8530805687203792 0.176303317535545 0.06066350710900474 0.07298578199052133
9 0.9014218009478673 0.16919431279620853 0.061611374407582936 0.07393364928909953
1 0.9483412322274881 0.15450236966824646 0.05781990521327014 0.061611374407582936
6 0.9815165876777251 0.16113744075829384 0.03696682464454976 0.058767772511848344
8 0.11042654028436019 0.9393364928909953 0.08341232227488152 0.0909952606635071
8 0.04407582938388625 0.9535545023696682 0.08625592417061612 0.0909952606635071
9 0.011848341232227487 0.9644549763033176 0.023696682464454975 0.07109004739336493
9 0.7213270142180095 0.7706161137440758 0.07298578199052133 0.07867298578199051
9 0.7080568720379147 0.8146919431279621 0.06729857819905213 0.06824644549763033
1 0.6886255924170616 0.8559241706161137 0.058767772511848344 0.06919431279620854
6 0.6587677725118484 0.8876777251184834 0.05687203791469194 0.07488151658767772
6 0.6132701421800948 0.9033175355450237 0.07109004739336493 0.08530805687203792
6 0.5601895734597157 0.9042654028436019 0.06255924170616113 0.08436018957345971
6 0.5203791469194313 0.9018957345971564 0.05402843601895735 0.06729857819905213
1 0.4838862559241706 0.8786729857819905 0.06066350710900474 0.06919431279620854
9 0.45781990521327015 0.809478672985782 0.017061611374407582 0.07014218009478673
9 0.46777251184834123 0.843127962085308 0.03696682464454976 0.06919431279620854