8 0.21374407582938387 0.4203791469194313 0.06824644549763033 0.06919431279620854
8 0.1928909952606635 0.3687203791469194 0.07109004739336493 0.07393364928909953
9 0.16824644549763032 0.323696682464455 0.05781990521327014 0.05687203791469194
9 0.13981042654028436 0.2848341232227488 0.05308056872037915 0.055924170616113746
1 0.11042654028436019 0.25165876777251184 0.05402843601895735 0.06255924170616113
6 0.07582938388625593 0.23981042654028437 0.04549763033175355 0.058767772511848344
6 0.04075829383886256 0.23554502369668245 0.05023696682464455 0.06445497630331753
6 0.015639810426540283 0.23886255924170616 0.031279620853080566 0.07203791469194312
8 0.5853080568720379 0.4090047393364929 0.0881516587677725 0.08436018957345971
8 0.657345971563981 0.4151658767772512 0.08720379146919431 0.08720379146919431
9 0.7170616113744076 0.4255924170616114 0.06066350710900474 0.06255924170616113
9 0.7611374407582938 0.42890995260663506 0.055924170616113746 0.05971563981042654
1 0.8042654028436019 0.44123222748815166 0.05781990521327014 0.07109004739336493
6 0.8350710900473933 0.4549763033175355 0.06445497630331753 0.06445497630331753
6 0.8597156398104265 0.4772511848341232 0.061611374407582936 0.06919431279620854
6 0.3222748815165877 0.8985781990521327 0.034123222748815164 0.05687203791469194
6 0.3042654028436019 0.8848341232227488 0.046445497630331754 0.06445497630331753
6 0.28056872037914693 0.8436018957345972 0.04549763033175355 0.06445497630331753
6 0.2772511848341232 0.8796208530805687 0.04075829383886256 0.04265402843601896
9 0.8407582938388626 0.8246445497630331 0.0966824644549763 0.09194312796208531
9 0.5127962085308057 0.7540284360189573 0.0985781990521327 0.08625592417061612
3 0.5360189573459716 0.6123222748815166 0.04834123222748815 0.04549763033175355
3 0.5355450236966824 0.6753554502369669 0.05308056872037915 0.05781990521327014
5 0.5184834123222749 0.8080568720379147 0.04265402843601896 0.043601895734597156
1 0.7981042654028436 0.9464454976303317 0.08720379146919431 0.0938388625592417
6 0.7445497630331753 0.9644549763033176 0.08056872037914692 0.07109004739336493
6 0.685781990521327 0.9649289099526066 0.09194312796208531 0.07014218009478673
6 0.6165876777251185 0.9559241706161138 0.0881516587677725 0.0881516587677725
6 0.5587677725118484 0.9478672985781991 0.08246445497630332 0.10426540284360189
1 0.5255924170616114 0.8872037914691943 0.07867298578199051 0.0938388625592417