3 0.009478672985781991 0.31563981042654027 0.018957345971563982 0.05118483412322275
8 0.06303317535545024 0.33270142180094786 0.09573459715639811 0.0966824644549763
9 0.11232227488151658 0.36066350710900474 0.06919431279620854 0.07867298578199051
9 0.16161137440758294 0.37867298578199055 0.06445497630331753 0.07962085308056872
1 0.21374407582938387 0.38957345971563984 0.058767772511848344 0.06824644549763033
6 0.25260663507109005 0.37772511848341234 0.055924170616113746 0.04454976303317536
6 0.2786729857819905 0.36208530805687206 0.06729857819905213 0.04454976303317536
6 0.3009478672985782 0.3412322274881517 0.06350710900473934 0.03696682464454976
3 0.5364928909952607 0.14691943127962084 0.06350710900473934 0.058767772511848344
2 0.47014218009478675 0.15308056872037915 0.08151658767772511 0.10900473933649289
9 0.6137440758293838 0.09431279620853081 0.0909952606635071 0.1004739336492891
1 0.6872037914691943 0.06682464454976303 0.08720379146919431 0.0985781990521327
6 0.7483412322274882 0.07867298578199051 0.08341232227488152 0.0995260663507109
6 0.8232227488151659 0.08720379146919431 0.0938388625592417 0.08436018957345971
6 0.8720379146919431 0.13838862559241707 0.0881516587677725 0.09004739336492891
6 0.8796208530805687 0.2080568720379147 0.1014218009478673 0.0966824644549763
1 0.8890995260663507 0.2786729857819905 0.10426540284360189 0.0966824644549763
8 0.21421800947867298 0.9796208530805687 0.07014218009478673 0.04075829383886256
8 0.16066350710900473 0.9625592417061611 0.08246445497630332 0.07488151658767772
9 0.109478672985782 0.9473933649289099 0.06445497630331753 0.08151658767772511
2 0.06682464454976303 0.9374407582938389 0.04170616113744076 0.06540284360189573
1 0.027488151658767772 0.9199052132701422 0.054976303317535544 0.07488151658767772