8 0.624170616113744 0.35450236966824644 0.10710900473933649 0.10426540284360189
3 0.5611374407582939 0.32606635071090045 0.05118483412322275 0.052132701421800945
0 0.5037914691943128 0.2957345971563981 0.052132701421800945 0.05023696682464455
9 0.43554502369668247 0.2895734597156398 0.06919431279620854 0.07772511848341232
9 0.38388625592417064 0.27014218009478674 0.05687203791469194 0.07298578199052133
1 0.34454976303317536 0.262085308056872 0.061611374407582936 0.06635071090047394
6 0.3184834123222749 0.2843601895734597 0.06066350710900474 0.04928909952606635
6 0.2914691943127962 0.295260663507109 0.058767772511848344 0.04739336492890995
6 0.2777251184834123 0.328436018957346 0.058767772511848344 0.046445497630331754
8 0.7090047393364929 0.17772511848341233 0.058767772511848344 0.07867298578199051
8 0.7530805687203791 0.2023696682464455 0.07203791469194312 0.06824644549763033
9 0.8028436018957346 0.21706161137440758 0.05781990521327014 0.06350710900473934
9 0.842654028436019 0.23270142180094786 0.052132701421800945 0.054976303317535544
1 0.8838862559241706 0.23838862559241705 0.05023696682464455 0.05402843601895735
6 0.9104265402843602 0.22890995260663508 0.05781990521327014 0.05308056872037915
6 0.9374407582938389 0.21469194312796208 0.05687203791469194 0.04928909952606635
8 0.08341232227488152 0.8554502369668247 0.0909952606635071 0.08909952606635071
8 0.34834123222748814 0.7696682464454976 0.08056872037914692 0.07867298578199051
9 0.34407582938388626 0.8227488151658767 0.05781990521327014 0.04834123222748815
9 0.33649289099526064 0.861611374407583 0.05687203791469194 0.04834123222748815
9 0.12180094786729857 0.904739336492891 0.06445497630331753 0.06635071090047394
9 0.15592417061611374 0.9417061611374408 0.05971563981042654 0.058767772511848344
1 0.1895734597156398 0.9687203791469194 0.05402843601895735 0.058767772511848344
1 0.3241706161137441 0.9009478672985782 0.05402843601895735 0.052132701421800945
6 0.22701421800947869 0.9729857819905213 0.052132701421800945 0.05402843601895735
6 0.25924170616113745 0.9682464454976303 0.054976303317535544 0.055924170616113746
6 0.290521327014218 0.9587677725118483 0.05118483412322275 0.05308056872037915
6 0.30995260663507107 0.9364928909952607 0.054976303317535544 0.05308056872037915
9 0.9767772511848342 0.6919431279620853 0.046445497630331754 0.08720379146919431
9 0.9407582938388626 0.685781990521327 0.05023696682464455 0.054976303317535544
6 0.8924170616113745 0.6966824644549763 0.06824644549763033 0.06445497630331753
6 0.8578199052132701 0.7127962085308057 0.07393364928909953 0.06066350710900474