8 0.404739336492891 0.3052132701421801 0.07867298578199051 0.08246445497630332
9 0.3872037914691943 0.25829383886255924 0.06729857819905213 0.06350710900473934
9 0.37109004739336493 0.2156398104265403 0.06445497630331753 0.06255924170616113
9 0.1014218009478673 0.25497630331753557 0.06635071090047394 0.05402843601895735
9 0.11563981042654028 0.21800947867298578 0.06824644549763033 0.055924170616113746
1 0.13507109004739337 0.17677725118483412 0.05971563981042654 0.06255924170616113
6 0.16398104265402844 0.14644549763033177 0.06066350710900474 0.058767772511848344
6 0.2066350710900474 0.13744075829383887 0.06540284360189573 0.06255924170616113
6 0.2611374407582938 0.13507109004739337 0.06540284360189573 0.06919431279620854
6 0.3090047393364929 0.14644549763033177 0.052132701421800945 0.05781990521327014
1 0.34360189573459715 0.17535545023696683 0.05781990521327014 0.06255924170616113
0 0.9914691943127962 0.35971563981042654 0.017061611374407582 0.04265402843601896
8 0.2919431279620853 0.7549763033175355 0.0938388625592417 0.0995260663507109
8 0.5995260663507109 0.866824644549763 0.08625592417061612 0.0881516587677725
8 0.5412322274881517 0.9118483412322275 0.09004739336492891 0.08909952606635071
9 0.2781990521327014 0.8227488151658767 0.07582938388625593 0.06540284360189573
9 0.266824644549763 0.8729857819905213 0.06540284360189573 0.06445497630331753
9 0.4886255924170616 0.9398104265402843 0.058767772511848344 0.06729857819905213
9 0.4492890995260663 0.9672985781990522 0.06066350710900474 0.06255924170616113
1 0.4109004739336493 0.9734597156398104 0.05023696682464455 0.05308056872037915
6 0.37203791469194314 0.9786729857819905 0.04834123222748815 0.04265402843601896
6 0.33981042654028437 0.976303317535545 0.04075829383886256 0.04739336492890995
6 0.3180094786729858 0.9658767772511848 0.04454976303317536 0.06066350710900474
6 0.2900473933649289 0.9497630331753555 0.046445497630331754 0.05781990521327014
1 0.2682464454976303 0.9184834123222749 0.04928909952606635 0.055924170616113746
8 0.7725118483412322 0.46208530805687204 0.06635071090047394 0.025592417061611375
9 0.9834123222748815 0.48104265402843605 0.03317535545023697 0.05781990521327014
9 0.9748815165876777 0.5270142180094787 0.05023696682464455 0.05308056872037915
9 0.7900473933649289 0.4848341232227488 0.06445497630331753 0.06445497630331753
9 0.8028436018957346 0.5308056872037915 0.06635071090047394 0.06635071090047394
1 0.9516587677725118 0.5554502369668246 0.05971563981042654 0.06350710900473934
6 0.918957345971564 0.5649289099526066 0.04549763033175355 0.061611374407582936
6 0.8881516587677725 0.5829383886255924 0.04549763033175355 0.06635071090047394
6 0.8696682464454977 0.5672985781990522 0.04454976303317536 0.05308056872037915
6 0.8360189573459715 0.5521327014218009 0.04454976303317536 0.05781990521327014
1 0.8085308056872038 0.5687203791469194 0.04549763033175355 0.052132701421800945