8 0.981042654028436 0.3350710900473934 0.037914691943127965 0.06919431279620854
8 0.03696682464454976 0.7516587677725118 0.06824644549763033 0.058767772511848344
8 0.06540284360189573 0.6981042654028436 0.08246445497630332 0.08341232227488152
8 0.11706161137440758 0.6582938388625592 0.08341232227488152 0.09573459715639811
9 0.15402843601895735 0.6156398104265403 0.05781990521327014 0.06919431279620854
9 0.18862559241706162 0.5914691943127962 0.06066350710900474 0.06729857819905213
8 0.3706161137440758 0.9270142180094787 0.07203791469194312 0.07014218009478673
8 0.3928909952606635 0.8701421800947867 0.0881516587677725 0.07582938388625593
8 0.4080568720379147 0.8 0.08720379146919431 0.07962085308056872
9 0.41706161137440756 0.7450236966824645 0.06729857819905213 0.04928909952606635
3 0.22843601895734597 0.5971563981042654 0.02843601895734597 0.035071090047393366
3 0.2971563981042654 0.6071090047393365 0.03981042654028436 0.034123222748815164
3 0.3739336492890995 0.6526066350710901 0.04265402843601896 0.03886255924170616
3 0.4042654028436019 0.7109004739336493 0.035071090047393366 0.029383886255924172
1 0.9900473933649289 0.6312796208530805 0.01990521327014218 0.06255924170616113
6 0.9691943127962085 0.6511848341232227 0.04739336492890995 0.05687203791469194
6 0.9345971563981043 0.6502369668246446 0.04265402843601896 0.07109004739336493
6 0.9014218009478673 0.6502369668246446 0.04265402843601896 0.061611374407582936
6 0.871563981042654 0.6402843601895735 0.05118483412322275 0.055924170616113746
1 0.8436018957345972 0.6080568720379147 0.054976303317535544 0.06635071090047394
0 0.8232227488151659 0.5635071090047393 0.03886255924170616 0.05023696682464455
0 0.7796208530805687 0.4729857819905213 0.04549763033175355 0.04834123222748815
0 0.7644549763033175 0.41137440758293836 0.04075829383886256 0.03981042654028436