9 0.2985781990521327 0.22180094786729856 0.07298578199052133 0.07867298578199051
9 0.2853080568720379 0.26587677725118486 0.06729857819905213 0.06824644549763033
1 0.26587677725118486 0.3071090047393365 0.058767772511848344 0.06919431279620854
6 0.23601895734597156 0.33886255924170616 0.05687203791469194 0.07488151658767772
6 0.190521327014218 0.35450236966824644 0.07109004739336493 0.08530805687203792
6 0.13744075829383887 0.35545023696682465 0.06255924170616113 0.08436018957345971
6 0.0976303317535545 0.35308056872037913 0.05402843601895735 0.06729857819905213
1 0.06113744075829384 0.3298578199052133 0.06066350710900474 0.06919431279620854
9 0.021800947867298578 0.26066350710900477 0.043601895734597156 0.07014218009478673
9 0.03175355450236967 0.2943127962085308 0.06350710900473934 0.06919431279620854
8 0.7123222748815166 0.12417061611374408 0.07488151658767772 0.08720379146919431
8 0.7701421800947867 0.11042654028436019 0.07488151658767772 0.08720379146919431
9 0.8123222748815165 0.08625592417061612 0.054976303317535544 0.06540284360189573
9 0.8540284360189574 0.07630331753554502 0.05781990521327014 0.06824644549763033
1 0.8947867298578199 0.06398104265402843 0.052132701421800945 0.058767772511848344
6 0.9407582938388626 0.07014218009478673 0.04834123222748815 0.05023696682464455
6 0.9729857819905213 0.07962085308056872 0.05402843601895735 0.05687203791469194
6 0.9872037914691943 0.11090047393364928 0.025592417061611375 0.04739336492890995
9 0.2161137440758294 0.5445497630331754 0.06824644549763033 0.029383886255924172
8 0.6720379146919432 0.7165876777251184 0.061611374407582936 0.06540284360189573
8 0.9459715639810427 0.8099526066350711 0.06445497630331753 0.06919431279620854
8 0.6772511848341233 0.7663507109004739 0.06445497630331753 0.05971563981042654
8 0.9037914691943127 0.8587677725118483 0.07014218009478673 0.07109004739336493
9 0.6639810426540285 0.8175355450236966 0.04549763033175355 0.037914691943127965
9 0.6649289099526067 0.8540284360189574 0.04834123222748815 0.04265402843601896
9 0.8777251184834123 0.8990521327014218 0.046445497630331754 0.04739336492890995
9 0.8545023696682464 0.9293838862559242 0.04834123222748815 0.043601895734597156
1 0.8127962085308057 0.9530805687203792 0.04170616113744076 0.04549763033175355
6 0.7739336492890996 0.9597156398104265 0.03696682464454976 0.03981042654028436
6 0.7407582938388626 0.9563981042654028 0.037914691943127965 0.03601895734597156
6 0.7109004739336493 0.9440758293838862 0.03981042654028436 0.03033175355450237
6 0.6862559241706161 0.9227488151658768 0.04265402843601896 0.03981042654028436
1 0.671563981042654 0.8933649289099526 0.04454976303317536 0.043601895734597156