8 0.36540284360189573 0.05687203791469194 0.08246445497630332 0.07867298578199051
8 0.33649289099526064 0.12938388625592417 0.08625592417061612 0.08720379146919431
9 0.3075829383886256 0.18388625592417063 0.06255924170616113 0.05687203791469194
9 0.2909952606635071 0.22748815165876776 0.05687203791469194 0.04739336492890995
8 0.542654028436019 0.3175355450236967 0.07298578199052133 0.08530805687203792
9 0.4981042654028436 0.34360189573459715 0.058767772511848344 0.06540284360189573
9 0.4549763033175355 0.3635071090047393 0.052132701421800945 0.061611374407582936
1 0.4037914691943128 0.37156398104265403 0.055924170616113746 0.06635071090047394
1 0.2900473933649289 0.27440758293838863 0.06729857819905213 0.054976303317535544
6 0.36208530805687206 0.36729857819905215 0.04170616113744076 0.04739336492890995
6 0.33317535545023697 0.3578199052132701 0.03981042654028436 0.04265402843601896
6 0.3118483412322275 0.33933649289099527 0.04454976303317536 0.04265402843601896
6 0.2971563981042654 0.314218009478673 0.04739336492890995 0.03886255924170616
8 0.5976303317535545 0.14644549763033177 0.03696682464454976 0.09004739336492891
9 0.6298578199052133 0.16824644549763032 0.054976303317535544 0.06540284360189573
9 0.6838862559241706 0.18293838862559242 0.06445497630331753 0.06445497630331753
1 0.7360189573459716 0.1881516587677725 0.055924170616113746 0.05971563981042654
6 0.7739336492890996 0.16777251184834124 0.058767772511848344 0.04739336492890995
6 0.8009478672985783 0.14028436018957346 0.06729857819905213 0.043601895734597156
8 0.2023696682464455 0.8080568720379147 0.07582938388625593 0.07962085308056872
8 0.22938388625592418 0.8682464454976303 0.07962085308056872 0.08720379146919431
9 0.27440758293838863 0.9014218009478673 0.06255924170616113 0.06540284360189573
9 0.3033175355450237 0.942654028436019 0.05971563981042654 0.05781990521327014
8 0.5511848341232227 0.690521327014218 0.055924170616113746 0.07298578199052133
8 0.5516587677725119 0.7511848341232228 0.054976303317535544 0.07488151658767772
9 0.5502369668246445 0.8085308056872038 0.05781990521327014 0.05687203791469194
9 0.5436018957345972 0.8601895734597157 0.07109004739336493 0.05781990521327014
1 0.5170616113744075 0.9028436018957346 0.06255924170616113 0.05118483412322275
3 0.45355450236966827 0.9469194312796209 0.03033175355450237 0.03601895734597156
3 0.3985781990521327 0.9540284360189574 0.029383886255924172 0.03317535545023697
3 0.36161137440758295 0.9459715639810427 0.03601895734597156 0.035071090047393366
8 0.8549763033175355 0.637914691943128 0.08720379146919431 0.07488151658767772
8 0.8516587677725118 0.7037914691943128 0.09004739336492891 0.07962085308056872
9 0.8535545023696682 0.7582938388625592 0.07203791469194312 0.05687203791469194
0 0.9090047393364928 0.8545023696682464 0.05118483412322275 0.06635071090047394
0 0.9800947867298578 0.8867298578199052 0.03981042654028436 0.06919431279620854
0 0.8691943127962085 0.7928909952606635 0.04928909952606635 0.05118483412322275