8 0.23886255924170616 0.4265402843601896 0.0909952606635071 0.0881516587677725
8 0.28104265402843603 0.48625592417061614 0.09194312796208531 0.08720379146919431
9 0.3175355450236967 0.5170616113744075 0.06445497630331753 0.025592417061611375
9 0.4829383886255924 0.44454976303317534 0.07677725118483412 0.07298578199052133
9 0.5 0.4 0.07677725118483412 0.06729857819905213
9 0.7734597156398104 0.4260663507109005 0.07582938388625593 0.06255924170616113
9 0.7454976303317535 0.3886255924170616 0.07677725118483412 0.06255924170616113
1 0.5161137440758294 0.36113744075829385 0.06066350710900474 0.06540284360189573
1 0.7165876777251184 0.34928909952606635 0.06540284360189573 0.06729857819905213
6 0.5440758293838862 0.3345971563981043 0.06066350710900474 0.07109004739336493
6 0.5914691943127962 0.31516587677725116 0.06729857819905213 0.07298578199052133
2 0.638388625592417 0.3184834123222749 0.04928909952606635 0.05781990521327014
6 0.6843601895734597 0.32180094786729857 0.06635071090047394 0.07203791469194312
8 0.34265402843601894 0.6644549763033175 0.07298578199052133 0.06919431279620854
8 0.2829383886255924 0.704739336492891 0.08341232227488152 0.07962085308056872
9 0.23744075829383887 0.7327014218009479 0.07867298578199051 0.08909952606635071
9 0.1876777251184834 0.7454976303317535 0.052132701421800945 0.055924170616113746
6 0.14739336492890995 0.7739336492890996 0.07014218009478673 0.06635071090047394
6 0.12085308056872038 0.8014218009478673 0.07488151658767772 0.06255924170616113
8 0.6876777251184835 0.6327014218009479 0.08625592417061612 0.0966824644549763
8 0.747867298578199 0.5985781990521327 0.08625592417061612 0.0938388625592417
9 0.8004739336492891 0.5744075829383887 0.06350710900473934 0.07962085308056872
9 0.8445497630331753 0.5625592417061611 0.06066350710900474 0.06540284360189573
1 0.8914691943127963 0.5540284360189573 0.06350710900473934 0.04834123222748815
6 0.9364928909952607 0.5483412322274882 0.06066350710900474 0.03696682464454976
6 0.9706161137440759 0.5526066350710901 0.058767772511848344 0.04549763033175355
6 0.990521327014218 0.5706161137440758 0.018957345971563982 0.07582938388625593