4 0.045023696682464455 0.5165876777251185 0.04834123222748815 0.05023696682464455
8 0.10900473933649289 0.466824644549763 0.1052132701421801 0.1004739336492891
8 0.47962085308056873 0.3028436018957346 0.07962085308056872 0.08246445497630332
8 0.7919431279620853 0.2881516587677725 0.07677725118483412 0.07867298578199051
8 0.7739336492890996 0.35023696682464456 0.07962085308056872 0.07677725118483412
9 0.75260663507109 0.3995260663507109 0.06066350710900474 0.054976303317535544
9 0.7374407582938388 0.4369668246445498 0.05402843601895735 0.05118483412322275
1 0.7161137440758294 0.4654028436018957 0.05023696682464455 0.05023696682464455
6 0.6900473933649289 0.4829383886255924 0.05023696682464455 0.054976303317535544
6 0.6635071090047393 0.49146919431279623 0.04265402843601896 0.05308056872037915
6 0.6336492890995261 0.4938388625592417 0.03981042654028436 0.05023696682464455
6 0.6028436018957346 0.4829383886255924 0.04454976303317536 0.054976303317535544
1 0.5739336492890995 0.46824644549763034 0.04834123222748815 0.05781990521327014
9 0.5469194312796208 0.44549763033175355 0.05308056872037915 0.054976303317535544
9 0.5298578199052133 0.4090047393364929 0.05971563981042654 0.06350710900473934
8 0.504739336492891 0.3630331753554502 0.08246445497630332 0.08436018957345971
1 0.13696682464454976 0.9753554502369668 0.06350710900473934 0.04928909952606635
6 0.17725118483412322 0.9616113744075829 0.05971563981042654 0.06255924170616113
6 0.22464454976303316 0.9511848341232227 0.07109004739336493 0.08056872037914692
6 0.27677725118483415 0.957345971563981 0.07109004739336493 0.08056872037914692
6 0.3241706161137441 0.9729857819905213 0.06255924170616113 0.05402843601895735
1 0.34218009478672984 0.9881516587677726 0.054976303317535544 0.023696682464454975
8 0.6976303317535545 0.8767772511848341 0.1004739336492891 0.07772511848341232
8 0.6848341232227488 0.9308056872037914 0.0947867298578199 0.08625592417061612
9 0.6630331753554503 0.975829383886256 0.08625592417061612 0.04834123222748815