8 0.19478672985781992 0.22559241706161137 0.08909952606635071 0.08625592417061612
8 0.4710900473933649 0.1909952606635071 0.03601895734597156 0.0881516587677725
8 0.23459715639810427 0.2876777251184834 0.09004739336492891 0.08720379146919431
9 0.47535545023696685 0.2559241706161137 0.027488151658767772 0.06824644549763033
9 0.47488151658767774 0.3028436018957346 0.02843601895734597 0.05781990521327014
9 0.26919431279620853 0.3355450236966825 0.06255924170616113 0.05971563981042654
9 0.295260663507109 0.37819905213270144 0.058767772511848344 0.05971563981042654
1 0.4663507109004739 0.34218009478672984 0.04549763033175355 0.07014218009478673
6 0.4492890995260663 0.36635071090047394 0.04739336492890995 0.05781990521327014
6 0.4199052132701422 0.3791469194312796 0.04170616113744076 0.058767772511848344
6 0.3900473933649289 0.3872037914691943 0.04170616113744076 0.05971563981042654
6 0.36066350710900474 0.3924170616113744 0.04454976303317536 0.06445497630331753
1 0.328436018957346 0.3909952606635071 0.058767772511848344 0.06350710900473934
9 0.933175355450237 0.010900473933649289 0.08625592417061612 0.021800947867298578
1 0.9255924170616113 0.04312796208530806 0.08625592417061612 0.08625592417061612
9 0.6104265402843602 0.0981042654028436 0.09004739336492891 0.0909952606635071
9 0.6592417061611374 0.14170616113744075 0.07962085308056872 0.08246445497630332
1 0.7203791469194313 0.14265402843601896 0.0909952606635071 0.0995260663507109
6 0.7786729857819905 0.14786729857819905 0.06350710900473934 0.07109004739336493
6 0.8227488151658767 0.14170616113744075 0.05971563981042654 0.07393364928909953
6 0.8639810426540284 0.12132701421800948 0.058767772511848344 0.07014218009478673
6 0.8938388625592417 0.0909952606635071 0.07203791469194312 0.07962085308056872
4 0.0981042654028436 0.9886255924170616 0.04075829383886256 0.022748815165876776
5 0.027962085308056873 0.9308056872037914 0.03317535545023697 0.035071090047393366
1 0.013270142180094787 0.8867298578199052 0.026540284360189573 0.06729857819905213
8 0.6995260663507109 0.6127962085308057 0.09194312796208531 0.08625592417061612
3 0.7511848341232228 0.6127962085308057 0.03317535545023697 0.03317535545023697
9 0.8203791469194313 0.623696682464455 0.05971563981042654 0.06350710900473934
9 0.8663507109004739 0.623696682464455 0.055924170616113746 0.06350710900473934
1 0.9056872037914692 0.6123222748815166 0.06066350710900474 0.055924170616113746
6 0.933175355450237 0.5985781990521327 0.06540284360189573 0.05402843601895735
6 0.9516587677725118 0.5725118483412323 0.05687203791469194 0.046445497630331754
6 0.9597156398104265 0.5483412322274882 0.04834123222748815 0.037914691943127965