8 0.058767772511848344 0.15118483412322276 0.08720379146919431 0.0995260663507109
8 0.014218009478672985 0.14786729857819905 0.02843601895734597 0.1004739336492891
8 0.6061611374407583 0.4488151658767773 0.0881516587677725 0.0909952606635071
9 0.6417061611374407 0.4938388625592417 0.06350710900473934 0.06350710900473934
9 0.6701421800947868 0.5289099526066351 0.05971563981042654 0.05971563981042654
9 0.8696682464454977 0.46824644549763034 0.06066350710900474 0.058767772511848344
9 0.8739336492890996 0.42417061611374407 0.06635071090047394 0.05971563981042654
1 0.7023696682464455 0.5511848341232227 0.05118483412322275 0.06729857819905213
1 0.8469194312796209 0.5033175355450237 0.05308056872037915 0.06540284360189573
6 0.7417061611374408 0.5488151658767773 0.04739336492890995 0.06066350710900474
6 0.7767772511848341 0.5445497630331754 0.04265402843601896 0.06350710900473934
6 0.8004739336492891 0.5345971563981042 0.04265402843601896 0.061611374407582936
6 0.8274881516587678 0.5218009478672986 0.04170616113744076 0.052132701421800945
8 0.8734597156398104 0.36208530805687206 0.08625592417061612 0.09004739336492891
9 0.2099526066350711 0.6199052132701421 0.06729857819905213 0.02085308056872038
8 0.22227488151658767 0.6502369668246446 0.08436018957345971 0.07298578199052133
8 0.7037914691943128 0.9388625592417061 0.08720379146919431 0.07962085308056872
8 0.6947867298578199 0.9791469194312796 0.08530805687203792 0.04170616113744076