8 0.2014218009478673 0.46966824644549765 0.07772511848341232 0.07203791469194312
8 0.2071090047393365 0.4146919431279621 0.08341232227488152 0.07772511848341232
9 0.21469194312796208 0.3644549763033175 0.07298578199052133 0.05687203791469194
9 0.22369668246445498 0.3241706161137441 0.06824644549763033 0.05687203791469194
1 0.23744075829383887 0.2786729857819905 0.06729857819905213 0.07109004739336493
8 0.5317535545023697 0.3933649289099526 0.054976303317535544 0.07772511848341232
8 0.5227488151658768 0.33791469194312795 0.07298578199052133 0.08056872037914692
9 0.5023696682464455 0.2943127962085308 0.07298578199052133 0.06729857819905213
9 0.47488151658767774 0.26066350710900477 0.07109004739336493 0.07203791469194312
1 0.437914691943128 0.22701421800947869 0.06066350710900474 0.06824644549763033
6 0.25876777251184835 0.24454976303317535 0.06066350710900474 0.06824644549763033
6 0.2938388625592417 0.21374407582938387 0.06635071090047394 0.07203791469194312
6 0.34928909952606635 0.2075829383886256 0.06729857819905213 0.08436018957345971
6 0.3985781990521327 0.2109004739336493 0.05308056872037915 0.07109004739336493
6 0.842654028436019 0.26066350710900477 0.058767772511848344 0.06824644549763033
6 0.7924170616113744 0.26303317535545023 0.05781990521327014 0.06635071090047394
6 0.8843601895734597 0.24976303317535545 0.05023696682464455 0.06255924170616113
6 0.7568720379146919 0.25118483412322273 0.05308056872037915 0.061611374407582936
1 0.9118483412322275 0.22559241706161137 0.054976303317535544 0.06540284360189573
1 0.7260663507109004 0.22369668246445498 0.055924170616113746 0.06445497630331753
9 0.9345971563981043 0.18009478672985782 0.06824644549763033 0.06540284360189573
9 0.7004739336492891 0.18909952606635072 0.07203791469194312 0.06255924170616113
9 0.6800947867298578 0.15402843601895735 0.07488151658767772 0.06350710900473934
9 0.23791469194312795 0.5687203791469194 0.05687203791469194 0.054976303317535544
9 0.45308056872037916 0.5962085308056873 0.06066350710900474 0.05402843601895735
9 0.26587677725118486 0.604739336492891 0.05308056872037915 0.05402843601895735
9 0.43981042654028435 0.6374407582938388 0.05308056872037915 0.055924170616113746
1 0.4109004739336493 0.662085308056872 0.05118483412322275 0.06255924170616113
1 0.27582938388625594 0.6464454976303318 0.046445497630331754 0.052132701421800945
6 0.3824644549763033 0.6800947867298578 0.04834123222748815 0.06066350710900474
6 0.35118483412322277 0.6720379146919432 0.04454976303317536 0.055924170616113746
6 0.32180094786729857 0.6739336492890995 0.05118483412322275 0.058767772511848344
6 0.30379146919431277 0.6526066350710901 0.04928909952606635 0.04834123222748815
3 0.45639810426540284 0.5402843601895735 0.03601895734597156 0.03222748815165877
9 0.8018957345971564 0.5545023696682464 0.0947867298578199 0.07014218009478673
1 0.79478672985782 0.6739336492890995 0.08436018957345971 0.09194312796208531
6 0.75260663507109 0.7180094786729858 0.07772511848341232 0.0947867298578199
6 0.6985781990521327 0.7431279620853081 0.08909952606635071 0.11184834123222749
6 0.6274881516587678 0.7488151658767772 0.08436018957345971 0.11943127962085308
6 0.5824644549763033 0.7412322274881517 0.046445497630331754 0.10426540284360189