8 0.34407582938388626 0.32748815165876777 0.08530805687203792 0.08530805687203792
3 0.3995260663507109 0.32748815165876777 0.04265402843601896 0.05023696682464455
9 0.4431279620853081 0.37109004739336493 0.058767772511848344 0.07298578199052133
9 0.48530805687203793 0.3796208530805687 0.04928909952606635 0.06919431279620854
6 0.5151658767772512 0.35687203791469196 0.01042654028436019 0.05971563981042654
6 0.5317535545023697 0.36777251184834125 0.043601895734597156 0.05308056872037915
1 0.5658767772511848 0.3824644549763033 0.05023696682464455 0.05971563981042654
9 0.6071090047393365 0.3862559241706161 0.05118483412322275 0.05781990521327014
9 0.6061611374407583 0.4369668246445498 0.06066350710900474 0.05781990521327014
4 0.656872037914692 0.5042654028436019 0.04075829383886256 0.03981042654028436
3 0.6862559241706161 0.5398104265402843 0.043601895734597156 0.04265402843601896
3 0.3175355450236967 0.8990521327014218 0.04265402843601896 0.03886255924170616
8 0.3042654028436019 0.9691943127962085 0.06824644549763033 0.061611374407582936
0 0.8218009478672986 0.6232227488151659 0.043601895734597156 0.046445497630331754
8 0.7578199052132701 0.6298578199052133 0.07677725118483412 0.05971563981042654
9 0.8796208530805687 0.6165876777251185 0.058767772511848344 0.03317535545023697
9 0.9251184834123223 0.6137440758293838 0.05118483412322275 0.027488151658767772
1 0.9744075829383886 0.6113744075829384 0.05118483412322275 0.022748815165876776