8 0.14075829383886257 0.662085308056872 0.07298578199052133 0.07014218009478673
8 0.07867298578199051 0.6483412322274882 0.07203791469194312 0.06540284360189573
9 0.025592417061611375 0.637914691943128 0.05118483412322275 0.06066350710900474
8 0.8146919431279621 0.6298578199052133 0.08909952606635071 0.08909952606635071
8 0.7753554502369668 0.5658767772511848 0.07393364928909953 0.07772511848341232
9 0.7507109004739336 0.5137440758293839 0.061611374407582936 0.06445497630331753
9 0.723696682464455 0.48009478672985784 0.06066350710900474 0.06350710900473934
8 0.5156398104265403 0.6388625592417062 0.07109004739336493 0.07772511848341232
9 0.5265402843601896 0.5886255924170616 0.04928909952606635 0.054976303317535544
9 0.5369668246445498 0.543127962085308 0.05687203791469194 0.05781990521327014
1 0.54739336492891 0.5018957345971564 0.055924170616113746 0.05687203791469194
6 0.5734597156398105 0.4824644549763033 0.052132701421800945 0.05402843601895735
6 0.6 0.46729857819905213 0.05118483412322275 0.052132701421800945
6 0.6251184834123222 0.4601895734597156 0.04454976303317536 0.05687203791469194
6 0.6540284360189573 0.4606635071090047 0.04549763033175355 0.055924170616113746
1 0.6853080568720379 0.45545023696682463 0.052132701421800945 0.06540284360189573