3 0.25687203791469193 0.285781990521327 0.04454976303317536 0.05118483412322275
8 0.3293838862559242 0.2933649289099526 0.0881516587677725 0.08909952606635071
9 0.3867298578199052 0.3123222748815166 0.054976303317535544 0.06350710900473934
9 0.43554502369668247 0.32654028436018956 0.05402843601895735 0.05687203791469194
1 0.4829383886255924 0.3298578199052133 0.05308056872037915 0.06540284360189573
6 0.523696682464455 0.3194312796208531 0.052132701421800945 0.05402843601895735
6 0.5469194312796208 0.3 0.054976303317535544 0.05402843601895735
8 0.6175355450236967 0.3232227488151659 0.016113744075829384 0.06824644549763033
8 0.9042654028436019 0.3222748815165877 0.05971563981042654 0.06255924170616113
8 0.8815165876777251 0.37298578199052135 0.06729857819905213 0.07298578199052133
9 0.8587677725118483 0.4194312796208531 0.05023696682464455 0.05781990521327014
9 0.8336492890995261 0.4545023696682464 0.04834123222748815 0.05402843601895735
9 0.6203791469194313 0.3767772511848341 0.021800947867298578 0.05402843601895735
9 0.6274881516587678 0.4251184834123223 0.03601895734597156 0.055924170616113746
1 0.809478672985782 0.4881516587677725 0.04170616113744076 0.043601895734597156
6 0.7701421800947867 0.5023696682464455 0.04549763033175355 0.03886255924170616
6 0.7360189573459716 0.5118483412322274 0.037914691943127965 0.035071090047393366
6 0.704265402843602 0.5161137440758294 0.04170616113744076 0.034123222748815164
6 0.6763033175355451 0.4962085308056872 0.043601895734597156 0.03981042654028436
1 0.6488151658767772 0.46255924170616114 0.052132701421800945 0.055924170616113746
6 0.6203791469194313 0.9876777251184834 0.021800947867298578 0.024644549763033177
1 0.657345971563981 0.9909952606635071 0.05971563981042654 0.01800947867298578