8 0.4104265402843602 0.012322274881516588 0.06635071090047394 0.024644549763033177
8 0.3824644549763033 0.03886255924170616 0.07488151658767772 0.07772511848341232
9 0.35355450236966823 0.07819905213270142 0.05402843601895735 0.05781990521327014
9 0.3251184834123223 0.10758293838862559 0.058767772511848344 0.05402843601895735
9 0.10900473933649289 0.013744075829383886 0.07014218009478673 0.027488151658767772
9 0.11516587677725118 0.04407582938388625 0.058767772511848344 0.058767772511848344
1 0.2981042654028436 0.13649289099526066 0.04834123222748815 0.05118483412322275
6 0.26018957345971566 0.15071090047393365 0.043601895734597156 0.04075829383886256
6 0.22464454976303316 0.15308056872037915 0.035071090047393366 0.03601895734597156
6 0.1900473933649289 0.15118483412322276 0.04075829383886256 0.03696682464454976
6 0.16540284360189572 0.12511848341232226 0.04834123222748815 0.04454976303317536
1 0.14028436018957346 0.08625592417061612 0.05971563981042654 0.05971563981042654
8 0.5303317535545023 0.2042654028436019 0.08056872037914692 0.08151658767772511
8 0.5293838862559241 0.2611374407582938 0.08151658767772511 0.08530805687203792
8 0.842654028436019 0.24265402843601896 0.07772511848341232 0.06824644549763033
8 0.8236966824644549 0.2947867298578199 0.08246445497630332 0.07488151658767772
9 0.533649289099526 0.3137440758293839 0.07393364928909953 0.06540284360189573
9 0.8052132701421801 0.34218009478672984 0.07488151658767772 0.06445497630331753
9 0.781042654028436 0.3815165876777251 0.07109004739336493 0.06350710900473934
9 0.5488151658767773 0.35355450236966823 0.07582938388625593 0.06824644549763033
1 0.5696682464454976 0.3933649289099526 0.061611374407582936 0.06445497630331753
1 0.7545023696682465 0.41706161137440756 0.06350710900473934 0.06824644549763033
6 0.5914691943127962 0.42322274881516586 0.05971563981042654 0.06635071090047394
6 0.6293838862559241 0.442654028436019 0.06635071090047394 0.07109004739336493
6 0.6791469194312796 0.45545023696682463 0.06255924170616113 0.06635071090047394
6 0.7184834123222749 0.44123222748815166 0.05781990521327014 0.06540284360189573
8 0.3748815165876777 0.5322274881516588 0.08056872037914692 0.06540284360189573
8 0.43317535545023694 0.5436018957345972 0.07203791469194312 0.07298578199052133
9 0.46303317535545024 0.5616113744075829 0.012322274881516588 0.05971563981042654
8 0.819431279620853 0.7696682464454976 0.08436018957345971 0.08625592417061612
8 0.5104265402843602 0.7454976303317535 0.08246445497630332 0.0938388625592417
4 0.785781990521327 0.8175355450236966 0.04265402843601896 0.03981042654028436
9 0.5165876777251185 0.8037914691943128 0.06540284360189573 0.06729857819905213
9 0.5383886255924171 0.8469194312796209 0.061611374407582936 0.06255924170616113
9 0.771090047393365 0.8587677725118483 0.05971563981042654 0.061611374407582936
1 0.7374407582938388 0.8966824644549763 0.058767772511848344 0.06350710900473934
1 0.5691943127962086 0.8843601895734597 0.058767772511848344 0.06824644549763033
6 0.5957345971563981 0.9118483412322275 0.054976303317535544 0.06824644549763033
6 0.6341232227488152 0.9232227488151659 0.05023696682464455 0.061611374407582936
6 0.6739336492890995 0.9241706161137441 0.05118483412322275 0.061611374407582936
6 0.7109004739336493 0.9184834123222749 0.05971563981042654 0.06635071090047394