8 0.3232227488151659 0.00995260663507109 0.06445497630331753 0.01990521327014218
9 0.3042654028436019 0.03222748815165877 0.05971563981042654 0.05118483412322275
9 0.2800947867298578 0.07298578199052133 0.05118483412322275 0.05308056872037915
9 0.05308056872037915 0.02037914691943128 0.06255924170616113 0.04075829383886256
9 0.06255924170616113 0.06303317535545024 0.05118483412322275 0.05402843601895735
1 0.25213270142180094 0.1080568720379147 0.04265402843601896 0.052132701421800945
1 0.09194312796208531 0.0971563981042654 0.046445497630331754 0.05687203791469194
6 0.2161137440758294 0.11753554502369669 0.03886255924170616 0.04739336492890995
6 0.18056872037914692 0.11800947867298578 0.037914691943127965 0.04454976303317536
6 0.14739336492890995 0.1080568720379147 0.037914691943127965 0.04265402843601896
6 0.12132701421800948 0.11990521327014218 0.03886255924170616 0.05023696682464455
9 0.9729857819905213 0.36540284360189573 0.05402843601895735 0.04834123222748815
9 0.9303317535545024 0.35023696682464456 0.05402843601895735 0.06255924170616113
6 0.819431279620853 0.37867298578199055 0.07109004739336493 0.021800947867298578
6 0.8355450236966825 0.3687203791469194 0.052132701421800945 0.04170616113744076
6 0.8587677725118483 0.35734597156398107 0.04739336492890995 0.05402843601895735
1 0.8924170616113745 0.34265402843601894 0.04265402843601896 0.05687203791469194
8 0.2772511848341232 0.5616113744075829 0.06824644549763033 0.06445497630331753
8 0.23175355450236967 0.6056872037914692 0.07772511848341232 0.07298578199052133
9 0.18672985781990523 0.6492890995260664 0.055924170616113746 0.07014218009478673
9 0.14691943127962084 0.6815165876777252 0.04739336492890995 0.06635071090047394
1 0.1052132701421801 0.7009478672985782 0.046445497630331754 0.054976303317535544
6 0.06635071090047394 0.7023696682464455 0.04075829383886256 0.06540284360189573
6 0.035071090047393366 0.6985781990521327 0.043601895734597156 0.06066350710900474
6 0.012796208530805687 0.6924170616113744 0.025592417061611375 0.052132701421800945
8 0.7962085308056872 0.74739336492891 0.07677725118483412 0.07298578199052133
4 0.7369668246445498 0.7791469194312797 0.037914691943127965 0.03696682464454976
9 0.6781990521327014 0.790521327014218 0.05308056872037915 0.06066350710900474
9 0.6369668246445498 0.8042654028436019 0.052132701421800945 0.05308056872037915
1 0.5990521327014218 0.8156398104265403 0.04454976303317536 0.04834123222748815
6 0.5701421800947867 0.7990521327014218 0.05402843601895735 0.03886255924170616
6 0.556872037914692 0.7777251184834123 0.05308056872037915 0.037914691943127965
6 0.524170616113744 0.7568720379146919 0.04739336492890995 0.03317535545023697