8 0.5270142180094787 0.15260663507109004 0.08909952606635071 0.09573459715639811
8 0.46777251184834123 0.11327014218009479 0.09194312796208531 0.1004739336492891
9 0.4199052132701422 0.08104265402843602 0.07109004739336493 0.08530805687203792
3 0.37298578199052135 0.07582938388625593 0.04549763033175355 0.04739336492890995
9 0.1876777251184834 0.25071090047393363 0.09004739336492891 0.07582938388625593
1 0.176303317535545 0.1924170616113744 0.07393364928909953 0.06445497630331753
6 0.17156398104265402 0.14454976303317535 0.07014218009478673 0.05971563981042654
6 0.1819905213270142 0.1080568720379147 0.07203791469194312 0.07677725118483412
6 0.22843601895734597 0.07061611374407582 0.08056872037914692 0.08246445497630332
6 0.27488151658767773 0.04881516587677725 0.058767772511848344 0.06635071090047394
1 0.3222748815165877 0.04976303317535545 0.06824644549763033 0.07772511848341232
4 0.7004739336492891 0.015165876777251185 0.03981042654028436 0.03033175355450237
8 0.74739336492891 0.05118483412322275 0.08530805687203792 0.0881516587677725
9 0.7928909952606635 0.07630331753554502 0.06066350710900474 0.06445497630331753
9 0.8360189573459715 0.0966824644549763 0.061611374407582936 0.061611374407582936
1 0.9900473933649289 0.024170616113744076 0.01990521327014218 0.04834123222748815
1 0.8800947867298579 0.109478672985782 0.04549763033175355 0.052132701421800945
6 0.9379146919431279 0.0971563981042654 0.046445497630331754 0.04928909952606635
6 0.9687203791469194 0.08199052132701422 0.04265402843601896 0.046445497630331754
6 0.9848341232227488 0.057345971563981045 0.03033175355450237 0.05023696682464455
6 0.9033175355450237 0.10853080568720379 0.046445497630331754 0.055924170616113746
8 0.045023696682464455 0.8009478672985783 0.09004739336492891 0.09289099526066351
8 0.27677725118483415 0.5530805687203791 0.09194312796208531 0.1004739336492891
8 0.2976303317535545 0.6227488151658768 0.09004739336492891 0.08909952606635071
9 0.3109004739336493 0.6753554502369669 0.06919431279620854 0.06255924170616113
9 0.3246445497630332 0.7194312796208531 0.06445497630331753 0.06255924170616113
1 0.3052132701421801 0.7568720379146919 0.06824644549763033 0.06729857819905213
6 0.2933649289099526 0.7914691943127962 0.05971563981042654 0.06729857819905213
6 0.27677725118483415 0.8146919431279621 0.05308056872037915 0.055924170616113746
6 0.24407582938388625 0.828909952606635 0.05402843601895735 0.06540284360189573
6 0.21469194312796208 0.8388625592417062 0.052132701421800945 0.06824644549763033
1 0.17393364928909952 0.8478672985781991 0.06445497630331753 0.07772511848341232
9 0.13175355450236967 0.8535545023696682 0.05971563981042654 0.06635071090047394
9 0.0947867298578199 0.8308056872037914 0.06255924170616113 0.07014218009478673
8 0.7924170616113744 0.8933649289099526 0.08151658767772511 0.07677725118483412
8 0.7933649289099526 0.837914691943128 0.0881516587677725 0.08341232227488152
9 0.7966824644549763 0.7872037914691943 0.07582938388625593 0.06255924170616113
9 0.8018957345971564 0.7464454976303317 0.07109004739336493 0.061611374407582936
1 0.8118483412322275 0.7 0.07203791469194312 0.07582938388625593
1 0.9872037914691943 0.6312796208530805 0.025592417061611375 0.07203791469194312
6 0.8298578199052132 0.6639810426540285 0.06445497630331753 0.07203791469194312
6 0.8625592417061612 0.6303317535545023 0.07109004739336493 0.07582938388625593
6 0.9170616113744076 0.6194312796208531 0.07298578199052133 0.0881516587677725
6 0.966350710900474 0.6184834123222749 0.058767772511848344 0.07393364928909953