9 0.3014218009478673 0.02085308056872038 0.06445497630331753 0.04170616113744076
1 0.27582938388625594 0.043601895734597156 0.058767772511848344 0.06729857819905213
1 0.11279620853080569 0.04075829383886256 0.06350710900473934 0.06729857819905213
4 0.23696682464454977 0.046445497630331754 0.03886255924170616 0.046445497630331754
4 0.17535545023696683 0.04834123222748815 0.03981042654028436 0.04739336492890995
9 0.08199052132701422 0.01990521327014218 0.06540284360189573 0.03981042654028436
8 0.7601895734597156 0.18293838862559242 0.08625592417061612 0.09289099526066351
8 0.8236966824644549 0.16066350710900473 0.08341232227488152 0.09194312796208531
9 0.875829383886256 0.13554502369668248 0.06635071090047394 0.08056872037914692
9 0.9203791469194312 0.11800947867298578 0.06350710900473934 0.07867298578199051
1 0.966350710900474 0.10568720379146919 0.06729857819905213 0.07298578199052133
6 0.9909952606635071 0.1061611374407583 0.01800947867298578 0.06635071090047394
8 0.03696682464454976 0.4943127962085308 0.05781990521327014 0.055924170616113746
9 0.2663507109004739 0.4886255924170616 0.05023696682464455 0.04454976303317536
9 0.26066350710900477 0.5218009478672986 0.05023696682464455 0.046445497630331754
9 0.05023696682464455 0.533175355450237 0.046445497630331754 0.04265402843601896
9 0.06066350710900474 0.5644549763033175 0.046445497630331754 0.04265402843601896
1 0.25165876777251184 0.5545023696682464 0.03601895734597156 0.03601895734597156
6 0.22322274881516588 0.5753554502369668 0.037914691943127965 0.03317535545023697
6 0.18625592417061612 0.5943127962085308 0.03696682464454976 0.03317535545023697
6 0.15260663507109004 0.5990521327014218 0.035071090047393366 0.02843601895734597
6 0.11658767772511848 0.5976303317535545 0.03317535545023697 0.026540284360189573
1 0.08862559241706161 0.5895734597156398 0.04265402843601896 0.037914691943127965
8 0.928436018957346 0.624170616113744 0.09004739336492891 0.0881516587677725
8 0.9345971563981043 0.6933649289099526 0.1052132701421801 0.0966824644549763
9 0.9464454976303317 0.75260663507109 0.08625592417061612 0.07393364928909953
9 0.9559241706161138 0.8052132701421801 0.07867298578199051 0.07014218009478673
1 0.9511848341232227 0.8639810426540284 0.08151658767772511 0.08720379146919431
6 0.9345971563981043 0.9037914691943127 0.07488151658767772 0.08151658767772511
6 0.8995260663507109 0.9364928909952607 0.07203791469194312 0.08625592417061612
6 0.8459715639810427 0.9587677725118483 0.08056872037914692 0.08246445497630332
6 0.790521327014218 0.9611374407582939 0.06066350710900474 0.07772511848341232
1 0.7398104265402844 0.9488151658767773 0.07109004739336493 0.08056872037914692
9 0.704265402843602 0.904739336492891 0.07772511848341232 0.08436018957345971
9 0.6672985781990521 0.8691943127962085 0.06919431279620854 0.07109004739336493
8 0.6350710900473934 0.8317535545023697 0.09194312796208531 0.0938388625592417
2 0.6042654028436019 0.7758293838862559 0.08625592417061612 0.07962085308056872