3 0.3578199052132701 0.06018957345971564 0.046445497630331754 0.04454976303317536
3 0.3118483412322275 0.012796208530805687 0.04928909952606635 0.025592417061611375
3 0.004739336492890996 0.04170616113744076 0.009478672985781991 0.04739336492890995
3 0.6748815165876777 0.1848341232227488 0.03981042654028436 0.04454976303317536
3 0.6706161137440758 0.0971563981042654 0.04928909952606635 0.04739336492890995
3 0.6729857819905213 0.037914691943127965 0.04265402843601896 0.03317535545023697
8 0.9606635071090047 0.03033175355450237 0.07488151658767772 0.06066350710900474
8 0.9791469194312796 0.06208530805687204 0.04170616113744076 0.07677725118483412
3 0.3042654028436019 0.976303317535545 0.03981042654028436 0.04454976303317536
3 0.3 0.8886255924170616 0.04928909952606635 0.04739336492890995
3 0.3023696682464455 0.8293838862559242 0.04265402843601896 0.03317535545023697
1 0.2976303317535545 0.7725118483412322 0.05971563981042654 0.061611374407582936
6 0.3251184834123223 0.7336492890995261 0.04834123222748815 0.058767772511848344
6 0.3459715639810427 0.6990521327014217 0.06445497630331753 0.07393364928909953
6 0.4018957345971564 0.6819905213270142 0.055924170616113746 0.07014218009478673
6 0.45260663507109006 0.6862559241706161 0.05118483412322275 0.055924170616113746
1 0.4933649289099526 0.695260663507109 0.05781990521327014 0.06350710900473934
9 0.5123222748815166 0.7303317535545024 0.035071090047393366 0.061611374407582936
8 0.9417061611374408 0.8398104265402844 0.11563981042654028 0.09004739336492891
9 0.9412322274881516 0.7450236966824645 0.10710900473933649 0.08530805687203792
9 0.9251184834123223 0.6654028436018957 0.1080568720379147 0.09289099526066351
2 0.543127962085308 0.5867298578199052 0.026540284360189573 0.08341232227488152
2 0.8208530805687204 0.49715639810426543 0.06824644549763033 0.07488151658767772
2 0.9009478672985782 0.5981042654028436 0.06729857819905213 0.06635071090047394