8 0.4246445497630332 0.3194312796208531 0.07109004739336493 0.07014218009478673
8 0.4151658767772512 0.3791469194312796 0.07772511848341232 0.07393364928909953
9 0.4042654028436019 0.4327014218009479 0.06729857819905213 0.05687203791469194
9 0.390521327014218 0.4781990521327014 0.06540284360189573 0.05781990521327014
8 0.07772511848341232 0.3919431279620853 0.07488151658767772 0.07677725118483412
8 0.10853080568720379 0.44123222748815166 0.08056872037914692 0.08056872037914692
9 0.14123222748815165 0.4843601895734597 0.06445497630331753 0.06635071090047394
9 0.17109004739336492 0.5218009478672986 0.06445497630331753 0.06445497630331753
1 0.2033175355450237 0.5535545023696683 0.058767772511848344 0.06066350710900474
1 0.3706161137440758 0.5208530805687204 0.055924170616113746 0.05687203791469194
6 0.24691943127962085 0.5672985781990522 0.04834123222748815 0.04834123222748815
6 0.34407582938388626 0.5502369668246445 0.05118483412322275 0.052132701421800945
6 0.3170616113744076 0.5644549763033175 0.043601895734597156 0.046445497630331754
6 0.2829383886255924 0.5744075829383887 0.04075829383886256 0.04170616113744076
6 0.5654028436018957 0.3758293838862559 0.052132701421800945 0.11090047393364928
6 0.6037914691943128 0.36682464454976305 0.1080568720379147 0.12796208530805686
3 0.6772511848341233 0.404739336492891 0.05402843601895735 0.05781990521327014
1 0.7322274881516587 0.4085308056872038 0.08056872037914692 0.09289099526066351
9 0.8080568720379147 0.5165876777251185 0.0985781990521327 0.0985781990521327
8 0.05308056872037915 0.9137440758293839 0.09194312796208531 0.09289099526066351
9 0.109478672985782 0.9360189573459715 0.06445497630331753 0.07109004739336493
3 0.005687203791469194 0.8909952606635071 0.011374407582938388 0.04549763033175355
9 0.15592417061611374 0.9554502369668246 0.06729857819905213 0.07772511848341232
1 0.2042654028436019 0.9511848341232227 0.061611374407582936 0.07014218009478673
6 0.24644549763033174 0.9308056872037914 0.061611374407582936 0.054976303317535544
6 0.2682464454976303 0.9090047393364928 0.058767772511848344 0.037914691943127965
9 0.7805687203791469 0.7279620853080568 0.07867298578199051 0.03601895734597156
1 0.7805687203791469 0.7654028436018957 0.07677725118483412 0.07109004739336493
1 0.9753554502369668 0.8303317535545024 0.04928909952606635 0.07014218009478673
6 0.9417061611374408 0.8511848341232228 0.06066350710900474 0.07014218009478673
6 0.895260663507109 0.8535545023696682 0.06445497630331753 0.07014218009478673
6 0.8417061611374408 0.8398104265402844 0.06445497630331753 0.06255924170616113
6 0.8085308056872038 0.8080568720379147 0.06729857819905213 0.07109004739336493