3 0.32654028436018956 0.01943127962085308 0.04265402843601896 0.03886255924170616
9 0.5582938388625592 0.13033175355450238 0.06255924170616113 0.08436018957345971
9 0.2962085308056872 0.06398104265402843 0.08151658767772511 0.07488151658767772
9 0.5341232227488152 0.16635071090047393 0.07772511848341232 0.07582938388625593
1 0.29241706161137443 0.11895734597156397 0.07962085308056872 0.07488151658767772
1 0.4938388625592417 0.1981042654028436 0.07488151658767772 0.07393364928909953
6 0.44739336492890996 0.2161137440758294 0.06445497630331753 0.07298578199052133
6 0.4009478672985782 0.21516587677725119 0.06729857819905213 0.07298578199052133
6 0.34786729857819904 0.1976303317535545 0.06729857819905213 0.06540284360189573
6 0.3175355450236967 0.16398104265402844 0.07014218009478673 0.07488151658767772
9 0.9862559241706161 0.23175355450236967 0.027488151658767772 0.08056872037914692
9 0.9606635071090047 0.22322274881516588 0.07298578199052133 0.08909952606635071
1 0.9127962085308057 0.2071090047393365 0.06445497630331753 0.07298578199052133
6 0.8696682464454977 0.1995260663507109 0.046445497630331754 0.04739336492890995
6 0.8322274881516588 0.20853080568720378 0.07867298578199051 0.07677725118483412
6 0.7966824644549763 0.24407582938388625 0.07677725118483412 0.07203791469194312
8 0.14218009478672985 0.5218009478672986 0.06635071090047394 0.04454976303317536
8 0.2052132701421801 0.5350710900473934 0.09004739336492891 0.07109004739336493
9 0.26303317535545023 0.54739336492891 0.06540284360189573 0.07298578199052133
9 0.31516587677725116 0.5540284360189573 0.06350710900473934 0.07109004739336493
1 0.35402843601895734 0.5777251184834123 0.06729857819905213 0.06919431279620854
6 0.3753554502369668 0.6080568720379147 0.06445497630331753 0.04928909952606635
9 0.990521327014218 0.6412322274881517 0.018957345971563982 0.07677725118483412
9 0.9720379146919431 0.6208530805687204 0.055924170616113746 0.07393364928909953
8 0.8587677725118483 0.9530805687203792 0.08341232227488152 0.08436018957345971
8 0.814218009478673 0.9170616113744076 0.09194312796208531 0.08625592417061612
8 0.8042654028436019 0.8606635071090047 0.09194312796208531 0.08720379146919431
9 0.7829383886255924 0.8099526066350711 0.07582938388625593 0.06729857819905213
9 0.7696682464454976 0.7663507109004739 0.07677725118483412 0.06824644549763033
1 0.7601895734597156 0.7151658767772512 0.07298578199052133 0.07014218009478673
1 0.9303317535545024 0.5938388625592417 0.07203791469194312 0.06919431279620854
6 0.7739336492890996 0.6691943127962086 0.06729857819905213 0.06350710900473934
6 0.8018957345971564 0.6308056872037915 0.0881516587677725 0.09004739336492891
6 0.843127962085308 0.5971563981042654 0.07962085308056872 0.07867298578199051
6 0.885308056872038 0.5862559241706161 0.06445497630331753 0.06729857819905213