8 0.01042654028436019 0.11753554502369669 0.02085308056872038 0.10426540284360189
9 0.018957345971563982 0.06587677725118483 0.037914691943127965 0.061611374407582936
9 0.036492890995260666 0.03033175355450237 0.07298578199052133 0.06066350710900474
8 0.3085308056872038 0.25213270142180094 0.08056872037914692 0.08625592417061612
8 0.3052132701421801 0.1900473933649289 0.1052132701421801 0.10426540284360189
9 0.3066350710900474 0.13317535545023695 0.08341232227488152 0.07488151658767772
9 0.3 0.08625592417061612 0.08151658767772511 0.07582938388625593
1 0.2895734597156398 0.037914691943127965 0.07014218009478673 0.07203791469194312
1 0.06350710900473934 0.011848341232227487 0.07014218009478673 0.023696682464454975
6 0.25971563981042656 0.015165876777251185 0.06445497630331753 0.03033175355450237
8 0.976303317535545 0.3161137440758294 0.04739336492890995 0.08436018957345971
8 0.595260663507109 0.266824644549763 0.09004739336492891 0.0881516587677725
8 0.9597156398104265 0.37298578199052135 0.08056872037914692 0.0938388625592417
8 0.9312796208530806 0.437914691943128 0.0881516587677725 0.09194312796208531
9 0.8971563981042654 0.48009478672985784 0.06445497630331753 0.06350710900473934
9 0.8706161137440759 0.5071090047393365 0.06540284360189573 0.04549763033175355
8 0.6137440758293838 0.33080568720379144 0.08909952606635071 0.0909952606635071
8 0.6317535545023697 0.3971563981042654 0.08909952606635071 0.09289099526066351
9 0.6488151658767772 0.4488151658767773 0.06445497630331753 0.06255924170616113
1 0.6639810426540285 0.4890995260663507 0.06255924170616113 0.06255924170616113
1 0.8417061611374408 0.5227488151658768 0.06066350710900474 0.014218009478672985
6 0.681042654028436 0.5104265402843602 0.05971563981042654 0.03886255924170616
8 0.16824644549763032 0.9018957345971564 0.16113744075829384 0.16966824644549763
8 0.26350710900473934 0.843127962085308 0.15924170616113745 0.16398104265402844
2 0.35165876777251187 0.8014218009478673 0.09194312796208531 0.09573459715639811
8 0.7023696682464455 0.8236966824644549 0.0938388625592417 0.0909952606635071
8 0.7729857819905214 0.8374407582938389 0.09289099526066351 0.09289099526066351
9 0.8312796208530806 0.8540284360189574 0.06540284360189573 0.06729857819905213
9 0.8748815165876778 0.861611374407583 0.06066350710900474 0.06350710900473934
1 0.9165876777251185 0.8786729857819905 0.06350710900473934 0.07488151658767772
6 0.9454976303317536 0.895260663507109 0.06919431279620854 0.06919431279620854
6 0.966824644549763 0.9199052132701422 0.06635071090047394 0.07298578199052133