8 0.6943127962085308 0.3052132701421801 0.0938388625592417 0.09194312796208531
8 0.32180094786729857 0.26066350710900477 0.0881516587677725 0.0938388625592417
8 0.656872037914692 0.3796208530805687 0.09289099526066351 0.09194312796208531
9 0.6350710900473934 0.44075829383886256 0.06729857819905213 0.06540284360189573
9 0.6113744075829384 0.4834123222748815 0.06066350710900474 0.058767772511848344
9 0.35165876777251187 0.3985781990521327 0.06255924170616113 0.06350710900473934
9 0.3687203791469194 0.44549763033175355 0.06635071090047394 0.061611374407582936
5 0.34218009478672984 0.3246445497630332 0.04170616113744076 0.043601895734597156
1 0.5791469194312796 0.5132701421800948 0.05308056872037915 0.06445497630331753
1 0.3957345971563981 0.48625592417061614 0.058767772511848344 0.06729857819905213
6 0.5369668246445498 0.523696682464455 0.05118483412322275 0.06540284360189573
6 0.4995260663507109 0.5255924170616114 0.043601895734597156 0.06066350710900474
6 0.4606635071090047 0.5199052132701422 0.043601895734597156 0.05781990521327014
6 0.42322274881516586 0.509478672985782 0.04928909952606635 0.06066350710900474
4 0.8796208530805687 0.17298578199052134 0.04265402843601896 0.04549763033175355
4 0.9890995260663508 0.43412322274881515 0.021800947867298578 0.03601895734597156
4 0.9511848341232227 0.4213270142180095 0.03886255924170616 0.03317535545023697
4 0.8938388625592417 0.3739336492890995 0.035071090047393366 0.03601895734597156
4 0.866824644549763 0.2800947867298578 0.04454976303317536 0.04170616113744076
2 0.8748815165876778 0.32654028436018956 0.061611374407582936 0.04265402843601896
9 0.3862559241706161 0.628436018957346 0.055924170616113746 0.037914691943127965
6 0.54739336492891 0.624170616113744 0.04454976303317536 0.029383886255924172
6 0.5156398104265403 0.6322274881516587 0.04549763033175355 0.04549763033175355
6 0.4815165876777251 0.6369668246445498 0.04739336492890995 0.054976303317535544
1 0.4374407582938389 0.638388625592417 0.05781990521327014 0.05781990521327014