8 0.43317535545023694 0.06872037914691943 0.08530805687203792 0.09289099526066351
8 0.7559241706161137 0.1995260663507109 0.1004739336492891 0.08436018957345971
9 0.7578199052132701 0.14218009478672985 0.08056872037914692 0.058767772511848344
9 0.7535545023696683 0.0924170616113744 0.08246445497630332 0.05781990521327014
9 0.5146919431279621 0.016113744075829384 0.06824644549763033 0.03222748815165877
1 0.7563981042654029 0.04028436018957346 0.08530805687203792 0.06445497630331753
6 0.7407582938388626 0.013744075829383886 0.07488151658767772 0.027488151658767772
8 0.018957345971563982 0.5796208530805688 0.037914691943127965 0.09004739336492891
8 0.5440758293838862 0.6293838862559241 0.09004739336492891 0.08909952606635071
8 0.8966824644549763 0.542654028436019 0.0881516587677725 0.08056872037914692
8 0.8890995260663507 0.604739336492891 0.08625592417061612 0.08530805687203792
8 0.5758293838862559 0.6872037914691943 0.08909952606635071 0.09004739336492891
9 0.5966824644549763 0.7303317535545024 0.06919431279620854 0.06729857819905213
2 0.6388625592417062 0.7492890995260664 0.05687203791469194 0.055924170616113746
4 0.6872037914691943 0.7407582938388626 0.03981042654028436 0.03981042654028436
5 0.7995260663507109 0.728436018957346 0.03981042654028436 0.04075829383886256
3 0.833175355450237 0.714218009478673 0.02843601895734597 0.02843601895734597
9 0.8725118483412322 0.6976303317535545 0.07203791469194312 0.05971563981042654
9 0.885308056872038 0.6559241706161137 0.07298578199052133 0.061611374407582936