3 0.1848341232227488 0.21374407582938387 0.04549763033175355 0.05118483412322275
8 0.26398104265402844 0.21800947867298578 0.07582938388625593 0.07772511848341232
9 0.3227488151658768 0.2132701421800948 0.055924170616113746 0.055924170616113746
9 0.37345971563981045 0.2099526066350711 0.06350710900473934 0.06066350710900474
1 0.404739336492891 0.1957345971563981 0.052132701421800945 0.052132701421800945
6 0.4246445497630332 0.16540284360189572 0.05402843601895735 0.04265402843601896
6 0.44028436018957345 0.14028436018957346 0.05023696682464455 0.037914691943127965
6 0.44549763033175355 0.10710900473933649 0.06445497630331753 0.03981042654028436
1 0.44454976303317534 0.07440758293838863 0.061611374407582936 0.05118483412322275
3 0.414218009478673 0.00900473933649289 0.03601895734597156 0.01800947867298578
3 0.4255924170616114 0.03033175355450237 0.03886255924170616 0.03696682464454976
8 0.5545023696682464 0.24881516587677724 0.07014218009478673 0.04075829383886256
9 0.017535545023696683 0.7071090047393365 0.035071090047393366 0.08151658767772511
9 0.03696682464454976 0.6767772511848341 0.07393364928909953 0.07393364928909953
8 0.21658767772511847 0.9450236966824644 0.09573459715639811 0.08056872037914692
1 0.08388625592417062 0.6592417061611374 0.07393364928909953 0.08151658767772511
6 0.23554502369668245 0.7255924170616114 0.05687203791469194 0.055924170616113746
8 0.623696682464455 0.7540284360189573 0.09004739336492891 0.07677725118483412
8 0.6303317535545023 0.6895734597156398 0.08625592417061612 0.08246445497630332
8 0.9473933649289099 0.6924170616113744 0.06919431279620854 0.06919431279620854
8 0.9274881516587677 0.6417061611374407 0.07488151658767772 0.08341232227488152
9 0.9042654028436019 0.5938388625592417 0.06350710900473934 0.06635071090047394
9 0.885308056872038 0.5611374407582939 0.05308056872037915 0.05402843601895735
9 0.6336492890995261 0.6341232227488152 0.06540284360189573 0.05687203791469194
9 0.6483412322274882 0.5981042654028436 0.06445497630331753 0.05402843601895735
1 0.6635071090047393 0.5578199052132702 0.055924170616113746 0.06066350710900474
1 0.8639810426540284 0.5298578199052133 0.05308056872037915 0.058767772511848344