8 0.40616113744075827 0.09573459715639811 0.08720379146919431 0.07203791469194312
9 0.3578199052132701 0.24170616113744076 0.08056872037914692 0.06919431279620854
6 0.45924170616113746 0.4109004739336493 0.04075829383886256 0.061611374407582936
6 0.4146919431279621 0.4066350710900474 0.07203791469194312 0.07298578199052133
6 0.3758293838862559 0.3815165876777251 0.06350710900473934 0.07393364928909953
2 0.9720379146919431 0.35118483412322277 0.055924170616113746 0.08436018957345971
8 0.9184834123222749 0.3251184834123223 0.0881516587677725 0.0909952606635071
9 0.8663507109004739 0.2985781990521327 0.05118483412322275 0.06066350710900474
9 0.8218009478672986 0.2881516587677725 0.052132701421800945 0.05687203791469194
1 0.7805687203791469 0.2881516587677725 0.04834123222748815 0.04265402843601896
6 0.7516587677725118 0.2957345971563981 0.05402843601895735 0.04265402843601896
6 0.7322274881516587 0.3175355450236967 0.061611374407582936 0.04075829383886256
6 0.7113744075829384 0.3469194312796208 0.05402843601895735 0.03601895734597156
8 0.3696682464454976 0.6023696682464454 0.08151658767772511 0.025592417061611375
9 0.37867298578199055 0.633175355450237 0.06066350710900474 0.05023696682464455
9 0.3876777251184834 0.6796208530805687 0.04928909952606635 0.05023696682464455
8 0.14502369668246445 0.7454976303317535 0.08056872037914692 0.08056872037914692
9 0.2004739336492891 0.776303317535545 0.05402843601895735 0.061611374407582936
9 0.23459715639810427 0.8052132701421801 0.04928909952606635 0.058767772511848344
1 0.2786729857819905 0.8052132701421801 0.04549763033175355 0.05402843601895735
1 0.3957345971563981 0.7265402843601896 0.054976303317535544 0.055924170616113746
6 0.3123222748815166 0.8161137440758294 0.04265402843601896 0.05971563981042654
6 0.34360189573459715 0.8009478672985783 0.04549763033175355 0.05971563981042654
6 0.36729857819905215 0.7853080568720379 0.05402843601895735 0.037914691943127965
6 0.37819905213270144 0.7606635071090048 0.04834123222748815 0.05118483412322275
9 0.9606635071090047 0.6023696682464454 0.06729857819905213 0.025592417061611375