8 0.2781990521327014 0.3909952606635071 0.09289099526066351 0.08056872037914692
9 0.2791469194312796 0.33933649289099527 0.08341232227488152 0.06350710900473934
9 0.2848341232227488 0.2938388625592417 0.07772511848341232 0.06540284360189573
8 0.5990521327014218 0.3289099526066351 0.1023696682464455 0.1061611374407583
9 0.5720379146919431 0.2800947867298578 0.07582938388625593 0.07582938388625593
9 0.5345971563981042 0.24265402843601896 0.07677725118483412 0.07962085308056872
1 0.4981042654028436 0.2052132701421801 0.06824644549763033 0.07109004739336493
6 0.44976303317535543 0.1843601895734597 0.06350710900473934 0.06066350710900474
6 0.3981042654028436 0.17725118483412322 0.07393364928909953 0.07203791469194312
6 0.34834123222748814 0.18578199052132702 0.06824644549763033 0.06919431279620854
6 0.3170616113744076 0.21421800947867298 0.07014218009478673 0.06635071090047394
8 0.9800947867298578 0.35023696682464456 0.03981042654028436 0.0995260663507109
9 0.9729857819905213 0.4090047393364929 0.05402843601895735 0.07109004739336493
9 0.9549763033175356 0.4492890995260663 0.06540284360189573 0.06445497630331753
1 0.919431279620853 0.47535545023696685 0.058767772511848344 0.06919431279620854
6 0.8767772511848341 0.4815165876777251 0.05687203791469194 0.06919431279620854
6 0.8388625592417062 0.4791469194312796 0.04928909952606635 0.06445497630331753
6 0.8175355450236966 0.46919431279620855 0.016113744075829384 0.06066350710900474
9 0.45402843601895737 0.9914691943127962 0.06255924170616113 0.017061611374407582
9 0.41706161137440756 0.9838862559241706 0.058767772511848344 0.03222748815165877
1 0.3758293838862559 0.9848341232227488 0.06540284360189573 0.03033175355450237
6 0.352132701421801 0.9924170616113744 0.06729857819905213 0.015165876777251185
8 0.8663507109004739 0.6459715639810426 0.08720379146919431 0.07298578199052133