8 0.5933649289099526 0.22606635071090048 0.0938388625592417 0.08341232227488152
3 0.5824644549763033 0.15165876777251186 0.04834123222748815 0.052132701421800945
3 0.6018957345971564 0.07061611374407582 0.04549763033175355 0.04549763033175355
8 0.24928909952606634 0.08720379146919431 0.08909952606635071 0.0947867298578199
3 0.3109004739336493 0.06303317535545024 0.043601895734597156 0.043601895734597156
9 0.3161137440758294 0.016587677725118485 0.061611374407582936 0.03317535545023697
1 0.5895734597156398 0.01848341232227488 0.058767772511848344 0.03696682464454976
8 0.6033175355450237 0.9066350710900474 0.07203791469194312 0.07772511848341232
9 0.5819905213270142 0.8606635071090047 0.06350710900473934 0.058767772511848344
9 0.5616113744075829 0.8199052132701422 0.06066350710900474 0.05781990521327014
9 0.2966824644549763 0.8829383886255924 0.06350710900473934 0.04928909952606635
9 0.3080568720379147 0.8445497630331753 0.06445497630331753 0.05023696682464455
1 0.3232227488151659 0.8014218009478673 0.054976303317535544 0.058767772511848344
6 0.34928909952606635 0.7691943127962085 0.05687203791469194 0.05402843601895735
6 0.3914691943127962 0.7563981042654029 0.061611374407582936 0.05781990521327014
6 0.44549763033175355 0.7492890995260664 0.05971563981042654 0.06445497630331753
6 0.4943127962085308 0.7563981042654029 0.04834123222748815 0.05402843601895735
1 0.5312796208530806 0.7824644549763033 0.05308056872037915 0.058767772511848344
8 0.7459715639810427 0.6502369668246446 0.07298578199052133 0.09004739336492891
8 0.8123222748815165 0.6677725118483412 0.08246445497630332 0.0881516587677725
4 0.8687203791469195 0.6786729857819905 0.034123222748815164 0.03696682464454976
9 0.923696682464455 0.6876777251184835 0.061611374407582936 0.07298578199052133
1 0.9744075829383886 0.6938388625592417 0.05118483412322275 0.06445497630331753