8 0.031279620853080566 0.4834123222748815 0.06255924170616113 0.05308056872037915
8 0.06303317535545024 0.45687203791469194 0.09289099526066351 0.10426540284360189
9 0.09336492890995261 0.4090047393364929 0.06445497630331753 0.07488151658767772
9 0.12464454976303317 0.3805687203791469 0.06729857819905213 0.07298578199052133
9 0.37156398104265403 0.4909952606635071 0.07203791469194312 0.037914691943127965
3 0.16492890995260664 0.3805687203791469 0.031279620853080566 0.03696682464454976
3 0.23459715639810427 0.381042654028436 0.043601895734597156 0.037914691943127965
3 0.3165876777251185 0.4151658767772512 0.046445497630331754 0.04265402843601896
3 0.35450236966824644 0.46872037914691944 0.037914691943127965 0.03222748815165877
8 0.9767772511848342 0.36066350710900474 0.046445497630331754 0.08625592417061612
8 0.6085308056872037 0.6838862559241706 0.06255924170616113 0.12606635071090047
9 0.6066350710900474 0.7654028436018957 0.06635071090047394 0.09573459715639811
9 0.6127962085308057 0.8345971563981043 0.05402843601895735 0.08056872037914692
1 0.609478672985782 0.9018957345971564 0.06066350710900474 0.08436018957345971
2 0.5981042654028436 0.9563981042654028 0.06255924170616113 0.061611374407582936
2 0.5606635071090047 0.9729857819905213 0.05023696682464455 0.05402843601895735
2 0.5137440758293839 0.985781990521327 0.04928909952606635 0.02843601895734597
2 0.4658767772511848 0.9890995260663508 0.05023696682464455 0.021800947867298578
1 0.404739336492891 0.9815165876777251 0.08151658767772511 0.03696682464454976
9 0.34312796208530805 0.9625592417061611 0.08909952606635071 0.07488151658767772
8 0.8355450236966825 0.771090047393365 0.07582938388625593 0.0881516587677725
8 0.7924170616113744 0.7222748815165877 0.08341232227488152 0.09194312796208531
9 0.7545023696682465 0.6796208530805687 0.06729857819905213 0.06540284360189573
9 0.7194312796208531 0.6521327014218009 0.061611374407582936 0.06445497630331753
1 0.680568720379147 0.6213270142180095 0.06540284360189573 0.06729857819905213
2 0.64739336492891 0.6161137440758294 0.015165876777251185 0.04928909952606635