8 0.3132701421800948 0.14265402843601896 0.07582938388625593 0.08436018957345971
9 0.3876777251184834 0.07962085308056872 0.024644549763033177 0.07203791469194312
9 0.6464454976303318 0.3355450236966825 0.05687203791469194 0.02843601895734597
8 0.1895734597156398 0.7402843601895734 0.06540284360189573 0.07677725118483412
8 0.24170616113744076 0.7109004739336493 0.07393364928909953 0.07677725118483412
9 0.35592417061611376 0.6796208530805687 0.05308056872037915 0.06540284360189573
9 0.3867298578199052 0.6786729857819905 0.026540284360189573 0.06635071090047394
4 0.2985781990521327 0.695260663507109 0.04075829383886256 0.03981042654028436
3 0.6454976303317536 0.5853080568720379 0.04265402843601896 0.04075829383886256
3 0.6957345971563981 0.6156398104265403 0.03222748815165877 0.035071090047393366
9 0.9118483412322275 0.5303317535545023 0.05781990521327014 0.052132701421800945
9 0.7312796208530805 0.6497630331753554 0.04549763033175355 0.06350710900473934
1 0.7739336492890996 0.6554502369668247 0.05118483412322275 0.05971563981042654
1 0.9052132701421801 0.5777251184834123 0.06635071090047394 0.05118483412322275
6 0.8156398104265403 0.6545023696682465 0.043601895734597156 0.054976303317535544
6 0.8492890995260663 0.6492890995260664 0.03981042654028436 0.05023696682464455
6 0.8744075829383886 0.6407582938388625 0.03601895734597156 0.037914691943127965
6 0.890521327014218 0.6085308056872037 0.04739336492890995 0.04834123222748815