8 0.46398104265402845 0.03175355450236967 0.07867298578199051 0.06350710900473934
8 0.4009478672985782 0.02843601895734597 0.08341232227488152 0.05687203791469194
9 0.34881516587677724 0.02985781990521327 0.06445497630331753 0.05971563981042654
9 0.3113744075829384 0.03886255924170616 0.061611374407582936 0.07488151658767772
1 0.26587677725118486 0.030805687203791468 0.061611374407582936 0.061611374407582936
6 0.21658767772511847 0.01848341232227488 0.061611374407582936 0.03696682464454976
6 0.18341232227488152 0.008056872037914692 0.07298578199052133 0.016113744075829384
8 0.6341232227488152 0.4933649289099526 0.08909952606635071 0.0881516587677725
8 0.5720379146919431 0.5360189573459716 0.0881516587677725 0.09289099526066351
9 0.3127962085308057 0.45734597156398105 0.07203791469194312 0.016113744075829384
9 0.3004739336492891 0.4819905213270142 0.06445497630331753 0.06540284360189573
9 0.5170616113744075 0.5582938388625592 0.06255924170616113 0.06729857819905213
9 0.4772511848341232 0.5876777251184834 0.05971563981042654 0.06540284360189573
1 0.43886255924170614 0.5966824644549763 0.054976303317535544 0.06729857819905213
6 0.4037914691943128 0.6033175355450237 0.05023696682464455 0.05971563981042654
6 0.36729857819905215 0.5976303317535545 0.04549763033175355 0.055924170616113746
6 0.34502369668246446 0.5800947867298578 0.04170616113744076 0.05118483412322275
6 0.32132701421800947 0.5592417061611374 0.04739336492890995 0.058767772511848344
1 0.2981042654028436 0.5265402843601896 0.058767772511848344 0.06919431279620854
3 0.8393364928909952 0.5023696682464455 0.04549763033175355 0.04265402843601896
8 0.8180094786729858 0.571563981042654 0.07488151658767772 0.07014218009478673
9 0.8009478672985783 0.6255924170616114 0.06635071090047394 0.05687203791469194
9 0.7933649289099526 0.6725118483412322 0.06066350710900474 0.052132701421800945
9 0.990521327014218 0.7720379146919432 0.018957345971563982 0.07867298578199051
9 0.9691943127962085 0.795260663507109 0.05781990521327014 0.07298578199052133
1 0.9241706161137441 0.8061611374407583 0.054976303317535544 0.061611374407582936
6 0.885781990521327 0.7990521327014218 0.05118483412322275 0.07109004739336493
6 0.8563981042654029 0.7890995260663507 0.05308056872037915 0.06635071090047394
6 0.8274881516587678 0.7772511848341233 0.05023696682464455 0.05781990521327014
6 0.804739336492891 0.7549763033175355 0.046445497630331754 0.05308056872037915
1 0.8023696682464455 0.7118483412322275 0.05687203791469194 0.06066350710900474