8 0.44028436018957345 0.22464454976303316 0.06729857819905213 0.08436018957345971
8 0.3767772511848341 0.22843601895734597 0.07203791469194312 0.08246445497630332
9 0.32748815165876777 0.24739336492890995 0.05402843601895735 0.06919431279620854
9 0.29289099526066353 0.27014218009478674 0.052132701421800945 0.06824644549763033
1 0.24549763033175356 0.26398104265402844 0.05308056872037915 0.06540284360189573
6 0.1943127962085308 0.25071090047393363 0.05402843601895735 0.05971563981042654
6 0.15734597156398103 0.23175355450236967 0.06445497630331753 0.06540284360189573
1 0.9895734597156398 0.22701421800947869 0.02085308056872038 0.07298578199052133
6 0.9597156398104265 0.22227488151658767 0.05118483412322275 0.06919431279620854
6 0.9113744075829384 0.23791469194312795 0.06540284360189573 0.06919431279620854
6 0.8748815165876778 0.26066350710900477 0.06350710900473934 0.07393364928909953
6 0.861611374407583 0.3075829383886256 0.05971563981042654 0.058767772511848344
1 0.861611374407583 0.35450236966824644 0.07488151658767772 0.054976303317535544
3 0.9180094786729858 0.4909952606635071 0.03886255924170616 0.03222748815165877
3 0.9402843601895735 0.5284360189573459 0.035071090047393366 0.03696682464454976
3 0.8895734597156398 0.4009478672985782 0.043601895734597156 0.03317535545023697
3 0.12274881516587678 0.8744075829383886 0.04265402843601896 0.04549763033175355
3 0.4255924170616114 0.9085308056872038 0.034123222748815164 0.037914691943127965
3 0.14170616113744075 0.966350710900474 0.03601895734597156 0.037914691943127965
8 0.6554502369668247 0.9649289099526066 0.13364928909952606 0.07014218009478673
2 0.7322274881516587 0.9393364928909953 0.07677725118483412 0.08246445497630332