8 0.21943127962085307 0.05545023696682464 0.08056872037914692 0.08056872037914692
8 0.21800947867298578 0.11800947867298578 0.07582938388625593 0.08246445497630332
9 0.2123222748815166 0.17298578199052134 0.061611374407582936 0.058767772511848344
9 0.2075829383886256 0.21800947867298578 0.061611374407582936 0.061611374407582936
1 0.1962085308056872 0.25829383886255924 0.05781990521327014 0.054976303317535544
6 0.17061611374407584 0.2772511848341232 0.04549763033175355 0.04739336492890995
6 0.14028436018957346 0.2895734597156398 0.05023696682464455 0.04928909952606635
6 0.10426540284360189 0.30379146919431277 0.04549763033175355 0.052132701421800945
6 0.07677725118483412 0.2995260663507109 0.05023696682464455 0.04834123222748815
1 0.03744075829383886 0.2909952606635071 0.05118483412322275 0.05402843601895735
9 0.015165876777251185 0.27014218009478674 0.03033175355450237 0.06066350710900474
9 0.014218009478672985 0.22701421800947869 0.02843601895734597 0.06350710900473934
9 0.5777251184834123 0.22843601895734597 0.03696682464454976 0.07203791469194312
9 0.5943127962085308 0.1943127962085308 0.07014218009478673 0.06635071090047394
9 0.8336492890995261 0.3246445497630332 0.07488151658767772 0.061611374407582936
9 0.8227488151658767 0.2796208530805687 0.07582938388625593 0.061611374407582936
1 0.6218009478672986 0.16445497630331754 0.06066350710900474 0.06540284360189573
1 0.8113744075829384 0.23175355450236967 0.06445497630331753 0.06635071090047394
6 0.6582938388625592 0.15071090047393365 0.05971563981042654 0.07014218009478673
6 0.7090047393364929 0.15118483412322276 0.06635071090047394 0.07203791469194312
2 0.7511848341232228 0.17251184834123223 0.04834123222748815 0.05781990521327014
6 0.7924170616113744 0.1938388625592417 0.06540284360189573 0.07109004739336493
8 0.2876777251184834 0.666824644549763 0.07677725118483412 0.07488151658767772
8 0.2919431279620853 0.7265402843601896 0.08436018957345971 0.08341232227488152
9 0.2995260663507109 0.7805687203791469 0.07014218009478673 0.06350710900473934
9 0.3104265402843602 0.8260663507109005 0.06540284360189573 0.061611374407582936
1 0.3227488151658768 0.8706161137440759 0.06445497630331753 0.06445497630331753
4 0.542654028436019 0.8545023696682464 0.03317535545023697 0.04075829383886256
0 0.509478672985782 0.8739336492890996 0.043601895734597156 0.04265402843601896
6 0.43933649289099524 0.9227488151658768 0.055924170616113746 0.06350710900473934
6 0.4037914691943128 0.9241706161137441 0.052132701421800945 0.06066350710900474
6 0.3701421800947867 0.923696682464455 0.052132701421800945 0.06635071090047394
6 0.3459715639810427 0.9014218009478673 0.05781990521327014 0.06635071090047394
8 0.7317535545023697 0.8146919431279621 0.11658767772511848 0.12322274881516587
6 0.5696682464454976 0.5582938388625592 0.02085308056872038 0.07772511848341232
6 0.6004739336492891 0.5492890995260663 0.06350710900473934 0.05971563981042654
6 0.6445497630331753 0.5507109004739337 0.06635071090047394 0.06255924170616113
6 0.6848341232227488 0.5734597156398105 0.07867298578199051 0.08909952606635071
1 0.7099526066350711 0.6113744075829384 0.07962085308056872 0.0909952606635071
9 0.7350710900473933 0.6677725118483412 0.0909952606635071 0.08436018957345971
9 0.7241706161137441 0.7341232227488151 0.0909952606635071 0.08151658767772511