8 0.3165876777251185 0.46872037914691944 0.0881516587677725 0.09194312796208531
9 0.3748815165876777 0.4928909952606635 0.061611374407582936 0.06729857819905213
9 0.42274881516587676 0.5085308056872038 0.05402843601895735 0.06255924170616113
1 0.46729857819905213 0.5199052132701422 0.055924170616113746 0.05687203791469194
6 0.5028436018957346 0.5056872037914691 0.05971563981042654 0.04265402843601896
3 0.25213270142180094 0.44075829383886256 0.04265402843601896 0.04075829383886256
6 0.5246445497630332 0.4890995260663507 0.05023696682464455 0.03981042654028436
3 0.9919431279620853 0.39478672985781993 0.016113744075829384 0.04265402843601896
9 0.9616113744075829 0.3701421800947867 0.05687203791469194 0.07014218009478673
1 0.9090047393364928 0.35734597156398107 0.061611374407582936 0.06445497630331753
6 0.8611374407582938 0.36777251184834125 0.058767772511848344 0.058767772511848344
6 0.8222748815165877 0.3886255924170616 0.06729857819905213 0.06255924170616113
3 0.8383886255924171 0.9473933649289099 0.04170616113744076 0.043601895734597156
3 0.8838862559241706 0.9834123222748815 0.03696682464454976 0.03317535545023697