3 0.24407582938388625 0.2132701421800948 0.03981042654028436 0.04170616113744076
8 0.25213270142180094 0.2834123222748815 0.07203791469194312 0.08246445497630332
8 0.5407582938388625 0.24976303317535545 0.01800947867298578 0.05971563981042654
8 0.5246445497630332 0.3085308056872038 0.05023696682464455 0.08246445497630332
9 0.5156398104265403 0.3644549763033175 0.054976303317535544 0.061611374407582936
9 0.4995260663507109 0.3966824644549763 0.04928909952606635 0.025592417061611375
9 0.26587677725118486 0.34739336492890993 0.052132701421800945 0.058767772511848344
9 0.28151658767772514 0.3872037914691943 0.05308056872037915 0.04454976303317536
9 0.7109004739336493 0.32796208530805687 0.06350710900473934 0.06445497630331753
9 0.7364928909952607 0.37156398104265403 0.05971563981042654 0.05402843601895735
9 0.9464454976303317 0.32606635071090045 0.05023696682464455 0.04834123222748815
9 0.9355450236966825 0.36161137440758295 0.04928909952606635 0.052132701421800945
1 0.9218009478672986 0.3924170616113744 0.04834123222748815 0.034123222748815164
1 0.7691943127962085 0.3957345971563981 0.05971563981042654 0.027488151658767772
6 0.9023696682464455 0.4023696682464455 0.04739336492890995 0.014218009478672985
6 0.8127962085308057 0.4009478672985782 0.04834123222748815 0.017061611374407582
6 0.014218009478672985 0.7597156398104266 0.02843601895734597 0.05402843601895735
1 0.04834123222748815 0.7635071090047393 0.052132701421800945 0.055924170616113746
9 0.08530805687203792 0.7819905213270142 0.05971563981042654 0.05781990521327014
9 0.12417061611374408 0.8004739336492891 0.05402843601895735 0.05308056872037915
2 0.15213270142180094 0.8270142180094787 0.05781990521327014 0.06445497630331753
3 0.9848341232227488 0.5758293838862559 0.03033175355450237 0.046445497630331754
9 0.7341232227488151 0.5222748815165876 0.05781990521327014 0.052132701421800945
9 0.7469194312796209 0.4786729857819905 0.05971563981042654 0.04739336492890995