8 0.2616113744075829 0.4085308056872038 0.07393364928909953 0.022748815165876776
8 0.25829383886255924 0.3696682464454976 0.07014218009478673 0.07014218009478673
9 0.012322274881516588 0.25497630331753557 0.024644549763033177 0.05118483412322275
9 0.26350710900473934 0.3184834123222749 0.05118483412322275 0.043601895734597156
9 0.25829383886255924 0.27582938388625594 0.05687203791469194 0.043601895734597156
9 0.027014218009478674 0.21706161137440758 0.05402843601895735 0.05308056872037915
2 0.06018957345971564 0.18909952606635072 0.04265402843601896 0.05971563981042654
2 0.25876777251184835 0.23601895734597156 0.04549763033175355 0.03886255924170616
2 0.0981042654028436 0.16540284360189572 0.03317535545023697 0.03601895734597156
2 0.14360189573459717 0.17014218009478674 0.03981042654028436 0.046445497630331754
8 0.7985781990521327 0.21421800947867298 0.06255924170616113 0.06255924170616113
8 0.8199052132701422 0.26492890995260665 0.06824644549763033 0.06729857819905213
9 0.8322274881516588 0.3132701421800948 0.06255924170616113 0.05118483412322275
9 0.8417061611374408 0.35402843601895734 0.061611374407582936 0.04928909952606635
1 0.8412322274881516 0.39478672985781993 0.06729857819905213 0.05023696682464455
8 0.23317535545023696 0.7127962085308057 0.0938388625592417 0.0947867298578199
9 0.23033175355450236 0.6464454976303318 0.07488151658767772 0.06635071090047394
9 0.22180094786729856 0.5966824644549763 0.07298578199052133 0.06824644549763033
4 0.0037914691943127963 0.5886255924170616 0.007582938388625593 0.037914691943127965
0 0.03033175355450237 0.5469194312796208 0.04170616113744076 0.06445497630331753
0 0.14502369668246445 0.5284360189573459 0.04170616113744076 0.05971563981042654
0 0.2033175355450237 0.5687203791469194 0.03601895734597156 0.04549763033175355
8 0.5526066350710901 0.9004739336492891 0.1061611374407583 0.1023696682464455
8 0.6421800947867299 0.9090047393364928 0.0985781990521327 0.0985781990521327
9 0.7123222748815166 0.9123222748815166 0.07298578199052133 0.08056872037914692
9 0.7734597156398104 0.918957345971564 0.07488151658767772 0.07393364928909953
1 0.8308056872037914 0.9023696682464455 0.07203791469194312 0.06635071090047394
6 0.8729857819905213 0.8772511848341232 0.06350710900473934 0.05687203791469194
6 0.8962085308056872 0.8497630331753554 0.06445497630331753 0.055924170616113746
6 0.8981042654028436 0.8104265402843602 0.07393364928909953 0.05118483412322275