8 0.6137440758293838 0.13033175355450238 0.08436018957345971 0.08720379146919431
8 0.37109004739336493 0.3872037914691943 0.09573459715639811 0.06540284360189573
8 0.5606635071090047 0.11090047393364928 0.08246445497630332 0.0938388625592417
9 0.5009478672985782 0.104739336492891 0.06445497630331753 0.07582938388625593
9 0.45023696682464454 0.0981042654028436 0.06729857819905213 0.08151658767772511
3 0.3289099526066351 0.36682464454976305 0.04075829383886256 0.04075829383886256
3 0.3085308056872038 0.33270142180094786 0.043601895734597156 0.043601895734597156
1 0.4009478672985782 0.10426540284360189 0.06729857819905213 0.08246445497630332
6 0.35734597156398107 0.11563981042654028 0.05308056872037915 0.07014218009478673
6 0.32132701421800947 0.13886255924170615 0.06445497630331753 0.07582938388625593
6 0.2881516587677725 0.1853080568720379 0.07109004739336493 0.07677725118483412
6 0.2862559241706161 0.2241706161137441 0.05308056872037915 0.052132701421800945
1 0.285781990521327 0.27440758293838863 0.07298578199052133 0.07109004739336493
8 0.7815165876777251 0.1014218009478673 0.023696682464454975 0.07772511848341232
8 0.8004739336492891 0.16445497630331754 0.061611374407582936 0.08056872037914692
9 0.8260663507109005 0.21990521327014217 0.06066350710900474 0.05308056872037915
9 0.8545023696682464 0.25971563981042656 0.05118483412322275 0.052132701421800945
2 0.885308056872038 0.290521327014218 0.058767772511848344 0.06255924170616113
6 0.9322274881516588 0.2943127962085308 0.04265402843601896 0.04834123222748815
6 0.9687203791469194 0.2853080568720379 0.03981042654028436 0.04834123222748815
6 0.9872037914691943 0.27440758293838863 0.025592417061611375 0.04075829383886256
9 0.37345971563981045 0.7156398104265402 0.08056872037914692 0.07582938388625593
9 0.6606635071090048 0.6327014218009479 0.07677725118483412 0.07677725118483412
9 0.3824644549763033 0.6701421800947868 0.07677725118483412 0.07393364928909953
9 0.6298578199052133 0.5981042654028436 0.07677725118483412 0.07109004739336493
1 0.5976303317535545 0.5644549763033175 0.07014218009478673 0.07109004739336493
1 0.3876777251184834 0.6251184834123222 0.07109004739336493 0.07203791469194312
6 0.414218009478673 0.5857819905213271 0.05781990521327014 0.06445497630331753
6 0.45213270142180095 0.5644549763033175 0.06919431279620854 0.07393364928909953
6 0.504739336492891 0.5535545023696683 0.07109004739336493 0.07582938388625593
6 0.5535545023696683 0.5507109004739337 0.05971563981042654 0.06255924170616113
8 0.833175355450237 0.9052132701421801 0.08720379146919431 0.08151658767772511
4 0.8938388625592417 0.9075829383886256 0.04075829383886256 0.04170616113744076
9 0.9497630331753555 0.9151658767772511 0.058767772511848344 0.061611374407582936
9 0.9824644549763033 0.9132701421800948 0.035071090047393366 0.05971563981042654