3 0.2037914691943128 0.12654028436018958 0.03696682464454976 0.04549763033175355
3 0.15497630331753554 0.11374407582938388 0.04170616113744076 0.04170616113744076
9 0.0895734597156398 0.0971563981042654 0.07298578199052133 0.08625592417061612
9 0.03364928909952607 0.08909952606635071 0.06729857819905213 0.08151658767772511
8 0.6611374407582938 0.07488151658767772 0.08246445497630332 0.08151658767772511
8 0.7255924170616114 0.0985781990521327 0.07962085308056872 0.08436018957345971
9 0.7781990521327015 0.11563981042654028 0.05687203791469194 0.061611374407582936
9 0.8161137440758294 0.13317535545023695 0.05308056872037915 0.05687203791469194
1 0.8601895734597157 0.13601895734597155 0.05781990521327014 0.05971563981042654
6 0.8800947867298579 0.12274881516587678 0.04454976303317536 0.04739336492890995
6 0.9113744075829384 0.11232227488151658 0.05402843601895735 0.058767772511848344
8 0.05971563981042654 0.7151658767772512 0.07488151658767772 0.08909952606635071
8 0.024170616113744076 0.6834123222748815 0.04834123222748815 0.08909952606635071
8 0.5194312796208531 0.5454976303317536 0.0909952606635071 0.09194312796208531
8 0.8090047393364929 0.5890995260663507 0.07867298578199051 0.07772511848341232
8 0.7668246445497631 0.6502369668246446 0.08909952606635071 0.09194312796208531
9 0.5208530805687204 0.6037914691943128 0.06729857819905213 0.06255924170616113
9 0.5246445497630332 0.6492890995260664 0.061611374407582936 0.06066350710900474
9 0.7260663507109004 0.6938388625592417 0.05971563981042654 0.06066350710900474
9 0.6995260663507109 0.7298578199052133 0.05687203791469194 0.06066350710900474
1 0.6644549763033175 0.7464454976303317 0.054976303317535544 0.06635071090047394
1 0.5322274881516588 0.6900473933649289 0.055924170616113746 0.061611374407582936
6 0.6341232227488152 0.7573459715639811 0.05308056872037915 0.07488151658767772
6 0.6014218009478673 0.7540284360189573 0.04834123222748815 0.07393364928909953
6 0.571563981042654 0.7421800947867299 0.04834123222748815 0.07109004739336493
6 0.5464454976303318 0.7227488151658767 0.046445497630331754 0.06540284360189573