8 0.7725118483412322 0.07393364928909953 0.1033175355450237 0.11090047393364928
8 0.7781990521327015 0.15971563981042655 0.0947867298578199 0.08056872037914692
8 0.024170616113744076 0.6639810426540285 0.04834123222748815 0.11279620853080569
9 0.06540284360189573 0.6402843601895735 0.07298578199052133 0.0938388625592417
9 0.12037914691943127 0.6265402843601896 0.06540284360189573 0.09004739336492891
1 0.1815165876777251 0.6165876777251185 0.06729857819905213 0.07109004739336493
6 0.23459715639810427 0.6127962085308057 0.06635071090047394 0.07488151658767772
6 0.28104265402843603 0.6308056872037915 0.0909952606635071 0.08909952606635071
8 0.7151658767772512 0.876303317535545 0.09004739336492891 0.08246445497630332
8 0.7279620853080568 0.8071090047393364 0.0938388625592417 0.08436018957345971
9 0.7317535545023697 0.7573459715639811 0.06919431279620854 0.052132701421800945
9 0.7213270142180095 0.7170616113744076 0.07393364928909953 0.05308056872037915
9 0.5104265402843602 0.590521327014218 0.021800947867298578 0.06824644549763033
9 0.5317535545023697 0.5781990521327014 0.05402843601895735 0.07298578199052133
1 0.7170616113744076 0.6706161137440758 0.06824644549763033 0.058767772511848344
1 0.571563981042654 0.5635071090047393 0.05402843601895735 0.05971563981042654
6 0.6127962085308057 0.5592417061611374 0.05118483412322275 0.05402843601895735
6 0.6516587677725119 0.5630331753554503 0.06919431279620854 0.06445497630331753
6 0.6957345971563981 0.5938388625592417 0.06824644549763033 0.06919431279620854
6 0.7090047393364929 0.6293838862559241 0.05687203791469194 0.052132701421800945