8 0.35023696682464456 0.3033175355450237 0.05781990521327014 0.05971563981042654
8 0.36113744075829385 0.24407582938388625 0.05971563981042654 0.06350710900473934
9 0.37345971563981045 0.1895734597156398 0.04739336492890995 0.04834123222748815
9 0.4014218009478673 0.15023696682464455 0.05687203791469194 0.04739336492890995
1 0.4218009478672986 0.0981042654028436 0.05781990521327014 0.06445497630331753
6 0.46350710900473935 0.057345971563981045 0.05118483412322275 0.04454976303317536
8 0.7218009478672985 0.3 0.08530805687203792 0.07867298578199051
8 0.7241706161137441 0.23080568720379147 0.07772511848341232 0.08056872037914692
9 0.9900473933649289 0.09194312796208531 0.01990521327014218 0.058767772511848344
9 0.9748815165876777 0.05308056872037915 0.05023696682464455 0.054976303317535544
9 0.7246445497630332 0.16919431279620853 0.06729857819905213 0.05687203791469194
9 0.737914691943128 0.11895734597156397 0.06350710900473934 0.05402843601895735
1 0.7497630331753554 0.07014218009478673 0.05971563981042654 0.05971563981042654
1 0.9507109004739337 0.025592417061611375 0.05687203791469194 0.05118483412322275
6 0.7706161137440758 0.02843601895734597 0.05687203791469194 0.055924170616113746
6 0.8042654028436019 0.02037914691943128 0.06540284360189573 0.04075829383886256
6 0.861611374407583 0.015639810426540283 0.07014218009478673 0.031279620853080566
6 0.9142180094786729 0.011848341232227487 0.052132701421800945 0.023696682464454975
8 0.12843601895734597 0.9886255924170616 0.08056872037914692 0.022748815165876776
9 0.16398104265402844 0.9635071090047393 0.05971563981042654 0.05687203791469194
9 0.18862559241706162 0.9213270142180094 0.04075829383886256 0.04739336492890995
1 0.22938388625592418 0.9023696682464455 0.04549763033175355 0.06350710900473934
6 0.2663507109004739 0.8848341232227488 0.03601895734597156 0.05308056872037915
6 0.2943127962085308 0.9014218009478673 0.03696682464454976 0.043601895734597156
6 0.3227488151658768 0.8957345971563981 0.04075829383886256 0.046445497630331754
6 0.34265402843601894 0.9151658767772511 0.03886255924170616 0.03601895734597156
1 0.3578199052132701 0.9469194312796209 0.052132701421800945 0.04834123222748815
9 0.38341232227488153 0.9739336492890995 0.04075829383886256 0.04075829383886256
8 0.9843601895734597 0.6791469194312796 0.031279620853080566 0.08056872037914692
8 0.9459715639810427 0.6516587677725119 0.07393364928909953 0.07582938388625593
8 0.8767772511848341 0.9402843601895735 0.06729857819905213 0.06540284360189573
8 0.8360189573459715 0.8981042654028436 0.07393364928909953 0.07014218009478673
8 0.7933649289099526 0.8554502369668247 0.07203791469194312 0.07203791469194312
9 0.8914691943127963 0.6388625592417062 0.05402843601895735 0.05687203791469194
9 0.7706161137440758 0.8109004739336493 0.05023696682464455 0.05023696682464455
9 0.8478672985781991 0.6260663507109004 0.05023696682464455 0.054976303317535544
9 0.7388625592417062 0.785781990521327 0.05402843601895735 0.05023696682464455
1 0.728909952606635 0.7483412322274882 0.05402843601895735 0.043601895734597156
1 0.8066350710900474 0.6265402843601896 0.052132701421800945 0.04739336492890995
6 0.7327014218009479 0.7123222748815166 0.054976303317535544 0.03981042654028436
6 0.737914691943128 0.685781990521327 0.05308056872037915 0.035071090047393366
6 0.761611374407583 0.6611374407582938 0.05023696682464455 0.03601895734597156
6 0.7800947867298578 0.6431279620853081 0.054976303317535544 0.03886255924170616