8 0.4943127962085308 0.061611374407582936 0.08341232227488152 0.07488151658767772
8 0.5071090047393365 0.12511848341232226 0.06445497630331753 0.0909952606635071
9 0.5203791469194313 0.1815165876777251 0.037914691943127965 0.05971563981042654
9 0.5303317535545023 0.22511848341232227 0.01800947867298578 0.055924170616113746
8 0.23649289099526066 0.27109004739336495 0.08056872037914692 0.07582938388625593
8 0.28104265402843603 0.3118483412322275 0.08720379146919431 0.09004739336492891
3 0.33175355450236965 0.3341232227488152 0.04170616113744076 0.037914691943127965
9 0.3639810426540284 0.3635071090047393 0.05687203791469194 0.05402843601895735
1 0.3981042654028436 0.3848341232227488 0.06635071090047394 0.07488151658767772
6 0.5308056872037915 0.3123222748815166 0.017061611374407582 0.052132701421800945
6 0.5170616113744075 0.34976303317535545 0.04454976303317536 0.05687203791469194
6 0.4824644549763033 0.38341232227488153 0.06445497630331753 0.058767772511848344
6 0.44170616113744077 0.3876777251184834 0.05023696682464455 0.054976303317535544
8 0.8639810426540284 0.4928909952606635 0.13649289099526066 0.13080568720379146
8 0.852132701421801 0.4066350710900474 0.11658767772511848 0.11753554502369669
9 0.8478672985781991 0.32796208530805687 0.0966824644549763 0.09004739336492891
9 0.8473933649289099 0.26398104265402844 0.10995260663507109 0.08625592417061612
1 0.85260663507109 0.2052132701421801 0.08625592417061612 0.08246445497630332
6 0.9786729857819905 0.1080568720379147 0.04265402843601896 0.06824644549763033
6 0.9327014218009478 0.12985781990521328 0.08246445497630332 0.07014218009478673
6 0.8838862559241706 0.16066350710900473 0.06350710900473934 0.06066350710900474
8 0.01848341232227488 0.7625592417061612 0.03696682464454976 0.07677725118483412
9 0.03317535545023697 0.7933649289099526 0.058767772511848344 0.05971563981042654
9 0.06398104265402843 0.8165876777251185 0.05781990521327014 0.05687203791469194
9 0.23791469194312795 0.70521327014218 0.06066350710900474 0.058767772511848344
9 0.23459715639810427 0.7464454976303317 0.05781990521327014 0.05781990521327014
1 0.22369668246445498 0.781042654028436 0.055924170616113746 0.06255924170616113
1 0.09573459715639811 0.8312796208530806 0.05118483412322275 0.05781990521327014
6 0.12417061611374408 0.8355450236966825 0.03981042654028436 0.04834123222748815
6 0.15213270142180094 0.828436018957346 0.03981042654028436 0.04928909952606635
6 0.17867298578199053 0.8165876777251185 0.04075829383886256 0.05118483412322275
6 0.2018957345971564 0.8052132701421801 0.043601895734597156 0.04928909952606635
3 0.7644549763033175 0.875829383886256 0.04549763033175355 0.04549763033175355
4 0.771563981042654 0.8241706161137441 0.04170616113744076 0.04549763033175355
1 0.7701421800947867 0.7421800947867299 0.05971563981042654 0.07867298578199051
9 0.9829383886255925 0.7483412322274882 0.034123222748815164 0.07488151658767772
9 0.966824644549763 0.7199052132701422 0.06635071090047394 0.08056872037914692
1 0.9412322274881516 0.6971563981042654 0.06445497630331753 0.055924170616113746
6 0.9061611374407583 0.6895734597156398 0.058767772511848344 0.04075829383886256
6 0.8672985781990521 0.6890995260663507 0.06255924170616113 0.03981042654028436
6 0.8218009478672986 0.6943127962085308 0.06255924170616113 0.05023696682464455
6 0.7895734597156399 0.7066350710900474 0.054976303317535544 0.06350710900473934