8 0.4018957345971564 0.4080568720379147 0.07962085308056872 0.08625592417061612
9 0.36066350710900474 0.37345971563981045 0.05118483412322275 0.05971563981042654
9 0.3165876777251185 0.35734597156398107 0.055924170616113746 0.06445497630331753
1 0.26872037914691943 0.33838862559241706 0.061611374407582936 0.06540284360189573
6 0.2132701421800948 0.33270142180094786 0.06350710900473934 0.06824644549763033
6 0.16587677725118483 0.3459715639810427 0.08720379146919431 0.07962085308056872
3 0.45592417061611373 0.44739336492890996 0.04549763033175355 0.04739336492890995
2 0.7606635071090048 0.3293838862559242 0.06540284360189573 0.061611374407582936
2 0.6563981042654028 0.3227488151658768 0.04075829383886256 0.04170616113744076
9 0.6090047393364929 0.3241706161137441 0.05971563981042654 0.06066350710900474
1 0.5909952606635072 0.30947867298578197 0.023696682464454975 0.05971563981042654
8 0.9677725118483412 0.9502369668246445 0.06445497630331753 0.0995260663507109
8 0.9611374407582939 0.9876777251184834 0.07772511848341232 0.024644549763033177
2 0.6317535545023697 0.9563981042654028 0.07582938388625593 0.08246445497630332
2 0.6445497630331753 0.9900473933649289 0.07582938388625593 0.01990521327014218