9 0.36587677725118484 0.34312796208530805 0.007582938388625593 0.06445497630331753
9 0.33649289099526064 0.3407582938388626 0.04739336492890995 0.06729857819905213
1 0.2838862559241706 0.34834123222748814 0.046445497630331754 0.06350710900473934
6 0.24170616113744076 0.33364928909952607 0.04739336492890995 0.06066350710900474
6 0.1995260663507109 0.3118483412322275 0.061611374407582936 0.06445497630331753
8 0.44218009478672987 0.36587677725118484 0.07298578199052133 0.07393364928909953
8 0.5066350710900474 0.3824644549763033 0.07014218009478673 0.07298578199052133
9 0.5606635071090047 0.3971563981042654 0.04834123222748815 0.05687203791469194
9 0.6042654028436019 0.4075829383886256 0.04834123222748815 0.05402843601895735
1 0.647867298578199 0.40616113744075827 0.04834123222748815 0.04834123222748815
6 0.6772511848341233 0.4009478672985782 0.04928909952606635 0.04265402843601896
6 0.6872037914691943 0.36777251184834125 0.046445497630331754 0.037914691943127965
6 0.7132701421800948 0.34549763033175357 0.04739336492890995 0.03981042654028436
8 0.1876777251184834 0.6540284360189573 0.07582938388625593 0.07582938388625593
8 0.18056872037914692 0.7279620853080568 0.07393364928909953 0.08151658767772511
9 0.17962085308056872 0.790521327014218 0.054976303317535544 0.04739336492890995
9 0.17298578199052134 0.8383886255924171 0.05118483412322275 0.05023696682464455
9 0.35687203791469196 0.9222748815165877 0.025592417061611375 0.05118483412322275
1 0.33364928909952607 0.9473933649289099 0.04549763033175355 0.05402843601895735
1 0.18104265402843603 0.8838862559241706 0.052132701421800945 0.04739336492890995
6 0.2966824644549763 0.9507109004739337 0.03981042654028436 0.06255924170616113
6 0.26066350710900477 0.9440758293838862 0.037914691943127965 0.06066350710900474
6 0.23270142180094786 0.9360189573459715 0.04265402843601896 0.05687203791469194
6 0.2028436018957346 0.9137440758293839 0.04549763033175355 0.05781990521327014
8 0.590521327014218 0.7279620853080568 0.06824644549763033 0.06824644549763033
8 0.8843601895734597 0.6099526066350711 0.06255924170616113 0.04075829383886256
9 0.8919431279620853 0.6483412322274882 0.05118483412322275 0.04549763033175355
9 0.8890995260663507 0.690521327014218 0.04928909952606635 0.046445497630331754
8 0.6345971563981042 0.7578199052132701 0.05971563981042654 0.06540284360189573
9 0.6763033175355451 0.7815165876777251 0.05308056872037915 0.05781990521327014
9 0.7156398104265402 0.8028436018957346 0.054976303317535544 0.06350710900473934
1 0.7559241706161137 0.8232227488151659 0.05023696682464455 0.07677725118483412
1 0.8791469194312796 0.7327014218009479 0.06729857819905213 0.052132701421800945
6 0.8791469194312796 0.7691943127962085 0.04739336492890995 0.03981042654028436
6 0.8568720379146919 0.7938388625592417 0.05118483412322275 0.04454976303317536
6 0.8255924170616113 0.8161137440758294 0.055924170616113746 0.05118483412322275
6 0.7933649289099526 0.8232227488151659 0.04549763033175355 0.05118483412322275