8 0.9748815165876777 0.20568720379146918 0.05023696682464455 0.10426540284360189
9 0.9630331753554502 0.25781990521327014 0.07393364928909953 0.07014218009478673
9 0.9388625592417061 0.2966824644549763 0.06729857819905213 0.06824644549763033
1 0.904739336492891 0.3303317535545024 0.058767772511848344 0.07488151658767772
6 0.8677725118483413 0.34786729857819904 0.05687203791469194 0.07014218009478673
6 0.8393364928909952 0.35355450236966823 0.054976303317535544 0.06919431279620854
6 0.8085308056872038 0.33886255924170616 0.052132701421800945 0.06919431279620854
6 0.7758293838862559 0.32606635071090045 0.05687203791469194 0.06729857819905213
1 0.7582938388625592 0.2971563981042654 0.05781990521327014 0.07014218009478673
9 0.7327014218009479 0.25876777251184835 0.06540284360189573 0.06729857819905213
9 0.7156398104265402 0.21658767772511847 0.06919431279620854 0.06635071090047394
8 0.6976303317535545 0.15829383886255924 0.0938388625592417 0.0985781990521327
9 0.037914691943127965 0.9824644549763033 0.07582938388625593 0.035071090047393366
9 0.034123222748815164 0.9654028436018958 0.06824644549763033 0.06919431279620854
2 0.012322274881516588 0.9497630331753555 0.024644549763033177 0.058767772511848344
0 0.7815165876777251 0.7559241706161137 0.05023696682464455 0.055924170616113746
0 0.7791469194312797 0.8199052132701422 0.05402843601895735 0.05781990521327014
0 0.7890995260663507 0.9085308056872038 0.04834123222748815 0.04739336492890995
8 0.42796208530805685 0.9345971563981043 0.08625592417061612 0.09004739336492891
8 0.47488151658767774 0.9672985781990522 0.08151658767772511 0.06540284360189573
9 0.5161137440758294 0.9881516587677726 0.05781990521327014 0.023696682464454975
6 0.7630331753554502 0.990521327014218 0.06255924170616113 0.018957345971563982
1 0.7805687203791469 0.9639810426540284 0.07867298578199051 0.07203791469194312