3 0.2990521327014218 0.2720379146919431 0.046445497630331754 0.015165876777251185
8 0.34407582938388626 0.24265402843601896 0.05118483412322275 0.07393364928909953
8 0.6431279620853081 0.104739336492891 0.0966824644549763 0.11563981042654028
3 0.7080568720379147 0.08862559241706161 0.05023696682464455 0.05402843601895735
9 0.7606635071090048 0.06445497630331753 0.07109004739336493 0.0909952606635071
9 0.8170616113744076 0.04597156398104266 0.07772511848341232 0.09194312796208531
1 0.8796208530805687 0.03222748815165877 0.07014218009478673 0.06445497630331753
6 0.9369668246445497 0.034123222748815164 0.06919431279620854 0.06824644549763033
6 0.9748815165876777 0.04976303317535545 0.05023696682464455 0.08625592417061612
8 0.47014218009478675 0.490521327014218 0.0947867298578199 0.0966824644549763
8 0.4933649289099526 0.5710900473933649 0.0966824644549763 0.0966824644549763
9 0.5213270142180095 0.6360189573459716 0.07677725118483412 0.07109004739336493
9 0.5488151658767773 0.6815165876777252 0.06729857819905213 0.07014218009478673
8 0.8886255924170616 0.5364928909952607 0.0938388625592417 0.0938388625592417
8 0.8611374407582938 0.6071090047393365 0.1033175355450237 0.0995260663507109
9 0.8345971563981043 0.6649289099526067 0.07677725118483412 0.07488151658767772
9 0.7995260663507109 0.7066350710900474 0.06919431279620854 0.06729857819905213
1 0.7606635071090048 0.7360189573459716 0.054976303317535544 0.058767772511848344
6 0.7218009478672985 0.7554502369668247 0.05402843601895735 0.05023696682464455
6 0.6824644549763034 0.7658767772511849 0.04739336492890995 0.04834123222748815
6 0.6450236966824645 0.7658767772511849 0.05118483412322275 0.043601895734597156
6 0.6132701421800948 0.7516587677725118 0.05308056872037915 0.05118483412322275
1 0.5815165876777251 0.7246445497630332 0.06255924170616113 0.06255924170616113