3 0.2876777251184834 0.3293838862559242 0.04170616113744076 0.04834123222748815
4 0.26445497630331755 0.2838862559241706 0.04928909952606635 0.04739336492890995
3 0.26255924170616113 0.21706161137440758 0.03696682464454976 0.04075829383886256
8 0.5710900473933649 0.2018957345971564 0.08056872037914692 0.08341232227488152
8 0.533649289099526 0.15402843601895735 0.07772511848341232 0.09194312796208531
9 0.49715639810426543 0.10710900473933649 0.058767772511848344 0.06350710900473934
9 0.4663507109004739 0.06682464454976303 0.055924170616113746 0.054976303317535544
1 0.42985781990521327 0.036492890995260666 0.06350710900473934 0.07298578199052133
6 0.3815165876777251 0.022748815165876776 0.04834123222748815 0.04549763033175355
6 0.32654028436018956 0.01848341232227488 0.06540284360189573 0.03696682464454976
6 0.27582938388625594 0.037914691943127965 0.07393364928909953 0.07582938388625593
6 0.25355450236966826 0.07914691943127962 0.05971563981042654 0.06445497630331753
1 0.23317535545023696 0.12511848341232226 0.07488151658767772 0.06445497630331753
9 0.23696682464454977 0.17677725118483412 0.07677725118483412 0.06066350710900474
8 0.8739336492890996 0.1900473933649289 0.08720379146919431 0.08909952606635071
8 0.8663507109004739 0.12606635071090047 0.07109004739336493 0.06919431279620854
9 0.85260663507109 0.07535545023696683 0.07488151658767772 0.07488151658767772
1 0.8312796208530806 0.02843601895734597 0.06635071090047394 0.05687203791469194
6 0.8018957345971564 0.012322274881516588 0.05308056872037915 0.024644549763033177
6 0.7507109004739336 0.00900473933649289 0.07014218009478673 0.01800947867298578
6 0.6947867298578199 0.011848341232227487 0.06635071090047394 0.023696682464454975
6 0.6592417061611374 0.01800947867298578 0.03886255924170616 0.03601895734597156
1 0.6502369668246446 0.04454976303317536 0.02085308056872038 0.06255924170616113
3 0.6099526066350711 0.9862559241706161 0.05971563981042654 0.027488151658767772
3 0.5383886255924171 0.9369668246445497 0.052132701421800945 0.05118483412322275
3 0.4981042654028436 0.8990521327014218 0.05308056872037915 0.05118483412322275
3 0.46255924170616114 0.8654028436018958 0.04075829383886256 0.04075829383886256
3 0.3966824644549763 0.8592417061611375 0.04170616113744076 0.04170616113744076
3 0.2729857819905213 0.966350710900474 0.05118483412322275 0.05402843601895735
3 0.2938388625592417 0.9199052132701422 0.043601895734597156 0.04454976303317536
9 0.9085308056872038 0.5687203791469194 0.04834123222748815 0.037914691943127965
6 0.9933649289099526 0.6511848341232227 0.013270142180094787 0.034123222748815164
6 0.9753554502369668 0.6398104265402843 0.03696682464454976 0.037914691943127965
6 0.9412322274881516 0.6293838862559241 0.03981042654028436 0.03886255924170616
1 0.9170616113744076 0.6090047393364929 0.05308056872037915 0.04739336492890995