3 0.19478672985781992 0.026066350710900472 0.04928909952606635 0.05118483412322275
8 0.1990521327014218 0.10426540284360189 0.08909952606635071 0.0947867298578199
8 0.5146919431279621 0.12511848341232226 0.03033175355450237 0.08151658767772511
8 0.4909952606635071 0.18578199052132702 0.07772511848341232 0.0966824644549763
9 0.43412322274881515 0.2563981042654028 0.05687203791469194 0.058767772511848344
1 0.23838862559241705 0.24028436018957347 0.06255924170616113 0.07298578199052133
3 0.21658767772511847 0.15545023696682464 0.03981042654028436 0.03981042654028436
3 0.22938388625592418 0.1924170616113744 0.04170616113744076 0.04265402843601896
1 0.4037914691943128 0.28199052132701424 0.06066350710900474 0.07014218009478673
6 0.36540284360189573 0.2890995260663507 0.05023696682464455 0.061611374407582936
6 0.33175355450236965 0.2843601895734597 0.04265402843601896 0.06350710900473934
6 0.2962085308056872 0.28056872037914693 0.04454976303317536 0.05971563981042654
6 0.26445497630331755 0.26445497630331755 0.052132701421800945 0.06824644549763033
8 0.6227488151658768 0.13412322274881516 0.07582938388625593 0.07962085308056872
8 0.8383886255924171 0.3815165876777251 0.08530805687203792 0.07867298578199051
8 0.875829383886256 0.3350710900473934 0.08436018957345971 0.07393364928909953
3 0.8962085308056872 0.28720379146919434 0.03886255924170616 0.03981042654028436
8 0.6772511848341233 0.10568720379146919 0.07488151658767772 0.08151658767772511
9 0.7312796208530805 0.09052132701421801 0.054976303317535544 0.06540284360189573
9 0.9232227488151659 0.24928909952606634 0.055924170616113746 0.054976303317535544
1 0.9407582938388626 0.2099526066350711 0.06919431279620854 0.06445497630331753
9 0.7753554502369668 0.07298578199052133 0.05687203791469194 0.06350710900473934
1 0.8208530805687204 0.06587677725118483 0.05402843601895735 0.061611374407582936
6 0.8696682464454977 0.06919431279620854 0.05118483412322275 0.04928909952606635
6 0.9090047393364928 0.08530805687203792 0.06066350710900474 0.055924170616113746
6 0.9407582938388626 0.12748815165876778 0.05971563981042654 0.05308056872037915
6 0.9483412322274881 0.16872037914691942 0.05023696682464455 0.04454976303317536
8 0.1976303317535545 0.837914691943128 0.0976303317535545 0.11563981042654028
2 0.27014218009478674 0.8308056872037914 0.07109004739336493 0.09194312796208531
9 0.3345971563981043 0.8199052132701422 0.07014218009478673 0.08909952606635071
9 0.3933649289099526 0.8199052132701422 0.07488151658767772 0.09004739336492891
1 0.4492890995260663 0.8232227488151659 0.07677725118483412 0.08625592417061612
6 0.49715639810426543 0.8364928909952607 0.06540284360189573 0.08436018957345971
6 0.5075829383886256 0.8753554502369668 0.04454976303317536 0.10710900473933649
8 0.790521327014218 0.9488151658767773 0.09289099526066351 0.09289099526066351
9 0.7668246445497631 0.9815165876777251 0.07582938388625593 0.03696682464454976