9 0.006161137440758294 0.5360189573459716 0.012322274881516588 0.055924170616113746
1 0.02890995260663507 0.5279620853080569 0.05023696682464455 0.05402843601895735
6 0.06777251184834124 0.5274881516587677 0.04928909952606635 0.04834123222748815
6 0.09289099526066351 0.5194312796208531 0.06350710900473934 0.055924170616113746
3 0.7037914691943128 0.4663507109004739 0.04834123222748815 0.046445497630331754
3 0.7327014218009479 0.4317535545023697 0.04549763033175355 0.04454976303317536
8 0.9862559241706161 0.6454976303317536 0.027488151658767772 0.06824644549763033
8 0.9900473933649289 0.581042654028436 0.01990521327014218 0.0985781990521327
1 0.9876777251184834 0.41800947867298577 0.024644549763033177 0.06635071090047394
6 0.9824644549763033 0.3876777251184834 0.035071090047393366 0.06445497630331753
6 0.966824644549763 0.36255924170616116 0.052132701421800945 0.06635071090047394
6 0.9341232227488152 0.34976303317535545 0.05308056872037915 0.06540284360189573
6 0.8962085308056872 0.3464454976303318 0.05971563981042654 0.06635071090047394
1 0.8563981042654029 0.34976303317535545 0.05781990521327014 0.06540284360189573
9 0.8104265402843602 0.36540284360189573 0.06729857819905213 0.07109004739336493
9 0.7654028436018957 0.38909952606635073 0.06635071090047394 0.07298578199052133
8 0.04928909952606635 0.8151658767772512 0.09004739336492891 0.09289099526066351
8 0.33886255924170616 0.8327014218009479 0.08056872037914692 0.09004739336492891
9 0.314218009478673 0.8748815165876778 0.061611374407582936 0.05687203791469194
9 0.06872037914691943 0.8649289099526066 0.07109004739336493 0.06635071090047394
9 0.0895734597156398 0.904739336492891 0.06635071090047394 0.06350710900473934
8 0.03459715639810427 0.7549763033175355 0.06919431279620854 0.08436018957345971
8 0.5033175355450237 0.7436018957345971 0.07014218009478673 0.07203791469194312
8 0.7507109004739336 0.8976303317535546 0.07298578199052133 0.07393364928909953
8 0.7075829383886256 0.9364928909952607 0.07582938388625593 0.07582938388625593
8 0.4900473933649289 0.8018957345971564 0.06919431279620854 0.07298578199052133
9 0.6701421800947868 0.9630331753554502 0.05687203791469194 0.05687203791469194
9 0.637914691943128 0.981042654028436 0.05118483412322275 0.037914691943127965
9 0.48625592417061614 0.8516587677725118 0.05687203791469194 0.05402843601895735
9 0.4843601895734597 0.8919431279620853 0.05781990521327014 0.055924170616113746
1 0.47535545023696685 0.9322274881516588 0.05402843601895735 0.052132701421800945
1 0.604739336492891 0.9876777251184834 0.05118483412322275 0.024644549763033177
6 0.5720379146919431 0.9838862559241706 0.046445497630331754 0.03222748815165877
6 0.5412322274881517 0.9796208530805687 0.04549763033175355 0.04075829383886256
6 0.5161137440758294 0.9710900473933649 0.05023696682464455 0.05781990521327014
6 0.495260663507109 0.95260663507109 0.052132701421800945 0.061611374407582936