8 0.23364928909952606 0.3639810426540284 0.06066350710900474 0.06919431279620854
8 0.18104265402843603 0.34739336492890993 0.06824644549763033 0.07298578199052133
4 0.12985781990521328 0.33364928909952607 0.04075829383886256 0.03601895734597156
9 0.08341232227488152 0.31469194312796206 0.046445497630331754 0.06919431279620854
9 0.035071090047393366 0.3018957345971564 0.04834123222748815 0.061611374407582936
1 0.007582938388625593 0.3014218009478673 0.015165876777251185 0.06445497630331753
8 0.7109004739336493 0.16398104265402844 0.06540284360189573 0.07488151658767772
2 0.7601895734597156 0.1848341232227488 0.04739336492890995 0.06445497630331753
9 0.8004739336492891 0.1924170616113744 0.052132701421800945 0.07014218009478673
9 0.8445497630331753 0.2009478672985782 0.052132701421800945 0.06824644549763033
1 0.890521327014218 0.2127962085308057 0.05308056872037915 0.054976303317535544
6 0.9364928909952607 0.2066350710900474 0.04739336492890995 0.04170616113744076
6 0.9696682464454977 0.18341232227488152 0.06066350710900474 0.05402843601895735
6 0.9824644549763033 0.15592417061611374 0.035071090047393366 0.052132701421800945
6 0.9872037914691943 0.11895734597156397 0.025592417061611375 0.035071090047393366
3 0.12369668246445498 0.6369668246445498 0.03222748815165877 0.03601895734597156
8 0.16729857819905214 0.6303317535545023 0.06350710900473934 0.08151658767772511
8 0.07061611374407582 0.6587677725118484 0.06635071090047394 0.08056872037914692
9 0.021800947867298578 0.6654028436018957 0.043601895734597156 0.06824644549763033
6 0.9587677725118483 0.9957345971563981 0.04454976303317536 0.008530805687203791