8 0.057345971563981045 0.45639810426540284 0.1033175355450237 0.06540284360189573
9 0.08246445497630332 0.4218009478672986 0.08341232227488152 0.08436018957345971
9 0.1061611374407583 0.38388625592417064 0.08151658767772511 0.08530805687203792
8 0.39478672985781993 0.466824644549763 0.11090047393364928 0.04454976303317536
3 0.36635071090047394 0.44407582938388623 0.04739336492890995 0.04549763033175355
9 0.36255924170616116 0.3943127962085308 0.0881516587677725 0.07582938388625593
1 0.34218009478672984 0.34834123222748814 0.07298578199052133 0.07488151658767772
1 0.13649289099526066 0.34218009478672984 0.06919431279620854 0.08246445497630332
6 0.17203791469194313 0.3227488151658768 0.058767772511848344 0.07772511848341232
6 0.2161137440758294 0.3023696682464455 0.07393364928909953 0.09289099526066351
6 0.26919431279620853 0.3028436018957346 0.08056872037914692 0.0909952606635071
6 0.3127962085308057 0.3161137440758294 0.07488151658767772 0.07962085308056872
8 0.8530805687203792 0.2104265402843602 0.10995260663507109 0.11090047393364928
2 0.7649289099526067 0.21943127962085307 0.0966824644549763 0.1004739336492891
9 0.6924170616113744 0.22464454976303316 0.07772511848341232 0.08530805687203792
9 0.6355450236966824 0.23127962085308057 0.07582938388625593 0.08341232227488152
1 0.581042654028436 0.23886255924170616 0.07203791469194312 0.07772511848341232
6 0.5582938388625592 0.26350710900473934 0.05687203791469194 0.06824644549763033
6 0.5521327014218009 0.3028436018957346 0.04454976303317536 0.06540284360189573
8 0.4985781990521327 0.9241706161137441 0.06255924170616113 0.11184834123222749
8 0.44360189573459713 0.9469194312796209 0.1061611374407583 0.1061611374407583
9 0.3862559241706161 0.9691943127962085 0.07109004739336493 0.061611374407582936
9 0.3341232227488152 0.975829383886256 0.07298578199052133 0.04834123222748815
1 0.2824644549763033 0.9862559241706161 0.07962085308056872 0.027488151658767772
6 0.1938388625592417 0.9739336492890995 0.09194312796208531 0.052132701421800945
4 0.8241706161137441 0.7303317535545024 0.046445497630331754 0.04739336492890995
5 0.7563981042654029 0.7033175355450237 0.04075829383886256 0.04075829383886256
1 0.6815165876777252 0.6966824644549763 0.07298578199052133 0.07014218009478673
1 0.5985781990521327 0.8786729857819905 0.07298578199052133 0.06635071090047394
6 0.6303317535545023 0.7090047393364929 0.06255924170616113 0.06445497630331753
6 0.5758293838862559 0.8374407582938389 0.06066350710900474 0.05687203791469194
6 0.5753554502369668 0.785781990521327 0.08151658767772511 0.07867298578199051
6 0.5943127962085308 0.7364928909952607 0.08625592417061612 0.07677725118483412