8 0.9748815165876777 0.013270142180094787 0.05023696682464455 0.026540284360189573
8 0.976303317535545 0.047867298578199054 0.04739336492890995 0.07109004739336493
9 0.9772511848341232 0.0976303317535545 0.04549763033175355 0.054976303317535544
9 0.9767772511848342 0.13933649289099526 0.046445497630331754 0.05308056872037915
1 0.9691943127962085 0.18009478672985782 0.061611374407582936 0.05687203791469194
6 0.9654028436018958 0.2184834123222749 0.05402843601895735 0.046445497630331754
6 0.9440758293838862 0.23838862559241705 0.05118483412322275 0.04549763033175355
6 0.9199052132701422 0.25071090047393363 0.05118483412322275 0.05118483412322275
6 0.8909952606635071 0.25355450236966826 0.046445497630331754 0.04928909952606635
1 0.8530805687203792 0.24834123222748816 0.05402843601895735 0.058767772511848344
9 0.8123222748815165 0.23317535545023696 0.054976303317535544 0.06350710900473934
9 0.776303317535545 0.2104265402843602 0.061611374407582936 0.06635071090047394
8 0.7270142180094786 0.17962085308056872 0.0881516587677725 0.08246445497630332
8 0.6772511848341233 0.14739336492890995 0.061611374407582936 0.06255924170616113
8 0.2071090047393365 0.576303317535545 0.0909952606635071 0.08720379146919431
8 0.14170616113744075 0.547867298578199 0.07962085308056872 0.08056872037914692
9 0.09052132701421801 0.5279620853080569 0.054976303317535544 0.06255924170616113
9 0.04976303317535545 0.5137440758293839 0.055924170616113746 0.05971563981042654
1 0.01990521327014218 0.5028436018957346 0.03981042654028436 0.061611374407582936
9 0.74739336492891 0.5990521327014218 0.07677725118483412 0.08436018957345971
9 0.7146919431279621 0.5672985781990522 0.07488151658767772 0.0881516587677725
1 0.6824644549763034 0.5350710900473934 0.055924170616113746 0.07298578199052133
6 0.6516587677725119 0.5184834123222749 0.04170616113744076 0.06066350710900474
6 0.6137440758293838 0.5151658767772512 0.05781990521327014 0.07677725118483412
6 0.566350710900474 0.5146919431279621 0.06635071090047394 0.08246445497630332
6 0.533649289099526 0.5194312796208531 0.043601895734597156 0.06729857819905213
1 0.5113744075829384 0.5369668246445498 0.058767772511848344 0.07014218009478673
9 0.4890995260663507 0.5677725118483412 0.08056872037914692 0.07772511848341232