3 0.13222748815165877 0.2914691943127962 0.04739336492890995 0.04928909952606635
3 0.1876777251184834 0.3886255924170616 0.04265402843601896 0.04549763033175355
3 0.21374407582938387 0.42938388625592416 0.03886255924170616 0.03696682464454976
8 0.4848341232227488 0.2672985781990521 0.07962085308056872 0.07582938388625593
8 0.45687203791469194 0.3293838862559242 0.07962085308056872 0.07677725118483412
9 0.43364928909952605 0.381042654028436 0.05687203791469194 0.05402843601895735
9 0.42227488151658765 0.4255924170616114 0.058767772511848344 0.058767772511848344
1 0.3914691943127962 0.45545023696682463 0.06255924170616113 0.07582938388625593
6 0.36208530805687206 0.47393364928909953 0.05402843601895735 0.06540284360189573
6 0.33838862559241706 0.48009478672985784 0.05023696682464455 0.06729857819905213
6 0.30947867298578197 0.4829383886255924 0.043601895734597156 0.07962085308056872
6 0.27535545023696684 0.4781990521327014 0.052132701421800945 0.08341232227488152
1 0.23791469194312795 0.4663507109004739 0.05781990521327014 0.08530805687203792
8 0.9876777251184834 0.3161137440758294 0.024644549763033177 0.08625592417061612
8 0.9502369668246445 0.3123222748815166 0.07867298578199051 0.08056872037914692
9 0.8938388625592417 0.3056872037914692 0.052132701421800945 0.06635071090047394
9 0.8478672985781991 0.2985781990521327 0.052132701421800945 0.06445497630331753
1 0.8004739336492891 0.28672985781990523 0.06919431279620854 0.08530805687203792
6 0.762085308056872 0.26255924170616113 0.06445497630331753 0.06919431279620854
6 0.7426540284360189 0.22464454976303316 0.08151658767772511 0.08909952606635071
8 0.3687203791469194 0.9151658767772511 0.09289099526066351 0.0995260663507109
9 0.33744075829383885 0.9682464454976303 0.07203791469194312 0.06350710900473934
9 0.31563981042654027 0.9886255924170616 0.06445497630331753 0.022748815165876776
9 0.10710900473933649 0.9772511848341232 0.06255924170616113 0.04549763033175355
9 0.08767772511848342 0.9459715639810427 0.06635071090047394 0.06350710900473934
8 0.06540284360189573 0.8886255924170616 0.08909952606635071 0.0947867298578199
3 0.9118483412322275 0.9800947867298578 0.054976303317535544 0.03981042654028436
3 0.871563981042654 0.8848341232227488 0.046445497630331754 0.04928909952606635
3 0.8412322274881516 0.8369668246445497 0.05308056872037915 0.05023696682464455
4 0.6943127962085308 0.8236966824644549 0.029383886255924172 0.04549763033175355