8 0.34881516587677724 0.4308056872037915 0.07582938388625593 0.05781990521327014
8 0.3469194312796208 0.37203791469194314 0.07393364928909953 0.08436018957345971
9 0.35260663507109 0.3123222748815166 0.058767772511848344 0.06066350710900474
9 0.35308056872037913 0.27109004739336495 0.05118483412322275 0.05308056872037915
1 0.3696682464454976 0.23791469194312795 0.05402843601895735 0.05402843601895735
6 0.4824644549763033 0.1791469194312796 0.034123222748815164 0.07203791469194312
6 0.45639810426540284 0.1881516587677725 0.05687203791469194 0.07867298578199051
6 0.4213270142180095 0.1981042654028436 0.052132701421800945 0.07014218009478673
6 0.390521327014218 0.2099526066350711 0.05402843601895735 0.061611374407582936
3 0.7246445497630332 0.2919431279620853 0.034123222748815164 0.035071090047393366
8 0.7630331753554502 0.3360189573459716 0.08151658767772511 0.08341232227488152
2 0.5123222748815166 0.2838862559241706 0.025592417061611375 0.046445497630331754
9 0.5284360189573459 0.23270142180094786 0.05781990521327014 0.06350710900473934
1 0.5436018957345972 0.1990521327014218 0.05308056872037915 0.06635071090047394
6 0.5800947867298578 0.17819905213270143 0.052132701421800945 0.06445497630331753
6 0.6118483412322275 0.17582938388625594 0.05118483412322275 0.06635071090047394
6 0.6417061611374407 0.17535545023696683 0.05308056872037915 0.06540284360189573
6 0.6701421800947868 0.18293838862559242 0.061611374407582936 0.06635071090047394
1 0.6971563981042654 0.2052132701421801 0.06255924170616113 0.06350710900473934
9 0.7222748815165877 0.24265402843601896 0.05971563981042654 0.061611374407582936
2 0.24170616113744076 0.5246445497630332 0.07393364928909953 0.05687203791469194
8 0.23222748815165878 0.5748815165876777 0.06919431279620854 0.06350710900473934
9 0.24454976303317535 0.6199052132701421 0.06445497630331753 0.05402843601895735
9 0.25829383886255924 0.6563981042654028 0.06635071090047394 0.055924170616113746
9 0.4895734597156398 0.6943127962085308 0.01990521327014218 0.06350710900473934
1 0.4725118483412322 0.7279620853080568 0.05402843601895735 0.06066350710900474
1 0.27535545023696684 0.6995260663507109 0.06445497630331753 0.061611374407582936
6 0.44691943127962086 0.7649289099526067 0.05687203791469194 0.06255924170616113
6 0.395260663507109 0.7758293838862559 0.06540284360189573 0.06824644549763033
6 0.34218009478672984 0.7654028436018957 0.06919431279620854 0.07677725118483412
6 0.3009478672985782 0.7445497630331753 0.06066350710900474 0.06635071090047394
8 0.9630331753554502 0.6777251184834123 0.07393364928909953 0.07962085308056872
8 0.9170616113744076 0.6402843601895735 0.07203791469194312 0.07867298578199051
8 0.8781990521327014 0.6 0.0909952606635071 0.09573459715639811
1 0.7777251184834123 0.5417061611374407 0.07298578199052133 0.08341232227488152
6 0.7255924170616114 0.5436018957345972 0.06445497630331753 0.07203791469194312
6 0.6744075829383887 0.5734597156398105 0.08151658767772511 0.08341232227488152
6 0.6118483412322275 0.6071090047393365 0.08341232227488152 0.08625592417061612
6 0.5606635071090047 0.6511848341232227 0.06919431279620854 0.08151658767772511