9 0.39478672985781993 0.3872037914691943 0.05023696682464455 0.05781990521327014
1 0.3469194312796208 0.3900473933649289 0.05971563981042654 0.06445497630331753
6 0.3132701421800948 0.4014218009478673 0.05687203791469194 0.054976303317535544
6 0.2791469194312796 0.42227488151658765 0.05781990521327014 0.04928909952606635
6 0.25450236966824646 0.44075829383886256 0.06824644549763033 0.04739336492890995
8 0.43981042654028435 0.5488151658767773 0.03981042654028436 0.08151658767772511
9 0.45071090047393364 0.5104265402843602 0.061611374407582936 0.07488151658767772
9 0.7222748815165877 0.5611374407582939 0.07772511848341232 0.05687203791469194
9 0.4654028436018957 0.46445497630331756 0.07772511848341232 0.07014218009478673
9 0.7203791469194313 0.5199052132701422 0.07867298578199051 0.06919431279620854
1 0.4943127962085308 0.4199052132701422 0.06635071090047394 0.07014218009478673
1 0.7137440758293839 0.46824644549763034 0.07393364928909953 0.07014218009478673
6 0.6990521327014217 0.4208530805687204 0.06445497630331753 0.07014218009478673
6 0.6526066350710901 0.3928909952606635 0.07962085308056872 0.07582938388625593
6 0.5928909952606635 0.376303317535545 0.07772511848341232 0.07014218009478673
2 0.533175355450237 0.3872037914691943 0.052132701421800945 0.05402843601895735
5 0.15260663507109004 0.6616113744075829 0.04265402843601896 0.04454976303317536
3 0.10853080568720379 0.6369668246445498 0.043601895734597156 0.04549763033175355
5 0.0071090047393364926 0.6374407582938388 0.014218009478672985 0.03696682464454976
8 0.7341232227488151 0.9654028436018958 0.07867298578199051 0.06919431279620854
8 0.7995260663507109 0.9578199052132701 0.09004739336492891 0.08436018957345971
9 0.8540284360189574 0.9578199052132701 0.06540284360189573 0.07772511848341232
9 0.9014218009478673 0.9625592417061611 0.06445497630331753 0.07488151658767772
1 0.9464454976303317 0.9563981042654028 0.061611374407582936 0.06255924170616113
6 0.9800947867298578 0.9729857819905213 0.03981042654028436 0.05402843601895735