3 0.14786729857819905 0.16729857819905214 0.05687203791469194 0.06066350710900474
3 0.42417061611374407 0.3687203791469194 0.055924170616113746 0.06066350710900474
9 0.0947867298578199 0.25829383886255924 0.08625592417061612 0.08056872037914692
9 0.08720379146919431 0.318957345971564 0.07962085308056872 0.07488151658767772
1 0.08388625592417062 0.36777251184834125 0.06919431279620854 0.05687203791469194
6 0.09146919431279621 0.4033175355450237 0.05971563981042654 0.03317535545023697
8 0.5530805687203791 0.24597156398104264 0.06729857819905213 0.0938388625592417
8 0.5488151658767773 0.3232227488151659 0.058767772511848344 0.08530805687203792
8 0.5459715639810426 0.3853080568720379 0.05308056872037915 0.06919431279620854
8 0.8293838862559242 0.381042654028436 0.07582938388625593 0.07772511848341232
8 0.7990521327014218 0.4028436018957346 0.07393364928909953 0.034123222748815164
8 0.16445497630331754 0.8876777251184834 0.10710900473933649 0.11184834123222749
8 0.4781990521327014 0.9786729857819905 0.08246445497630332 0.04265402843601896
8 0.4725118483412322 0.9327014218009478 0.0938388625592417 0.0985781990521327
9 0.466824644549763 0.8710900473933649 0.08909952606635071 0.07582938388625593
9 0.4492890995260663 0.8175355450236966 0.09004739336492891 0.07677725118483412
6 0.3990521327014218 0.7796208530805687 0.07582938388625593 0.07677725118483412
6 0.376303317535545 0.7369668246445498 0.0947867298578199 0.09289099526066351
6 0.31516587677725116 0.7374407582938388 0.08909952606635071 0.0938388625592417
6 0.2725118483412322 0.7706161137440758 0.06919431279620854 0.07298578199052133
9 0.21706161137440758 0.7881516587677725 0.08246445497630332 0.0881516587677725
9 0.1848341232227488 0.8327014218009479 0.08056872037914692 0.08151658767772511
3 0.14739336492890995 0.9540284360189574 0.052132701421800945 0.054976303317535544
3 0.614691943127962 0.7317535545023697 0.05023696682464455 0.05308056872037915
8 0.6540284360189573 0.7995260663507109 0.09289099526066351 0.0976303317535545
8 0.9625592417061611 0.662085308056872 0.07488151658767772 0.08436018957345971
8 0.9549763033175356 0.7350710900473933 0.09004739336492891 0.0995260663507109
9 0.9327014218009478 0.828436018957346 0.058767772511848344 0.06066350710900474
1 0.7507109004739336 0.9023696682464455 0.06540284360189573 0.07393364928909953
3 0.6928909952606636 0.8369668246445497 0.04075829383886256 0.04170616113744076
3 0.7208530805687203 0.8639810426540284 0.043601895734597156 0.043601895734597156
1 0.9170616113744076 0.8649289099526066 0.06350710900473934 0.07203791469194312
6 0.885781990521327 0.8886255924170616 0.05308056872037915 0.06350710900473934
6 0.8540284360189574 0.8995260663507109 0.04549763033175355 0.06350710900473934
6 0.8208530805687204 0.9123222748815166 0.04739336492890995 0.06066350710900474
6 0.7848341232227488 0.9127962085308057 0.054976303317535544 0.06919431279620854