8 0.26966824644549764 0.2559241706161137 0.061611374407582936 0.06066350710900474
8 0.2890995260663507 0.2943127962085308 0.06066350710900474 0.031279620853080566
8 0.6687203791469194 0.19478672985781992 0.05308056872037915 0.05402843601895735
8 0.7203791469194313 0.22322274881516588 0.07677725118483412 0.07203791469194312
8 0.9578199052132701 0.021800947867298578 0.05781990521327014 0.043601895734597156
8 0.9701421800947867 0.06872037914691943 0.05971563981042654 0.05971563981042654
9 0.9720379146919431 0.11943127962085308 0.055924170616113746 0.043601895734597156
9 0.9729857819905213 0.16161137440758294 0.05402843601895735 0.04454976303317536
1 0.9729857819905213 0.204739336492891 0.05402843601895735 0.043601895734597156
6 0.9620853080568721 0.24170616113744076 0.04549763033175355 0.03601895734597156
6 0.942654028436019 0.2616113744075829 0.04549763033175355 0.04265402843601896
6 0.919431279620853 0.2777251184834123 0.037914691943127965 0.043601895734597156
6 0.8890995260663507 0.2834123222748815 0.03886255924170616 0.03981042654028436
1 0.8502369668246446 0.28056872037914693 0.043601895734597156 0.054976303317535544
9 0.809478672985782 0.27109004739336495 0.046445497630331754 0.05023696682464455
9 0.771090047393365 0.24928909952606634 0.05118483412322275 0.05687203791469194
8 0.46350710900473935 0.6028436018957346 0.05118483412322275 0.08151658767772511
9 0.3924170616113744 0.5710900473933649 0.05687203791469194 0.06919431279620854
6 0.3402843601895735 0.5635071090047393 0.058767772511848344 0.06729857819905213
6 0.28104265402843603 0.5658767772511848 0.05781990521327014 0.06255924170616113
6 0.22559241706161137 0.5843601895734597 0.07203791469194312 0.06540284360189573
6 0.1924170616113744 0.6199052132701421 0.07014218009478673 0.07014218009478673
8 0.5246445497630332 0.8971563981042654 0.07109004739336493 0.08056872037914692
8 0.5620853080568721 0.8492890995260663 0.07772511848341232 0.07962085308056872
9 0.5616113744075829 0.7900473933649289 0.06255924170616113 0.05118483412322275
9 0.5777251184834123 0.7469194312796209 0.06445497630331753 0.052132701421800945
1 0.580568720379147 0.6962085308056872 0.05402843601895735 0.05781990521327014
6 0.6018957345971564 0.6545023696682465 0.05308056872037915 0.04075829383886256
6 0.6388625592417062 0.6227488151658768 0.05971563981042654 0.06445497630331753
6 0.6872037914691943 0.6123222748815166 0.055924170616113746 0.06729857819905213
6 0.728909952606635 0.6293838862559241 0.04928909952606635 0.06066350710900474
1 0.7606635071090048 0.6549763033175355 0.05687203791469194 0.05687203791469194
9 0.7876777251184834 0.6976303317535545 0.06066350710900474 0.05781990521327014
9 0.8180094786729858 0.7246445497630332 0.05687203791469194 0.055924170616113746
8 0.8355450236966825 0.7739336492890996 0.07582938388625593 0.08151658767772511
8 0.8720379146919431 0.8127962085308057 0.058767772511848344 0.07582938388625593