8 0.035545023696682464 0.17582938388625594 0.06540284360189573 0.07488151658767772
9 0.08720379146919431 0.16682464454976303 0.052132701421800945 0.054976303317535544
9 0.13127962085308056 0.17156398104265402 0.04834123222748815 0.05687203791469194
1 0.1734597156398104 0.17488151658767773 0.06066350710900474 0.05971563981042654
8 0.13317535545023695 0.5042654028436019 0.09004739336492891 0.08625592417061612
8 0.18672985781990523 0.46161137440758293 0.0938388625592417 0.09194312796208531
9 0.22654028436018958 0.42369668246445497 0.06066350710900474 0.05971563981042654
9 0.24834123222748816 0.38909952606635073 0.06066350710900474 0.05402843601895735
1 0.2677725118483412 0.352132701421801 0.08056872037914692 0.06445497630331753
6 0.2909952606635071 0.3080568720379147 0.05781990521327014 0.04834123222748815
6 0.290521327014218 0.26303317535545023 0.06445497630331753 0.06255924170616113
6 0.27014218009478674 0.2132701421800948 0.06066350710900474 0.05971563981042654
6 0.22559241706161137 0.1872037914691943 0.058767772511848344 0.06540284360189573
2 0.6454976303317536 0.24881516587677724 0.07488151658767772 0.07109004739336493
9 0.5886255924170616 0.26398104265402844 0.054976303317535544 0.06824644549763033
9 0.5459715639810426 0.27630331753554505 0.05118483412322275 0.061611374407582936
1 0.5028436018957346 0.2862559241706161 0.05308056872037915 0.05971563981042654
6 0.4601895734597156 0.2786729857819905 0.05023696682464455 0.04454976303317536
6 0.43364928909952605 0.26303317535545023 0.04834123222748815 0.04265402843601896
8 0.25924170616113745 0.9696682464454977 0.08246445497630332 0.06066350710900474
3 0.9042654028436019 0.7033175355450237 0.037914691943127965 0.037914691943127965
3 0.8322274881516588 0.6815165876777252 0.037914691943127965 0.03696682464454976
9 0.7853080568720379 0.662085308056872 0.05023696682464455 0.06445497630331753
9 0.737914691943128 0.6597156398104266 0.05781990521327014 0.06066350710900474
1 0.6933649289099526 0.6611374407582938 0.05402843601895735 0.05971563981042654
6 0.6492890995260664 0.6734597156398104 0.05781990521327014 0.061611374407582936
6 0.6127962085308057 0.6995260663507109 0.06919431279620854 0.06824644549763033