8 0.44407582938388623 0.011848341232227487 0.06919431279620854 0.023696682464454975
8 0.21137440758293838 0.27109004739336495 0.07014218009478673 0.06824644549763033
8 0.2895734597156398 0.27582938388625594 0.07677725118483412 0.07203791469194312
8 0.35687203791469196 0.28104265402843603 0.06350710900473934 0.07109004739336493
2 0.4075829383886256 0.26919431279620853 0.037914691943127965 0.04928909952606635
9 0.4483412322274882 0.2611374407582938 0.03981042654028436 0.052132701421800945
9 0.48104265402843605 0.030805687203791468 0.04265402843601896 0.046445497630331754
9 0.5085308056872038 0.06018957345971564 0.04454976303317536 0.04454976303317536
1 0.4872037914691943 0.24597156398104264 0.04265402843601896 0.055924170616113746
1 0.5355450236966824 0.0938388625592417 0.054976303317535544 0.046445497630331754
6 0.5454976303317536 0.13744075829383887 0.04834123222748815 0.037914691943127965
6 0.5454976303317536 0.17251184834123223 0.04834123222748815 0.03981042654028436
6 0.5374407582938389 0.2018957345971564 0.04739336492890995 0.037914691943127965
6 0.5175355450236967 0.22701421800947869 0.043601895734597156 0.046445497630331754
3 0.6109004739336493 0.33791469194312795 0.035071090047393366 0.023696682464454975
9 0.5834123222748815 0.32559241706161135 0.027488151658767772 0.04834123222748815
4 0.2023696682464455 0.7056872037914692 0.03696682464454976 0.035071090047393366
4 0.18909952606635072 0.7488151658767772 0.035071090047393366 0.034123222748815164
9 0.1872037914691943 0.795260663507109 0.05402843601895735 0.05308056872037915
1 0.16492890995260664 0.8341232227488151 0.04928909952606635 0.05308056872037915
2 0.2184834123222749 0.6521327014218009 0.06729857819905213 0.07014218009478673
1 0.013744075829383886 0.8469194312796209 0.027488151658767772 0.05781990521327014
6 0.04265402843601896 0.8549763033175355 0.043601895734597156 0.05687203791469194
6 0.07677725118483412 0.8592417061611375 0.037914691943127965 0.05402843601895735
6 0.11042654028436019 0.8606635071090047 0.03696682464454976 0.054976303317535544
6 0.14360189573459717 0.8592417061611375 0.04454976303317536 0.055924170616113746
8 0.7099526066350711 0.6985781990521327 0.07203791469194312 0.07772511848341232
9 0.7312796208530805 0.7549763033175355 0.05402843601895735 0.05402843601895735
9 0.9886255924170616 0.7492890995260664 0.022748815165876776 0.05971563981042654
9 0.9781990521327014 0.7933649289099526 0.043601895734597156 0.06066350710900474
9 0.7568720379146919 0.7909952606635071 0.05023696682464455 0.052132701421800945
1 0.9502369668246445 0.8255924170616113 0.046445497630331754 0.06066350710900474
6 0.9213270142180094 0.8454976303317535 0.04170616113744076 0.06635071090047394
6 0.8872037914691943 0.8530805687203792 0.04170616113744076 0.06255924170616113
6 0.8502369668246446 0.8559241706161137 0.03222748815165877 0.06066350710900474
6 0.8184834123222748 0.8469194312796209 0.04075829383886256 0.06729857819905213
1 0.7843601895734598 0.8260663507109005 0.04834123222748815 0.07298578199052133