9 0.06350710900473934 0.46350710900473935 0.06350710900473934 0.04834123222748815
9 0.06398104265402843 0.4146919431279621 0.06350710900473934 0.05402843601895735
1 0.05545023696682464 0.36540284360189573 0.061611374407582936 0.06729857819905213
3 0.08578199052132701 0.3251184834123223 0.037914691943127965 0.03981042654028436
6 0.11516587677725118 0.27061611374407585 0.06350710900473934 0.06729857819905213
6 0.17014218009478674 0.25260663507109005 0.05971563981042654 0.06066350710900474
6 0.2241706161137441 0.26018957345971566 0.046445497630331754 0.05687203791469194
1 0.26966824644549764 0.28104265402843603 0.06729857819905213 0.07014218009478673
9 0.31469194312796206 0.34881516587677724 0.05971563981042654 0.06350710900473934
8 0.35687203791469196 0.3872037914691943 0.07772511848341232 0.08151658767772511
8 0.3924170616113744 0.43838862559241704 0.08341232227488152 0.0881516587677725
8 0.9511848341232227 0.32748815165876777 0.07677725118483412 0.07488151658767772
8 0.8862559241706162 0.34739336492890993 0.08151658767772511 0.08720379146919431
9 0.833175355450237 0.38341232227488153 0.052132701421800945 0.05402843601895735
9 0.7872037914691943 0.3819905213270142 0.046445497630331754 0.05402843601895735
1 0.7407582938388626 0.390521327014218 0.052132701421800945 0.05023696682464455
6 0.7118483412322275 0.3701421800947867 0.04265402843601896 0.04265402843601896
6 0.6772511848341233 0.3748815165876777 0.04454976303317536 0.04265402843601896
6 0.6635071090047393 0.34739336492890993 0.04739336492890995 0.037914691943127965
6 0.6511848341232227 0.3161137440758294 0.04739336492890995 0.03601895734597156