8 0.21990521327014217 0.4137440758293839 0.07677725118483412 0.07298578199052133
8 0.5464454976303318 0.35545023696682465 0.06540284360189573 0.07962085308056872
9 0.23364928909952606 0.3075829383886256 0.06255924170616113 0.052132701421800945
9 0.5180094786729857 0.26872037914691943 0.06350710900473934 0.054976303317535544
9 0.24881516587677724 0.2677725118483412 0.06066350710900474 0.05687203791469194
1 0.26587677725118486 0.22322274881516588 0.05687203791469194 0.05781990521327014
1 0.4606635071090047 0.204739336492891 0.04549763033175355 0.04549763033175355
9 0.4909952606635071 0.23554502369668245 0.061611374407582936 0.054976303317535544
6 0.4251184834123223 0.18104265402843603 0.04739336492890995 0.043601895734597156
6 0.2966824644549763 0.1943127962085308 0.04549763033175355 0.03981042654028436
6 0.33364928909952607 0.17298578199052134 0.054976303317535544 0.04928909952606635
6 0.38293838862559243 0.16350710900473933 0.05781990521327014 0.052132701421800945
8 0.6582938388625592 0.27440758293838863 0.08530805687203792 0.08625592417061612
4 0.5990521327014218 0.2900473933649289 0.03981042654028436 0.04170616113744076
9 0.07819905213270142 0.909952606635071 0.08246445497630332 0.08341232227488152
1 0.11848341232227488 0.8625592417061612 0.07014218009478673 0.08151658767772511
6 0.16635071090047393 0.837914691943128 0.06255924170616113 0.08056872037914692
6 0.22511848341232227 0.8327014218009479 0.07962085308056872 0.08909952606635071
6 0.2966824644549763 0.8696682464454977 0.08720379146919431 0.08909952606635071
6 0.33933649289099527 0.895260663507109 0.07677725118483412 0.07203791469194312
3 0.6862559241706161 0.7834123222748816 0.037914691943127965 0.043601895734597156
2 0.6919431279620853 0.8492890995260663 0.0995260663507109 0.08341232227488152
3 0.6848341232227488 0.9018957345971564 0.037914691943127965 0.043601895734597156
8 0.6791469194312796 0.95260663507109 0.07772511848341232 0.06635071090047394
1 0.6763033175355451 0.9881516587677726 0.06540284360189573 0.023696682464454975