8 0.057345971563981045 0.014691943127962086 0.0881516587677725 0.029383886255924172
3 0.16161137440758294 0.016113744075829384 0.035071090047393366 0.03222748815165877
1 0.22464454976303316 0.016113744075829384 0.058767772511848344 0.03222748815165877
6 0.2824644549763033 0.011848341232227487 0.06066350710900474 0.023696682464454975
3 0.4786729857819905 0.5639810426540285 0.03601895734597156 0.03696682464454976
4 0.4919431279620853 0.6123222748815166 0.03222748815165877 0.031279620853080566
3 0.25687203791469193 0.7341232227488151 0.04265402843601896 0.04265402843601896
9 0.504739336492891 0.6611374407582938 0.052132701421800945 0.052132701421800945
1 0.504739336492891 0.704739336492891 0.05308056872037915 0.05402843601895735
6 0.5 0.7374407582938388 0.052132701421800945 0.05687203791469194
6 0.48009478672985784 0.7578199052132701 0.04739336492890995 0.05308056872037915
6 0.45687203791469194 0.7834123222748816 0.04834123222748815 0.05687203791469194
6 0.4312796208530806 0.7862559241706161 0.04739336492890995 0.05687203791469194
1 0.3900473933649289 0.7914691943127962 0.05118483412322275 0.058767772511848344
8 0.9436018957345972 0.7535545023696683 0.058767772511848344 0.05971563981042654
8 0.9440758293838862 0.70521327014218 0.06445497630331753 0.06729857819905213
9 0.9507109004739337 0.6592417061611374 0.06066350710900474 0.05118483412322275
9 0.9592417061611375 0.6213270142180095 0.058767772511848344 0.05118483412322275
1 0.9706161137440759 0.5824644549763033 0.05402843601895735 0.055924170616113746
6 0.9838862559241706 0.542654028436019 0.03222748815165877 0.055924170616113746