8 0.23649289099526066 0.12938388625592417 0.08530805687203792 0.0947867298578199
9 0.13933649289099526 0.08862559241706161 0.06729857819905213 0.07677725118483412
1 0.08483412322274882 0.08151658767772511 0.054976303317535544 0.06540284360189573
6 0.031279620853080566 0.07488151658767772 0.06255924170616113 0.061611374407582936
6 0.016113744075829384 0.1033175355450237 0.03222748815165877 0.07203791469194312
3 0.190521327014218 0.13412322274881516 0.031279620853080566 0.035071090047393366
9 0.6407582938388625 0.06492890995260664 0.04170616113744076 0.05402843601895735
8 0.7933649289099526 0.32132701421800947 0.06824644549763033 0.06824644549763033
8 0.8023696682464455 0.25924170616113745 0.06729857819905213 0.07014218009478673
9 0.8109004739336493 0.20568720379146918 0.05023696682464455 0.046445497630331754
9 0.8137440758293839 0.16540284360189572 0.04928909952606635 0.046445497630331754
1 0.8018957345971564 0.12559241706161137 0.055924170616113746 0.04834123222748815
1 0.6753554502369669 0.05829383886255924 0.04928909952606635 0.05781990521327014
6 0.7890995260663507 0.0966824644549763 0.055924170616113746 0.043601895734597156
6 0.7677725118483413 0.07867298578199051 0.05118483412322275 0.04454976303317536
6 0.7398104265402844 0.06492890995260664 0.04454976303317536 0.04454976303317536
6 0.7080568720379147 0.05260663507109005 0.04075829383886256 0.05023696682464455
3 0.32085308056872036 0.5639810426540285 0.03696682464454976 0.04170616113744076
8 0.3758293838862559 0.5327014218009478 0.06729857819905213 0.07298578199052133
9 0.4199052132701422 0.5156398104265403 0.054976303317535544 0.05308056872037915
9 0.46445497630331756 0.5137440758293839 0.058767772511848344 0.04928909952606635
1 0.5118483412322274 0.5127962085308057 0.05687203791469194 0.04739336492890995
6 0.5535545023696683 0.5184834123222749 0.05402843601895735 0.05402843601895735
6 0.5867298578199052 0.533175355450237 0.06635071090047394 0.06729857819905213
6 0.6033175355450237 0.5748815165876777 0.03317535545023697 0.06540284360189573
6 0.6345971563981042 0.9786729857819905 0.029383886255924172 0.04265402843601896
6 0.6639810426540285 0.9706161137440759 0.03696682464454976 0.046445497630331754
6 0.6909952606635071 0.9554502369668246 0.03696682464454976 0.046445497630331754
6 0.7137440758293839 0.9350710900473934 0.037914691943127965 0.04834123222748815
6 0.7303317535545024 0.9104265402843602 0.04928909952606635 0.052132701421800945