3 0.013270142180094787 0.295260663507109 0.026540284360189573 0.04454976303317536
6 0.07298578199052133 0.27677725118483415 0.07393364928909953 0.07298578199052133
6 0.12654028436018958 0.3004739336492891 0.07298578199052133 0.07488151658767772
6 0.15829383886255924 0.34502369668246446 0.06729857819905213 0.06635071090047394
9 0.17535545023696683 0.3962085308056872 0.07109004739336493 0.06635071090047394
3 0.16398104265402844 0.43554502369668247 0.04549763033175355 0.008530805687203791
8 0.9497630331753555 0.38957345971563984 0.07677725118483412 0.07962085308056872
8 0.9251184834123223 0.4265402843601896 0.07772511848341232 0.026540284360189573
8 0.6388625592417062 0.3639810426540284 0.07962085308056872 0.08341232227488152
8 0.6488151658767772 0.4137440758293839 0.08056872037914692 0.052132701421800945
4 0.07677725118483412 0.5085308056872038 0.03601895734597156 0.034123222748815164
4 0.13649289099526066 0.5440758293838862 0.03601895734597156 0.034123222748815164
1 0.011848341232227487 0.5127962085308057 0.023696682464454975 0.0909952606635071
6 0.03033175355450237 0.48578199052132703 0.06066350710900474 0.06919431279620854
9 0.17488151658767773 0.5739336492890995 0.06729857819905213 0.06255924170616113
9 0.1815165876777251 0.614218009478673 0.06824644549763033 0.05781990521327014
8 0.18341232227488152 0.6606635071090048 0.08056872037914692 0.07203791469194312
8 0.1872037914691943 0.7 0.06635071090047394 0.03696682464454976
1 0.1080568720379147 0.5218009478672986 0.03981042654028436 0.043601895734597156
8 0.8208530805687204 0.843127962085308 0.0947867298578199 0.0881516587677725
8 0.7881516587677725 0.7753554502369668 0.09194312796208531 0.08530805687203792
9 0.9938388625592417 0.5502369668246445 0.012322274881516588 0.07298578199052133
9 0.9710900473933649 0.5255924170616114 0.05781990521327014 0.07867298578199051
3 0.7606635071090048 0.728909952606635 0.03886255924170616 0.03886255924170616
3 0.7545023696682465 0.6895734597156398 0.04075829383886256 0.04075829383886256
1 0.9260663507109005 0.5127962085308057 0.06255924170616113 0.07962085308056872
6 0.8810426540284361 0.5066350710900474 0.04928909952606635 0.06824644549763033
6 0.8393364928909952 0.5151658767772512 0.06066350710900474 0.07298578199052133
6 0.7909952606635071 0.5454976303317536 0.06729857819905213 0.07393364928909953
6 0.7748815165876777 0.581042654028436 0.05118483412322275 0.04928909952606635
1 0.7554502369668247 0.6274881516587678 0.06919431279620854 0.06824644549763033