5 0.009478672985781991 0.4483412322274882 0.018957345971563982 0.04549763033175355
8 0.26445497630331755 0.48530805687203793 0.06540284360189573 0.06919431279620854
9 0.012796208530805687 0.5023696682464455 0.025592417061611375 0.05308056872037915
9 0.23222748815165878 0.5227488151658768 0.055924170616113746 0.05781990521327014
9 0.1990521327014218 0.5483412322274882 0.06066350710900474 0.061611374407582936
1 0.16635071090047393 0.576303317535545 0.046445497630331754 0.055924170616113746
1 0.02227488151658768 0.5440758293838862 0.04454976303317536 0.058767772511848344
6 0.13507109004739337 0.5706161137440758 0.04265402843601896 0.05687203791469194
6 0.1052132701421801 0.5800947867298578 0.04075829383886256 0.07298578199052133
6 0.07488151658767772 0.5710900473933649 0.04928909952606635 0.06919431279620854
6 0.05071090047393365 0.5511848341232227 0.04739336492890995 0.06445497630331753
3 0.5459715639810426 0.36682464454976305 0.04454976303317536 0.04834123222748815
3 0.5701421800947867 0.32796208530805687 0.043601895734597156 0.043601895734597156
3 0.8184834123222748 0.34407582938388626 0.03317535545023697 0.035071090047393366
8 0.8436018957345972 0.3971563981042654 0.07962085308056872 0.08151658767772511
2 0.6042654028436019 0.27440758293838863 0.052132701421800945 0.04549763033175355
9 0.6412322274881517 0.23222748815165878 0.06824644549763033 0.061611374407582936
1 0.6706161137440758 0.204739336492891 0.05118483412322275 0.06445497630331753
6 0.7113744075829384 0.19478672985781992 0.05023696682464455 0.06350710900473934
6 0.7426540284360189 0.2018957345971564 0.04928909952606635 0.06540284360189573
6 0.771090047393365 0.20900473933649288 0.05118483412322275 0.06350710900473934
6 0.7966824644549763 0.22464454976303316 0.05971563981042654 0.06445497630331753
1 0.8165876777251185 0.25308056872037915 0.06066350710900474 0.06255924170616113
9 0.8303317535545024 0.2962085308056872 0.058767772511848344 0.05971563981042654
8 0.025118483412322274 0.9369668246445497 0.05023696682464455 0.08056872037914692
8 0.7061611374407583 0.8218009478672986 0.07109004739336493 0.06919431279620854
8 0.6682464454976303 0.7767772511848341 0.07772511848341232 0.07488151658767772
8 0.6289099526066351 0.7308056872037915 0.07582938388625593 0.07582938388625593
9 0.609478672985782 0.6848341232227488 0.05308056872037915 0.05402843601895735
9 0.5791469194312796 0.666824644549763 0.05687203791469194 0.035071090047393366