3 0.3090047393364929 0.23601895734597156 0.054976303317535544 0.05781990521327014
8 0.36777251184834125 0.26966824644549764 0.0976303317535545 0.09289099526066351
3 0.4184834123222749 0.3004739336492891 0.03981042654028436 0.04170616113744076
9 0.45876777251184836 0.3194312796208531 0.04170616113744076 0.06824644549763033
8 0.5274881516587677 0.18341232227488152 0.08720379146919431 0.08246445497630332
8 0.5791469194312796 0.22511848341232227 0.0909952606635071 0.09194312796208531
9 0.6279620853080569 0.24739336492890995 0.05971563981042654 0.06729857819905213
9 0.6677725118483412 0.26350710900473934 0.05781990521327014 0.061611374407582936
1 0.7113744075829384 0.26872037914691943 0.05781990521327014 0.055924170616113746
6 0.7469194312796209 0.2563981042654028 0.061611374407582936 0.05687203791469194
6 0.7720379146919432 0.23696682464454977 0.06066350710900474 0.052132701421800945
8 0.2080568720379147 0.5483412322274882 0.09004739336492891 0.09194312796208531
8 0.22274881516587677 0.6127962085308057 0.0909952606635071 0.09289099526066351
9 0.23507109004739338 0.6682464454976303 0.07582938388625593 0.06824644549763033
9 0.23507109004739338 0.7127962085308057 0.07867298578199051 0.06919431279620854
0 0.22322274881516588 0.7644549763033175 0.04834123222748815 0.04075829383886256
0 0.1985781990521327 0.7990521327014218 0.052132701421800945 0.043601895734597156
0 0.06777251184834124 0.8687203791469195 0.04928909952606635 0.052132701421800945
0 0.01943127962085308 0.8398104265402844 0.03886255924170616 0.04928909952606635