8 0.035071090047393366 0.3971563981042654 0.07014218009478673 0.0909952606635071
9 0.0962085308056872 0.404739336492891 0.06350710900473934 0.07488151658767772
9 0.14312796208530806 0.4037914691943128 0.04739336492890995 0.05687203791469194
1 0.190521327014218 0.38909952606635073 0.06729857819905213 0.06824644549763033
6 0.21753554502369668 0.3635071090047393 0.06729857819905213 0.05781990521327014
6 0.24312796208530807 0.35071090047393366 0.07298578199052133 0.05971563981042654
6 0.25734597156398104 0.3227488151658768 0.07582938388625593 0.052132701421800945
8 0.7625592417061612 0.25402843601895736 0.10426540284360189 0.11469194312796209
8 0.7061611374407583 0.20900473933649288 0.09573459715639811 0.10995260663507109
9 0.6611374407582938 0.16492890995260664 0.08341232227488152 0.09004739336492891
9 0.614218009478673 0.13364928909952606 0.07962085308056872 0.08720379146919431
1 0.566824644549763 0.11137440758293839 0.06635071090047394 0.07962085308056872
6 0.5199052132701422 0.10710900473933649 0.061611374407582936 0.07393364928909953
6 0.314218009478673 0.9729857819905213 0.07109004739336493 0.05402843601895735
6 0.35355450236966823 0.9549763033175356 0.06919431279620854 0.07677725118483412
6 0.4028436018957346 0.9445497630331754 0.058767772511848344 0.055924170616113746
1 0.44739336492890996 0.942654028436019 0.06540284360189573 0.07298578199052133
8 0.8440758293838863 0.7706161137440758 0.0995260663507109 0.022748815165876776