6 0.1957345971563981 0.36635071090047394 0.07109004739336493 0.025592417061611375
8 0.9454976303317536 0.36729857819905215 0.06919431279620854 0.023696682464454975
4 0.9862559241706161 0.36777251184834125 0.027488151658767772 0.022748815165876776
8 0.295260663507109 0.4895734597156398 0.08625592417061612 0.07677725118483412
8 0.36540284360189573 0.5080568720379147 0.07677725118483412 0.07488151658767772
9 0.42227488151658765 0.5165876777251185 0.04928909952606635 0.058767772511848344
9 0.46492890995260666 0.5293838862559241 0.05118483412322275 0.05402843601895735
1 0.5123222748815166 0.5279620853080569 0.04928909952606635 0.06255924170616113
6 0.5464454976303318 0.5180094786729857 0.046445497630331754 0.05781990521327014
6 0.5639810426540285 0.5090047393364929 0.011374407582938388 0.037914691943127965
8 0.7170616113744076 0.7374407582938388 0.0881516587677725 0.08909952606635071
9 0.7374407582938388 0.6758293838862559 0.07582938388625593 0.06445497630331753
9 0.7568720379146919 0.6298578199052133 0.07393364928909953 0.06729857819905213
6 0.8170616113744076 0.5597156398104265 0.05308056872037915 0.06824644549763033
6 0.8672985781990521 0.5492890995260663 0.07014218009478673 0.07203791469194312
6 0.9289099526066351 0.5488151658767773 0.06540284360189573 0.06919431279620854
6 0.9739336492890995 0.556872037914692 0.052132701421800945 0.06729857819905213
1 0.7843601895734598 0.5914691943127962 0.06445497630331753 0.08246445497630332
1 0.985781990521327 0.590521327014218 0.02843601895734597 0.07962085308056872