8 0.1843601895734597 0.4156398104265403 0.07109004739336493 0.07393364928909953
9 0.2104265402843602 0.46777251184834123 0.07582938388625593 0.07014218009478673
9 0.22369668246445498 0.4938388625592417 0.06066350710900474 0.03222748815165877
8 0.5303317535545023 0.3900473933649289 0.07867298578199051 0.0881516587677725
8 0.4933649289099526 0.45213270142180095 0.07582938388625593 0.08246445497630332
9 0.46350710900473935 0.49146919431279623 0.06255924170616113 0.03696682464454976
8 0.6829383886255924 0.47488151658767774 0.08625592417061612 0.07014218009478673
9 0.6781990521327014 0.4260663507109005 0.061611374407582936 0.058767772511848344
9 0.6763033175355451 0.37867298578199055 0.055924170616113746 0.06066350710900474
1 0.6592417061611374 0.34976303317535545 0.03886255924170616 0.06635071090047394
6 0.6502369668246446 0.31990521327014215 0.02085308056872038 0.07109004739336493
8 0.02037914691943128 0.6962085308056872 0.04075829383886256 0.1052132701421801
9 0.027962085308056873 0.6417061611374407 0.055924170616113746 0.07014218009478673
9 0.06255924170616113 0.6222748815165877 0.07393364928909953 0.07772511848341232
1 0.1052132701421801 0.6052132701421801 0.06824644549763033 0.07298578199052133
3 0.14502369668246445 0.6127962085308057 0.03222748815165877 0.03317535545023697
3 0.262085308056872 0.6654028436018957 0.034123222748815164 0.03317535545023697
3 0.2739336492890995 0.7402843601895734 0.037914691943127965 0.04170616113744076
3 0.2616113744075829 0.8919431279620853 0.031279620853080566 0.03886255924170616