8 0.2004739336492891 0.44597156398104265 0.0995260663507109 0.08909952606635071
9 0.22748815165876776 0.4033175355450237 0.08625592417061612 0.08436018957345971
9 0.5421800947867299 0.4834123222748815 0.0909952606635071 0.03222748815165877
9 0.5383886255924171 0.46161137440758293 0.08246445497630332 0.07393364928909953
9 0.26919431279620853 0.3701421800947867 0.08151658767772511 0.07962085308056872
1 0.3080568720379147 0.34739336492890993 0.07962085308056872 0.09194312796208531
6 0.35450236966824644 0.3350710900473934 0.07109004739336493 0.08720379146919431
6 0.4042654028436019 0.33222748815165876 0.07677725118483412 0.09194312796208531
6 0.45876777251184836 0.3464454976303318 0.06919431279620854 0.08056872037914692
6 0.4995260663507109 0.37251184834123224 0.06350710900473934 0.07677725118483412
1 0.5255924170616114 0.4127962085308057 0.07203791469194312 0.07014218009478673
1 0.9895734597156398 0.24739336492890995 0.02085308056872038 0.08720379146919431
6 0.9635071090047393 0.2554502369668246 0.06824644549763033 0.07109004739336493
6 0.9066350710900474 0.25260663507109005 0.08530805687203792 0.08151658767772511
3 0.47014218009478675 0.7137440758293839 0.054976303317535544 0.055924170616113746
3 0.44407582938388623 0.7729857819905214 0.04928909952606635 0.04928909952606635
6 0.36255924170616116 0.8886255924170616 0.055924170616113746 0.06919431279620854
6 0.3289099526066351 0.9 0.05308056872037915 0.06635071090047394
6 0.2824644549763033 0.8943127962085308 0.05402843601895735 0.06540284360189573
6 0.24739336492890995 0.885308056872038 0.054976303317535544 0.06066350710900474
1 0.2184834123222749 0.8587677725118483 0.06350710900473934 0.07109004739336493
1 0.4 0.8606635071090047 0.06445497630331753 0.06729857819905213
9 0.1943127962085308 0.8199052132701422 0.061611374407582936 0.06445497630331753
9 0.42890995260663506 0.8255924170616113 0.06540284360189573 0.06540284360189573
9 0.15308056872037915 0.7919431279620853 0.06824644549763033 0.06919431279620854
3 0.16350710900473933 0.7246445497630332 0.03696682464454976 0.03601895734597156
3 0.5018957345971564 0.6540284360189573 0.058767772511848344 0.055924170616113746
8 0.8123222748815165 0.5521327014218009 0.0995260663507109 0.10426540284360189
8 0.8151658767772512 0.6303317535545023 0.08720379146919431 0.09289099526066351
1 0.9886255924170616 0.8473933649289099 0.022748815165876776 0.07582938388625593
6 0.9715639810426541 0.8535545023696682 0.05687203791469194 0.08056872037914692
6 0.9379146919431279 0.8473933649289099 0.05118483412322275 0.07298578199052133
6 0.8995260663507109 0.8398104265402844 0.054976303317535544 0.07393364928909953
6 0.8725118483412322 0.8236966824644549 0.05781990521327014 0.07582938388625593
1 0.8483412322274881 0.7872037914691943 0.06729857819905213 0.07488151658767772
9 0.8165876777251185 0.6962085308056872 0.07109004739336493 0.07393364928909953
3 0.8327014218009479 0.7459715639810427 0.05118483412322275 0.055924170616113746