9 0.22511848341232227 0.013270142180094787 0.06729857819905213 0.026540284360189573
1 0.18578199052132702 0.025118483412322274 0.06255924170616113 0.05023696682464455
1 0.03933649289099526 0.007582938388625593 0.05971563981042654 0.015165876777251185
6 0.15687203791469195 0.026540284360189573 0.04834123222748815 0.05308056872037915
6 0.12701421800947868 0.026540284360189573 0.04739336492890995 0.05308056872037915
6 0.0947867298578199 0.02132701421800948 0.04739336492890995 0.04265402843601896
6 0.06824644549763033 0.017535545023696683 0.05308056872037915 0.035071090047393366
8 0.690521327014218 0.06872037914691943 0.0995260663507109 0.1014218009478673
4 0.7535545023696683 0.11090047393364928 0.03981042654028436 0.04075829383886256
9 0.790521327014218 0.15118483412322276 0.06066350710900474 0.06540284360189573
9 0.8303317535545024 0.1734597156398104 0.058767772511848344 0.061611374407582936
1 0.8753554502369668 0.18862559241706162 0.058767772511848344 0.061611374407582936
6 0.9175355450236967 0.18672985781990523 0.06066350710900474 0.06066350710900474
6 0.9454976303317536 0.17203791469194313 0.05781990521327014 0.05308056872037915
8 0.4075829383886256 0.7677725118483413 0.08341232227488152 0.0909952606635071
8 0.37725118483412323 0.8232227488151659 0.08246445497630332 0.07867298578199051
9 0.34312796208530805 0.8606635071090047 0.06540284360189573 0.06824644549763033
9 0.3052132701421801 0.8843601895734597 0.058767772511848344 0.06066350710900474
9 0.11753554502369669 0.6853080568720379 0.05971563981042654 0.05402843601895735
9 0.10758293838862559 0.7274881516587678 0.061611374407582936 0.05971563981042654
9 0.1037914691943128 0.7748815165876777 0.05971563981042654 0.05971563981042654
1 0.1080568720379147 0.8293838862559242 0.06824644549763033 0.07109004739336493
1 0.26350710900473934 0.9071090047393365 0.06445497630331753 0.07014218009478673
6 0.2241706161137441 0.9080568720379147 0.05971563981042654 0.06255924170616113
6 0.18862559241706162 0.9018957345971564 0.04834123222748815 0.06635071090047394
6 0.15308056872037915 0.8843601895734597 0.05118483412322275 0.054976303317535544
6 0.12464454976303317 0.8658767772511848 0.06066350710900474 0.06350710900473934
8 0.9104265402843602 0.7938388625592417 0.07203791469194312 0.08056872037914692
8 0.8478672985781991 0.7966824644549763 0.08246445497630332 0.0909952606635071
9 0.7933649289099526 0.7900473933649289 0.05781990521327014 0.06255924170616113
9 0.7464454976303317 0.790521327014218 0.061611374407582936 0.06919431279620854
1 0.6872037914691943 0.7943127962085308 0.061611374407582936 0.06635071090047394
6 0.6402843601895735 0.7744075829383886 0.05971563981042654 0.05308056872037915
6 0.6180094786729858 0.7436018957345971 0.07109004739336493 0.06255924170616113
6 0.5976303317535545 0.6976303317535545 0.07298578199052133 0.061611374407582936