9 0.1990521327014218 0.02227488151658768 0.05118483412322275 0.04454976303317536
9 0.17488151658767773 0.05924170616113744 0.04549763033175355 0.058767772511848344
1 0.13838862559241707 0.08104265402843602 0.043601895734597156 0.06445497630331753
3 0.01800947867298578 0.06208530805687204 0.03601895734597156 0.04075829383886256
3 0.06587677725118483 0.07156398104265403 0.037914691943127965 0.04170616113744076
6 0.0995260663507109 0.08720379146919431 0.04549763033175355 0.06919431279620854
8 0.752132701421801 0.01848341232227488 0.07488151658767772 0.03696682464454976
8 0.01848341232227488 0.7502369668246446 0.03696682464454976 0.06729857819905213
8 0.022748815165876776 0.6933649289099526 0.04549763033175355 0.07298578199052133
9 0.025118483412322274 0.6407582938388625 0.05023696682464455 0.04928909952606635
9 0.035545023696682464 0.6023696682464454 0.06066350710900474 0.052132701421800945
1 0.04834123222748815 0.5587677725118484 0.05023696682464455 0.05118483412322275
6 0.07630331753554502 0.5364928909952607 0.04454976303317536 0.05971563981042654
6 0.11848341232227488 0.5194312796208531 0.05781990521327014 0.06066350710900474
6 0.17014218009478674 0.5203791469194313 0.05781990521327014 0.06255924170616113
6 0.21469194312796208 0.5298578199052133 0.043601895734597156 0.06824644549763033
1 0.24502369668246446 0.5530805687203791 0.058767772511848344 0.06919431279620854
0 0.271563981042654 0.5966824644549763 0.03696682464454976 0.04265402843601896
0 0.3109004739336493 0.6729857819905213 0.035071090047393366 0.03601895734597156
0 0.3293838862559242 0.7331753554502369 0.031279620853080566 0.035071090047393366
8 0.6914691943127962 0.5279620853080569 0.05781990521327014 0.05781990521327014
8 0.6928909952606636 0.5886255924170616 0.06540284360189573 0.07014218009478673
9 0.6876777251184835 0.6412322274881517 0.05023696682464455 0.04549763033175355
9 0.6862559241706161 0.6886255924170616 0.046445497630331754 0.04928909952606635
5 0.6559241706161137 0.7180094786729858 0.027488151658767772 0.02843601895734597
6 0.6421800947867299 0.7516587677725118 0.03886255924170616 0.04454976303317536
6 0.6161137440758294 0.7644549763033175 0.03601895734597156 0.04454976303317536
6 0.5857819905213271 0.7729857819905214 0.03222748815165877 0.04454976303317536
6 0.557345971563981 0.7725118483412322 0.03886255924170616 0.03886255924170616
1 0.5364928909952607 0.7635071090047393 0.013270142180094787 0.05023696682464455