9 0.5957345971563981 0.3118483412322275 0.06729857819905213 0.06445497630331753
8 0.29289099526066353 0.26587677725118486 0.07772511848341232 0.09004739336492891
9 0.3137440758293839 0.21706161137440758 0.05687203791469194 0.052132701421800945
9 0.3412322274881517 0.18625592417061612 0.052132701421800945 0.05781990521327014
1 0.37772511848341234 0.15402843601895735 0.06445497630331753 0.06540284360189573
9 0.5895734597156398 0.25450236966824646 0.06540284360189573 0.058767772511848344
1 0.5772511848341232 0.1990521327014218 0.07014218009478673 0.06919431279620854
3 0.42796208530805685 0.12369668246445498 0.04170616113744076 0.04549763033175355
3 0.5540284360189573 0.16398104265402844 0.035071090047393366 0.04075829383886256
1 0.6445497630331753 0.08625592417061612 0.03033175355450237 0.05118483412322275
6 0.6729857819905213 0.0995260663507109 0.03981042654028436 0.04834123222748815
6 0.70521327014218 0.11611374407582939 0.03696682464454976 0.037914691943127965
6 0.7350710900473933 0.13981042654028436 0.03601895734597156 0.03696682464454976
4 0.15924170616113745 0.8492890995260663 0.03981042654028436 0.04454976303317536
4 0.1815165876777251 0.8876777251184834 0.034123222748815164 0.03981042654028436
3 0.4308056872037915 0.8606635071090047 0.031279620853080566 0.027488151658767772
9 0.4075829383886256 0.9071090047393365 0.05308056872037915 0.06824644549763033
9 0.38293838862559243 0.9379146919431279 0.04834123222748815 0.055924170616113746
1 0.36018957345971564 0.9601895734597157 0.04454976303317536 0.05308056872037915
6 0.32085308056872036 0.9725118483412323 0.03981042654028436 0.054976303317535544
6 0.2909952606635071 0.9744075829383886 0.03222748815165877 0.05118483412322275
6 0.2616113744075829 0.9720379146919431 0.03033175355450237 0.05023696682464455
6 0.23933649289099526 0.9720379146919431 0.031279620853080566 0.04549763033175355
1 0.20900473933649288 0.9654028436018958 0.046445497630331754 0.05308056872037915
9 0.18625592417061612 0.9436018957345972 0.052132701421800945 0.06066350710900474
5 0.928436018957346 0.8327014218009479 0.03886255924170616 0.04454976303317536
9 0.8672985781990521 0.8383886255924171 0.058767772511848344 0.06729857819905213
9 0.8109004739336493 0.8393364928909952 0.05971563981042654 0.06540284360189573
1 0.7530805687203791 0.8255924170616113 0.055924170616113746 0.06445497630331753
6 0.7170616113744076 0.8099526066350711 0.05402843601895735 0.052132701421800945
6 0.6881516587677725 0.7819905213270142 0.05023696682464455 0.05402843601895735