8 0.23649289099526066 0.2066350710900474 0.07298578199052133 0.07962085308056872
8 0.23270142180094786 0.2876777251184834 0.07488151658767772 0.08436018957345971
9 0.22511848341232227 0.34786729857819904 0.05023696682464455 0.055924170616113746
9 0.209478672985782 0.38957345971563984 0.04834123222748815 0.04549763033175355
1 0.18862559241706162 0.42796208530805685 0.05118483412322275 0.055924170616113746
6 0.16350710900473933 0.45118483412322274 0.05118483412322275 0.058767772511848344
6 0.13791469194312797 0.46492890995260666 0.04454976303317536 0.061611374407582936
6 0.11090047393364928 0.466824644549763 0.043601895734597156 0.06540284360189573
6 0.07914691943127962 0.46445497630331756 0.04834123222748815 0.07014218009478673
1 0.04123222748815166 0.4606635071090047 0.037914691943127965 0.05402843601895735
9 0.015639810426540283 0.44644549763033176 0.031279620853080566 0.05118483412322275
9 0.533175355450237 0.05308056872037915 0.027488151658767772 0.06824644549763033
9 0.5364928909952607 0.3161137440758294 0.034123222748815164 0.05971563981042654
9 0.5540284360189573 0.290521327014218 0.06919431279620854 0.06540284360189573
1 0.5644549763033175 0.06635071090047394 0.07298578199052133 0.07677725118483412
1 0.580568720379147 0.26018957345971566 0.0966824644549763 0.07203791469194312
6 0.5985781990521327 0.09052132701421801 0.06729857819905213 0.061611374407582936
6 0.6322274881516587 0.11753554502369669 0.07962085308056872 0.07488151658767772
6 0.6417061611374407 0.17962085308056872 0.08246445497630332 0.07772511848341232
6 0.6175355450236967 0.22890995260663508 0.0938388625592417 0.054976303317535544
8 0.3113744075829384 0.6298578199052133 0.0938388625592417 0.11090047393364928
3 0.24265402843601896 0.5947867298578199 0.04739336492890995 0.04739336492890995
9 0.1933649289099526 0.5630331753554503 0.07393364928909953 0.08625592417061612
3 0.14691943127962084 0.5540284360189573 0.03886255924170616 0.04454976303317536
1 0.09289099526066351 0.5355450236966824 0.07582938388625593 0.07203791469194312
6 0.03696682464454976 0.547867298578199 0.061611374407582936 0.06540284360189573
6 0.009478672985781991 0.5530805687203791 0.018957345971563982 0.07298578199052133
8 0.8014218009478673 0.5184834123222749 0.07109004739336493 0.037914691943127965
8 0.7535545023696683 0.5312796208530806 0.08341232227488152 0.06350710900473934
8 0.6876777251184835 0.5360189573459716 0.07867298578199051 0.07298578199052133
9 0.6293838862559241 0.5341232227488152 0.05023696682464455 0.061611374407582936
1 0.542654028436019 0.5265402843601896 0.046445497630331754 0.05402843601895735
7 0.5895734597156398 0.5265402843601896 0.046445497630331754 0.05023696682464455