8 0.27582938388625594 0.34170616113744073 0.07488151658767772 0.08151658767772511
8 0.5957345971563981 0.3350710900473934 0.027488151658767772 0.08056872037914692
9 0.5781990521327014 0.4308056872037915 0.058767772511848344 0.05781990521327014
9 0.5601895734597157 0.4658767772511848 0.04170616113744076 0.027488151658767772
9 0.3113744075829384 0.4327014218009479 0.05402843601895735 0.05023696682464455
9 0.32796208530805687 0.46777251184834123 0.05118483412322275 0.023696682464454975
8 0.7535545023696683 0.4037914691943128 0.06919431279620854 0.07014218009478673
8 0.7682464454976303 0.45355450236966827 0.06729857819905213 0.052132701421800945
3 0.4033175355450237 0.9848341232227488 0.03696682464454976 0.03033175355450237
3 0.3933649289099526 0.9488151658767773 0.03886255924170616 0.04075829383886256
3 0.39478672985781993 0.9023696682464455 0.034123222748815164 0.035071090047393366
1 0.5924170616113744 0.7374407582938388 0.034123222748815164 0.07203791469194312
9 0.3914691943127962 0.8535545023696682 0.07203791469194312 0.061611374407582936
1 0.395260663507109 0.8014218009478673 0.06445497630331753 0.061611374407582936
6 0.42274881516587676 0.7672985781990521 0.06066350710900474 0.05781990521327014
6 0.45876777251184836 0.7298578199052133 0.06729857819905213 0.07962085308056872
6 0.5080568720379147 0.7203791469194313 0.06445497630331753 0.07772511848341232
6 0.5601895734597157 0.7203791469194313 0.05687203791469194 0.06729857819905213
8 0.8203791469194313 0.7928909952606635 0.06445497630331753 0.05687203791469194
8 0.8085308056872038 0.75260663507109 0.07109004739336493 0.06445497630331753
9 0.7914691943127962 0.7146919431279621 0.05781990521327014 0.054976303317535544
9 0.7748815165876777 0.6824644549763034 0.058767772511848344 0.05308056872037915
1 0.7530805687203791 0.6445497630331753 0.04549763033175355 0.04834123222748815
6 0.7175355450236967 0.6388625592417062 0.04454976303317536 0.04834123222748815
6 0.6947867298578199 0.6151658767772512 0.052132701421800945 0.052132701421800945
6 0.6459715639810426 0.6208530805687204 0.052132701421800945 0.05402843601895735
4 0.6199052132701421 0.64739336492891 0.02085308056872038 0.02843601895734597