8 0.2028436018957346 0.035071090047393366 0.08530805687203792 0.07014218009478673
8 0.24928909952606634 0.08530805687203792 0.0909952606635071 0.0938388625592417
8 0.5161137440758294 0.00995260663507109 0.08056872037914692 0.01990521327014218
9 0.5208530805687204 0.037914691943127965 0.06540284360189573 0.058767772511848344
9 0.5127962085308057 0.07819905213270142 0.05687203791469194 0.055924170616113746
1 0.4947867298578199 0.11563981042654028 0.05781990521327014 0.06540284360189573
9 0.2886255924170616 0.13033175355450238 0.06066350710900474 0.06066350710900474
9 0.3175355450236967 0.16066350710900473 0.05308056872037915 0.05118483412322275
6 0.4758293838862559 0.14407582938388624 0.05023696682464455 0.07014218009478673
6 0.45118483412322274 0.16587677725118483 0.04739336492890995 0.06445497630331753
6 0.4213270142180095 0.17962085308056872 0.05023696682464455 0.06919431279620854
6 0.3876777251184834 0.18104265402843603 0.04928909952606635 0.06729857819905213
1 0.35118483412322277 0.176303317535545 0.04928909952606635 0.05971563981042654
8 0.7815165876777251 0.44123222748815166 0.07298578199052133 0.07867298578199051
8 0.8398104265402844 0.43412322274881515 0.08341232227488152 0.08625592417061612
3 0.8890995260663507 0.41753554502369666 0.04739336492890995 0.054976303317535544
9 0.9383886255924171 0.4127962085308057 0.06255924170616113 0.07298578199052133
9 0.9753554502369668 0.3957345971563981 0.04928909952606635 0.07298578199052133
8 0.02890995260663507 0.5943127962085308 0.05781990521327014 0.07203791469194312
8 0.03033175355450237 0.6440758293838863 0.06066350710900474 0.06540284360189573
8 0.3066350710900474 0.5990521327014218 0.08909952606635071 0.09573459715639811
8 0.28151658767772514 0.6691943127962086 0.0938388625592417 0.09004739336492891
9 0.22985781990521326 0.7431279620853081 0.06350710900473934 0.06635071090047394
9 0.1957345971563981 0.7748815165876777 0.06445497630331753 0.07203791469194312
1 0.16635071090047393 0.8080568720379147 0.06255924170616113 0.06066350710900474
6 0.06966824644549763 0.8075829383886256 0.05687203791469194 0.04549763033175355
6 0.04928909952606635 0.790521327014218 0.06066350710900474 0.04834123222748815
1 0.03175355450236967 0.7573459715639811 0.06350710900473934 0.054976303317535544
9 0.027488151658767772 0.7161137440758294 0.054976303317535544 0.05402843601895735
3 0.03696682464454976 0.6881516587677725 0.034123222748815164 0.03222748815165877
6 0.12085308056872038 0.8175355450236966 0.054976303317535544 0.05308056872037915
6 0.08909952606635071 0.8251184834123223 0.05687203791469194 0.04928909952606635
3 0.6274881516587678 0.8042654028436019 0.015165876777251185 0.05023696682464455
3 0.6417061611374407 0.8459715639810427 0.043601895734597156 0.04834123222748815
3 0.6682464454976303 0.885308056872038 0.04834123222748815 0.04928909952606635
8 0.9492890995260663 0.7402843601895734 0.06255924170616113 0.06445497630331753
8 0.933175355450237 0.7919431279620853 0.06919431279620854 0.06919431279620854
9 0.9260663507109005 0.8421800947867298 0.06066350710900474 0.06255924170616113
9 0.9203791469194312 0.8947867298578199 0.05402843601895735 0.05781990521327014
1 0.8947867298578199 0.9327014218009478 0.05781990521327014 0.06350710900473934
6 0.8630331753554502 0.9473933649289099 0.04454976303317536 0.05023696682464455
9 0.6919431279620853 0.9260663507109005 0.07014218009478673 0.06066350710900474
1 0.7208530805687203 0.9545023696682464 0.05781990521327014 0.05971563981042654
6 0.828436018957346 0.9625592417061611 0.035071090047393366 0.04834123222748815
6 0.795260663507109 0.9687203791469194 0.03601895734597156 0.04834123222748815
6 0.762085308056872 0.9691943127962085 0.04549763033175355 0.04739336492890995