3 0.2853080568720379 0.23459715639810427 0.046445497630331754 0.046445497630331754
9 0.2876777251184834 0.2838862559241706 0.06350710900473934 0.052132701421800945
8 0.5497630331753555 0.2943127962085308 0.08341232227488152 0.031279620853080566
8 0.5985781990521327 0.2725118483412322 0.09194312796208531 0.07488151658767772
8 0.6654028436018957 0.25402843601895736 0.0909952606635071 0.1014218009478673
9 0.7180094786729858 0.22322274881516588 0.06445497630331753 0.07772511848341232
9 0.7682464454976303 0.2023696682464455 0.06635071090047394 0.08056872037914692
1 0.8213270142180095 0.1881516587677725 0.07109004739336493 0.07014218009478673
6 0.8725118483412322 0.18672985781990523 0.07962085308056872 0.07203791469194312
6 0.9184834123222749 0.2033175355450237 0.08530805687203792 0.07582938388625593
6 0.9502369668246445 0.24312796208530807 0.08341232227488152 0.07582938388625593
8 0.2781990521327014 0.5127962085308057 0.08246445497630332 0.08530805687203792
8 0.24312796208530807 0.5838862559241706 0.07677725118483412 0.08246445497630332
9 0.21137440758293838 0.6341232227488152 0.05687203791469194 0.06255924170616113
9 0.18246445497630331 0.6706161137440758 0.04928909952606635 0.05023696682464455
1 0.14312796208530806 0.6981042654028436 0.06445497630331753 0.08530805687203792
6 0.11184834123222749 0.7203791469194313 0.046445497630331754 0.06919431279620854
6 0.07488151658767772 0.7175355450236967 0.052132701421800945 0.07203791469194312
6 0.03933649289099526 0.7104265402843601 0.05402843601895735 0.07677725118483412
6 0.024170616113744076 0.6962085308056872 0.04834123222748815 0.06919431279620854
1 0.013270142180094787 0.6772511848341233 0.026540284360189573 0.07298578199052133
8 0.5127962085308057 0.4990521327014218 0.06919431279620854 0.07014218009478673
8 0.5151658767772512 0.5497630331753555 0.06824644549763033 0.06350710900473934
8 0.7971563981042654 0.5132701421800948 0.08720379146919431 0.0938388625592417
8 0.7691943127962085 0.5829383886255924 0.0909952606635071 0.08720379146919431
9 0.7151658767772512 0.6549763033175355 0.061611374407582936 0.06445497630331753
9 0.6800947867298578 0.685781990521327 0.06255924170616113 0.07014218009478673
1 0.6497630331753554 0.7180094786729858 0.06066350710900474 0.05971563981042654
6 0.5530805687203791 0.7137440758293839 0.055924170616113746 0.043601895734597156
6 0.533175355450237 0.6962085308056872 0.05971563981042654 0.04739336492890995
1 0.5156398104265403 0.6630331753554503 0.06540284360189573 0.05402843601895735
9 0.5113744075829384 0.6213270142180095 0.058767772511848344 0.052132701421800945
3 0.5246445497630332 0.5933649289099526 0.03317535545023697 0.031279620853080566
6 0.6037914691943128 0.7255924170616114 0.05402843601895735 0.052132701421800945
6 0.571563981042654 0.7317535545023697 0.055924170616113746 0.04834123222748815