8 0.43507109004739336 0.25355450236966826 0.05687203791469194 0.06255924170616113
8 0.4137440758293839 0.2066350710900474 0.06540284360189573 0.06729857819905213
8 0.10900473933649289 0.3009478672985782 0.061611374407582936 0.07582938388625593
9 0.39478672985781993 0.16350710900473933 0.04739336492890995 0.046445497630331754
9 0.37345971563981045 0.12938388625592417 0.05023696682464455 0.05118483412322275
8 0.13033175355450238 0.25355450236966826 0.061611374407582936 0.06540284360189573
9 0.14265402843601896 0.2004739336492891 0.05971563981042654 0.06066350710900474
9 0.15260663507109004 0.15165876777251186 0.06066350710900474 0.055924170616113746
1 0.18293838862559242 0.11374407582938388 0.052132701421800945 0.05308056872037915
1 0.3464454976303318 0.0990521327014218 0.05023696682464455 0.05971563981042654
6 0.3184834123222749 0.08436018957345971 0.04170616113744076 0.046445497630331754
6 0.2843601895734597 0.08246445497630332 0.03696682464454976 0.04549763033175355
6 0.25497630331753557 0.08483412322274882 0.03601895734597156 0.04928909952606635
6 0.22227488151658767 0.0924170616113744 0.03886255924170616 0.04454976303317536
8 0.761611374407583 0.24644549763033174 0.06729857819905213 0.06919431279620854
8 0.8028436018957346 0.1909952606635071 0.07203791469194312 0.07867298578199051
9 0.8222748815165877 0.14028436018957346 0.05023696682464455 0.05023696682464455
9 0.85260663507109 0.11232227488151658 0.04739336492890995 0.05402843601895735
1 0.8914691943127963 0.08578199052132701 0.054976303317535544 0.06066350710900474
3 0.9388625592417061 0.04928909952606635 0.037914691943127965 0.03886255924170616
8 0.03033175355450237 0.6796208530805687 0.06066350710900474 0.03981042654028436
9 0.07914691943127962 0.6663507109004739 0.04265402843601896 0.013270142180094787
6 0.22180094786729856 0.6663507109004739 0.06445497630331753 0.013270142180094787
6 0.26018957345971566 0.6800947867298578 0.07298578199052133 0.04075829383886256