9 0.22180094786729856 0.3938388625592417 0.07203791469194312 0.06350710900473934
9 0.26018957345971566 0.35071090047393366 0.07203791469194312 0.06255924170616113
1 0.2843601895734597 0.3009478672985782 0.06635071090047394 0.07014218009478673
6 0.33222748815165876 0.2781990521327014 0.05781990521327014 0.06066350710900474
6 0.3815165876777251 0.26066350710900477 0.07014218009478673 0.06729857819905213
6 0.43459715639810426 0.2725118483412322 0.05023696682464455 0.055924170616113746
9 0.4976303317535545 0.08436018957345971 0.061611374407582936 0.06066350710900474
9 0.7028436018957346 0.13601895734597155 0.06066350710900474 0.05781990521327014
9 0.5 0.12464454976303317 0.05971563981042654 0.061611374407582936
9 0.6800947867298578 0.17014218009478674 0.06255924170616113 0.061611374407582936
1 0.5170616113744075 0.15545023696682464 0.04928909952606635 0.06255924170616113
1 0.647867298578199 0.1933649289099526 0.05971563981042654 0.061611374407582936
6 0.6180094786729858 0.2037914691943128 0.04549763033175355 0.04834123222748815
6 0.5848341232227489 0.2004739336492891 0.03981042654028436 0.04549763033175355
6 0.5540284360189573 0.1924170616113744 0.04075829383886256 0.04454976303317536
6 0.5350710900473934 0.17582938388625594 0.04454976303317536 0.046445497630331754
8 0.5 0.03886255924170616 0.08056872037914692 0.07772511848341232
8 0.20616113744075829 0.46208530805687204 0.08625592417061612 0.06540284360189573
8 0.44739336492890996 0.5511848341232227 0.024644549763033177 0.08056872037914692
9 0.43364928909952605 0.5867298578199052 0.052132701421800945 0.07203791469194312
9 0.41137440758293836 0.6099526066350711 0.06919431279620854 0.08056872037914692
9 0.2066350710900474 0.504739336492891 0.06255924170616113 0.05781990521327014
9 0.2109004739336493 0.5445497630331754 0.06350710900473934 0.06540284360189573
1 0.37725118483412323 0.6327014218009479 0.06729857819905213 0.08720379146919431
1 0.22843601895734597 0.5834123222748815 0.06445497630331753 0.07298578199052133
6 0.33838862559241706 0.64739336492891 0.04834123222748815 0.06445497630331753
6 0.3023696682464455 0.6440758293838863 0.046445497630331754 0.06255924170616113
6 0.27109004739336495 0.6308056872037915 0.04928909952606635 0.06919431279620854
6 0.24502369668246446 0.6113744075829384 0.052132701421800945 0.07203791469194312
8 0.5161137440758294 0.45781990521327015 0.07488151658767772 0.05687203791469194
8 0.7767772511848341 0.6203791469194313 0.08151658767772511 0.08341232227488152
9 0.5161137440758294 0.4981042654028436 0.06540284360189573 0.06255924170616113
9 0.5161137440758294 0.5398104265402843 0.058767772511848344 0.054976303317535544
1 0.514218009478673 0.5853080568720379 0.05687203791469194 0.06066350710900474
6 0.524170616113744 0.6213270142180095 0.046445497630331754 0.04834123222748815
6 0.5421800947867299 0.6459715639810426 0.03886255924170616 0.04170616113744076
6 0.5658767772511848 0.6635071090047393 0.04075829383886256 0.04170616113744076
6 0.5995260663507109 0.6691943127962086 0.04928909952606635 0.05308056872037915
1 0.6431279620853081 0.6706161137440758 0.06066350710900474 0.07014218009478673
9 0.6890995260663507 0.6701421800947868 0.06824644549763033 0.06635071090047394
9 0.7336492890995261 0.6440758293838863 0.06635071090047394 0.07109004739336493