8 0.34407582938388626 0.2786729857819905 0.0995260663507109 0.1004739336492891
8 0.4066350710900474 0.3132701421800948 0.08909952606635071 0.0947867298578199
9 0.4601895734597156 0.3412322274881517 0.06540284360189573 0.07014218009478673
9 0.5033175355450237 0.35971563981042654 0.05687203791469194 0.06255924170616113
1 0.5270142180094787 0.3635071090047393 0.024644549763033177 0.05781990521327014
8 0.95260663507109 0.2616113744075829 0.0947867298578199 0.10426540284360189
8 0.6682464454976303 0.06445497630331753 0.08909952606635071 0.08625592417061612
8 0.6459715639810426 0.12890995260663507 0.0976303317535545 0.0909952606635071
9 0.6270142180094787 0.1819905213270142 0.07203791469194312 0.06540284360189573
9 0.6255924170616114 0.22559241706161137 0.07867298578199051 0.06635071090047394
1 0.6274881516587678 0.2739336492890995 0.08151658767772511 0.08341232227488152
1 0.7744075829383886 0.35734597156398107 0.058767772511848344 0.06350710900473934
6 0.7255924170616114 0.36777251184834125 0.06824644549763033 0.07677725118483412
6 0.6886255924170616 0.35734597156398107 0.05971563981042654 0.07582938388625593
6 0.6530805687203791 0.3402843601895735 0.054976303317535544 0.06350710900473934
6 0.6312796208530805 0.31990521327014215 0.05781990521327014 0.05971563981042654
3 0.8639810426540284 0.31469194312796206 0.04739336492890995 0.04739336492890995
8 0.9113744075829384 0.3018957345971564 0.09004739336492891 0.0938388625592417
9 0.8170616113744076 0.3459715639810427 0.06635071090047394 0.07203791469194312
9 0.3578199052132701 0.6563981042654028 0.06540284360189573 0.014218009478672985
9 0.3459715639810427 0.680568720379147 0.06066350710900474 0.06066350710900474
9 0.14075829383886257 0.6625592417061611 0.06540284360189573 0.026540284360189573
9 0.16161137440758294 0.6815165876777252 0.058767772511848344 0.05971563981042654
1 0.17677725118483412 0.7274881516587678 0.054976303317535544 0.06066350710900474
1 0.32085308056872036 0.7194312796208531 0.055924170616113746 0.05781990521327014
6 0.2895734597156398 0.7327014218009479 0.046445497630331754 0.04928909952606635
6 0.25781990521327014 0.7412322274881517 0.04549763033175355 0.04834123222748815
6 0.22985781990521326 0.7322274881516587 0.043601895734597156 0.04549763033175355
6 0.204739336492891 0.7488151658767772 0.04928909952606635 0.05118483412322275
8 0.6071090047393365 0.7744075829383886 0.0881516587677725 0.0881516587677725
8 0.647867298578199 0.7450236966824645 0.0881516587677725 0.0909952606635071
8 0.8933649289099526 0.9450236966824644 0.0909952606635071 0.07677725118483412
8 0.909952606635071 0.8928909952606635 0.0881516587677725 0.07962085308056872
9 0.7336492890995261 0.6777251184834123 0.06635071090047394 0.05687203791469194
9 0.9279620853080569 0.8454976303317535 0.07014218009478673 0.05687203791469194
9 0.9421800947867298 0.8052132701421801 0.07772511848341232 0.06255924170616113
1 0.9478672985781991 0.7601895734597156 0.06729857819905213 0.06255924170616113
9 0.7753554502369668 0.6729857819905213 0.06824644549763033 0.04739336492890995
1 0.8180094786729858 0.6639810426540285 0.06066350710900474 0.029383886255924172
6 0.861611374407583 0.662085308056872 0.05687203791469194 0.025592417061611375
6 0.9042654028436019 0.6729857819905213 0.07014218009478673 0.04739336492890995
6 0.9483412322274881 0.6843601895734597 0.07393364928909953 0.06540284360189573
6 0.9469194312796209 0.7165876777251184 0.05781990521327014 0.05687203791469194
7 0.6957345971563981 0.7156398104265402 0.061611374407582936 0.07014218009478673