8 0.15308056872037915 0.03364928909952607 0.0976303317535545 0.06729857819905213
8 0.08293838862559241 0.4151658767772512 0.08436018957345971 0.09573459715639811
8 0.06018957345971564 0.48009478672985784 0.07014218009478673 0.08530805687203792
2 0.36255924170616116 0.6274881516587678 0.07962085308056872 0.07393364928909953
9 0.055924170616113746 0.5360189573459716 0.06066350710900474 0.05308056872037915
9 0.05023696682464455 0.5777251184834123 0.06350710900473934 0.055924170616113746
9 0.2554502369668246 0.6876777251184835 0.05687203791469194 0.06255924170616113
9 0.21137440758293838 0.6985781990521327 0.054976303317535544 0.06350710900473934
1 0.16682464454976303 0.7018957345971564 0.05308056872037915 0.06445497630331753
1 0.061611374407582936 0.6189573459715639 0.05402843601895735 0.052132701421800945
6 0.07156398104265403 0.6497630331753554 0.04454976303317536 0.05402843601895735
6 0.08578199052132701 0.671563981042654 0.04075829383886256 0.04549763033175355
6 0.11327014218009479 0.685781990521327 0.04928909952606635 0.05118483412322275
6 0.13175355450236967 0.6971563981042654 0.04928909952606635 0.04834123222748815
3 0.3075829383886256 0.6497630331753554 0.03886255924170616 0.04075829383886256
8 0.7563981042654029 0.6018957345971564 0.07298578199052133 0.07677725118483412
8 0.7222748815165877 0.6796208530805687 0.06824644549763033 0.07203791469194312
9 0.6971563981042654 0.7322274881516587 0.054976303317535544 0.055924170616113746
9 0.6748815165876777 0.771090047393365 0.04549763033175355 0.05023696682464455
1 0.6369668246445498 0.7914691943127962 0.05023696682464455 0.06919431279620854
6 0.6 0.8037914691943128 0.037914691943127965 0.04928909952606635
6 0.5658767772511848 0.8132701421800947 0.035071090047393366 0.04928909952606635
6 0.533649289099526 0.814218009478673 0.02843601895734597 0.04170616113744076