3 0.37725118483412323 0.24312796208530807 0.04549763033175355 0.046445497630331754
3 0.36161137440758295 0.2938388625592417 0.04454976303317536 0.04265402843601896
9 0.3459715639810427 0.3402843601895735 0.07772511848341232 0.06540284360189573
9 0.3246445497630332 0.3867298578199052 0.07203791469194312 0.06350710900473934
1 0.3023696682464455 0.4270142180094787 0.058767772511848344 0.061611374407582936
6 0.26540284360189575 0.43886255924170614 0.05118483412322275 0.05118483412322275
6 0.23175355450236967 0.4488151658767773 0.04170616113744076 0.05308056872037915
6 0.2 0.45924170616113746 0.04170616113744076 0.05308056872037915
6 0.16824644549763032 0.45687203791469194 0.04834123222748815 0.058767772511848344
1 0.13507109004739337 0.43554502369668247 0.05781990521327014 0.06445497630331753
9 0.1080568720379147 0.4018957345971564 0.061611374407582936 0.061611374407582936
3 0.0985781990521327 0.36777251184834125 0.034123222748815164 0.03601895734597156
8 0.7156398104265402 0.15118483412322276 0.09289099526066351 0.0966824644549763
8 0.671563981042654 0.2009478672985782 0.09194312796208531 0.0966824644549763
9 0.6393364928909953 0.24549763033175356 0.07109004739336493 0.07014218009478673
9 0.6075829383886255 0.27630331753554505 0.07109004739336493 0.07393364928909953
1 0.5753554502369668 0.31516587677725116 0.06066350710900474 0.06824644549763033
3 0.5345971563981042 0.30947867298578197 0.04265402843601896 0.043601895734597156
6 0.48578199052132703 0.33127962085308055 0.06824644549763033 0.07867298578199051
6 0.43933649289099524 0.3127962085308057 0.06540284360189573 0.07962085308056872
6 0.4194312796208531 0.2890995260663507 0.03886255924170616 0.06635071090047394
1 0.4156398104265403 0.24407582938388625 0.031279620853080566 0.06350710900473934
9 0.4165876777251185 0.19478672985781992 0.03317535545023697 0.06919431279620854
9 0.4146919431279621 0.15118483412322276 0.029383886255924172 0.061611374407582936
8 0.42748815165876775 0.0962085308056872 0.054976303317535544 0.09004739336492891
8 0.42748815165876775 0.04075829383886256 0.054976303317535544 0.08151658767772511
9 0.16018957345971563 0.6881516587677725 0.058767772511848344 0.037914691943127965
1 0.2004739336492891 0.7009478672985782 0.05971563981042654 0.06350710900473934
6 0.24502369668246446 0.7028436018957346 0.05687203791469194 0.06635071090047394
6 0.2796208530805687 0.7028436018957346 0.04454976303317536 0.05118483412322275
6 0.3028436018957346 0.6914691943127962 0.04265402843601896 0.04454976303317536
6 0.33270142180094786 0.685781990521327 0.05118483412322275 0.03317535545023697
8 0.6052132701421801 0.7018957345971564 0.09573459715639811 0.06540284360189573
8 0.9530805687203792 0.8170616113744076 0.0938388625592417 0.0985781990521327
8 0.9478672985781991 0.737914691943128 0.0938388625592417 0.0976303317535545
9 0.9492890995260663 0.6886255924170616 0.06540284360189573 0.03886255924170616