9 0.4658767772511848 0.14786729857819905 0.027488151658767772 0.06066350710900474
9 0.437914691943128 0.15545023696682464 0.04549763033175355 0.052132701421800945
1 0.3876777251184834 0.16255924170616115 0.058767772511848344 0.05308056872037915
6 0.34549763033175357 0.15734597156398103 0.05781990521327014 0.054976303317535544
6 0.3056872037914692 0.14597156398104266 0.04928909952606635 0.04739336492890995
8 0.8270142180094787 0.06492890995260664 0.08341232227488152 0.08720379146919431
8 0.8004739336492891 0.015639810426540283 0.08436018957345971 0.031279620853080566
8 0.5056872037914691 0.02985781990521327 0.052132701421800945 0.05971563981042654
8 0.1014218009478673 0.5834123222748815 0.06919431279620854 0.07772511848341232
8 0.03696682464454976 0.5687203791469194 0.07393364928909953 0.07962085308056872
8 0.8687203791469195 0.7218009478672985 0.05971563981042654 0.058767772511848344
8 0.9075829383886256 0.7483412322274882 0.06066350710900474 0.06350710900473934
9 0.9421800947867298 0.7734597156398104 0.06445497630331753 0.05971563981042654
9 0.9720379146919431 0.7985781990521327 0.055924170616113746 0.05781990521327014
9 0.9279620853080569 0.9914691943127962 0.06255924170616113 0.017061611374407582
2 0.9867298578199052 0.8355450236966825 0.026540284360189573 0.04075829383886256
0 0.9928909952606635 0.8777251184834123 0.014218009478672985 0.026540284360189573
0 0.9867298578199052 0.9412322274881516 0.026540284360189573 0.022748815165876776
1 0.9654028436018958 0.9791469194312796 0.06919431279620854 0.04170616113744076