6 0.3862559241706161 0.08293838862559241 0.027488151658767772 0.05023696682464455
6 0.36492890995260663 0.1037914691943128 0.03981042654028436 0.05023696682464455
6 0.33981042654028437 0.12180094786729857 0.043601895734597156 0.04549763033175355
1 0.31516587677725116 0.14549763033175356 0.052132701421800945 0.05308056872037915
9 0.3042654028436019 0.1943127962085308 0.058767772511848344 0.05118483412322275
9 0.3014218009478673 0.22274881516587677 0.058767772511848344 0.013270142180094787
3 0.16208530805687205 0.5881516587677725 0.03601895734597156 0.03601895734597156
4 0.08578199052132701 0.6052132701421801 0.034123222748815164 0.034123222748815164
9 0.03364928909952607 0.6180094786729858 0.05118483412322275 0.05971563981042654
9 0.004739336492890996 0.623696682464455 0.009478672985781991 0.054976303317535544
8 0.6592417061611374 0.7165876777251184 0.07772511848341232 0.06540284360189573
3 0.6530805687203791 0.6658767772511849 0.03601895734597156 0.03222748815165877
9 0.6445497630331753 0.6251184834123222 0.061611374407582936 0.04834123222748815
9 0.6402843601895735 0.580568720379147 0.05971563981042654 0.04739336492890995
8 0.9777251184834124 0.5924170616113744 0.04454976303317536 0.07014218009478673
8 0.9563981042654028 0.5483412322274882 0.07488151658767772 0.07962085308056872
8 0.9123222748815166 0.509478672985782 0.07203791469194312 0.08246445497630332
9 0.876303317535545 0.4781990521327014 0.05687203791469194 0.06255924170616113
9 0.8402843601895734 0.4611374407582938 0.04928909952606635 0.058767772511848344
1 0.8037914691943128 0.44075829383886256 0.04549763033175355 0.05402843601895735
1 0.6398104265402843 0.5364928909952607 0.04834123222748815 0.04928909952606635
6 0.6540284360189573 0.4947867298578199 0.04928909952606635 0.04928909952606635
6 0.6781990521327014 0.4663507109004739 0.05023696682464455 0.05308056872037915
6 0.7184834123222749 0.44407582938388623 0.05308056872037915 0.05402843601895735
6 0.761611374407583 0.43838862559241704 0.04454976303317536 0.052132701421800945