3 0.4246445497630332 0.4090047393364929 0.03886255924170616 0.04265402843601896
3 0.4549763033175355 0.3800947867298578 0.03886255924170616 0.03886255924170616
8 0.3815165876777251 0.45118483412322274 0.08909952606635071 0.09573459715639811
3 0.3587677725118483 0.5018957345971564 0.04170616113744076 0.03981042654028436
1 0.47488151658767774 0.33744075829383885 0.04928909952606635 0.06824644549763033
3 0.9454976303317536 0.37725118483412323 0.04834123222748815 0.04928909952606635
9 0.9 0.34976303317535545 0.06540284360189573 0.07488151658767772
1 0.8492890995260663 0.35308056872037913 0.05971563981042654 0.07582938388625593
6 0.8042654028436019 0.3644549763033175 0.06255924170616113 0.06729857819905213
6 0.7606635071090048 0.3933649289099526 0.07962085308056872 0.08056872037914692
9 0.33317535545023697 0.7720379146919432 0.05971563981042654 0.025592417061611375
9 0.323696682464455 0.8004739336492891 0.06066350710900474 0.05023696682464455
0 0.837914691943128 0.8928909952606635 0.05971563981042654 0.06066350710900474
0 0.8772511848341232 0.804739336492891 0.05402843601895735 0.055924170616113746
1 0.8829383886255924 0.7739336492890996 0.07867298578199051 0.029383886255924172