3 0.35639810426540286 0.11658767772511848 0.04928909952606635 0.04928909952606635
3 0.3184834123222749 0.024644549763033177 0.04170616113744076 0.04075829383886256
3 0.28199052132701424 0.0037914691943127963 0.035071090047393366 0.007582938388625593
8 0.02843601895734597 0.16872037914691942 0.05687203791469194 0.10426540284360189
8 0.029383886255924172 0.08909952606635071 0.058767772511848344 0.0947867298578199
9 0.03175355450236967 0.035545023696682464 0.06350710900473934 0.07109004739336493
9 0.042180094786729856 0.015639810426540283 0.08436018957345971 0.031279620853080566
9 0.9886255924170616 0.015639810426540283 0.022748815165876776 0.031279620853080566
9 0.9649289099526066 0.02085308056872038 0.04739336492890995 0.04170616113744076
1 0.9255924170616113 0.01990521327014218 0.04834123222748815 0.03981042654028436
6 0.904739336492891 0.005213270142180095 0.052132701421800945 0.01042654028436019
8 0.5943127962085308 0.6175355450236967 0.06066350710900474 0.06635071090047394
8 0.5701421800947867 0.5725118483412323 0.07014218009478673 0.07203791469194312
8 0.2729857819905213 0.6872037914691943 0.06729857819905213 0.07962085308056872
9 0.547867298578199 0.5308056872037915 0.05023696682464455 0.04928909952606635
9 0.5246445497630332 0.4981042654028436 0.05308056872037915 0.05402843601895735
8 0.290521327014218 0.6388625592417062 0.06635071090047394 0.06919431279620854
9 0.2990521327014218 0.5853080568720379 0.06350710900473934 0.06445497630331753
9 0.3056872037914692 0.5355450236966824 0.06445497630331753 0.05971563981042654
1 0.33317535545023697 0.4957345971563981 0.055924170616113746 0.055924170616113746
1 0.495260663507109 0.46966824644549765 0.05402843601895735 0.06255924170616113
6 0.4663507109004739 0.45687203791469194 0.04454976303317536 0.04928909952606635
6 0.4327014218009479 0.45734597156398105 0.03981042654028436 0.04739336492890995
6 0.4028436018957346 0.46208530805687204 0.03886255924170616 0.05118483412322275
6 0.37109004739336493 0.4720379146919431 0.04170616113744076 0.046445497630331754
4 0.7630331753554502 0.43317535545023694 0.04739336492890995 0.054976303317535544
4 0.7545023696682465 0.4881516587677725 0.04739336492890995 0.04170616113744076
9 0.7578199052132701 0.5289099526066351 0.07298578199052133 0.05781990521327014
9 0.7393364928909952 0.5767772511848341 0.07203791469194312 0.06066350710900474
1 0.7246445497630332 0.6317535545023697 0.058767772511848344 0.06540284360189573
6 0.70521327014218 0.6800947867298578 0.05023696682464455 0.058767772511848344
6 0.6587677725118484 0.6834123222748815 0.058767772511848344 0.058767772511848344