3 0.31516587677725116 0.17725118483412322 0.05118483412322275 0.05118483412322275
3 0.3018957345971564 0.23649289099526066 0.04739336492890995 0.046445497630331754
2 0.2895734597156398 0.2876777251184834 0.05402843601895735 0.04739336492890995
2 0.27061611374407585 0.3303317535545024 0.04928909952606635 0.04454976303317536
1 0.24786729857819906 0.37298578199052135 0.05402843601895735 0.06350710900473934
6 0.20853080568720378 0.38957345971563984 0.04739336492890995 0.052132701421800945
6 0.17725118483412322 0.4004739336492891 0.04739336492890995 0.058767772511848344
6 0.14881516587677726 0.41137440758293836 0.03696682464454976 0.05308056872037915
6 0.11753554502369669 0.40616113744075827 0.04454976303317536 0.05308056872037915
1 0.0881516587677725 0.3909952606635071 0.05402843601895735 0.054976303317535544
9 0.05924170616113744 0.36066350710900474 0.06066350710900474 0.06255924170616113
9 0.04407582938388625 0.32037914691943126 0.06350710900473934 0.054976303317535544
8 0.021800947867298578 0.2829383886255924 0.043601895734597156 0.06729857819905213
8 0.01042654028436019 0.23696682464454977 0.02085308056872038 0.058767772511848344
3 0.4601895734597156 0.35971563981042654 0.04170616113744076 0.043601895734597156
3 0.5 0.4042654028436019 0.03981042654028436 0.043601895734597156
3 0.5691943127962086 0.45545023696682463 0.03886255924170616 0.03886255924170616
5 0.6175355450236967 0.4777251184834123 0.03981042654028436 0.035071090047393366
8 0.7701421800947867 0.24218009478672986 0.06255924170616113 0.06066350710900474
8 0.7748815165876777 0.295260663507109 0.06445497630331753 0.05781990521327014
9 0.7748815165876777 0.33696682464454975 0.06919431279620854 0.06255924170616113
9 0.7758293838862559 0.38341232227488153 0.07203791469194312 0.06824644549763033
1 0.7753554502369668 0.43364928909952605 0.07014218009478673 0.07298578199052133
0 0.7350710900473933 0.45734597156398105 0.03886255924170616 0.05118483412322275
9 0.35450236966824644 0.5635071090047393 0.06255924170616113 0.027488151658767772
1 0.3696682464454976 0.5943127962085308 0.055924170616113746 0.05687203791469194
6 0.418957345971564 0.6308056872037915 0.02085308056872038 0.05971563981042654
6 0.3990521327014218 0.6194312796208531 0.04549763033175355 0.05781990521327014
1 0.6213270142180095 0.5625592417061611 0.07109004739336493 0.025592417061611375
1 0.45829383886255926 0.6753554502369669 0.05781990521327014 0.07109004739336493
9 0.4364928909952607 0.6545023696682465 0.014218009478672985 0.06350710900473934
6 0.5056872037914691 0.6843601895734597 0.055924170616113746 0.07014218009478673
6 0.557345971563981 0.6677725118483412 0.07014218009478673 0.07488151658767772
6 0.6052132701421801 0.637914691943128 0.07109004739336493 0.08056872037914692
6 0.623696682464455 0.5971563981042654 0.05781990521327014 0.058767772511848344