3 0.3767772511848341 0.3957345971563981 0.043601895734597156 0.04549763033175355
3 0.35402843601895734 0.3028436018957346 0.03886255924170616 0.03886255924170616
3 0.3222748815165877 0.25924170616113745 0.037914691943127965 0.03601895734597156
3 0.2853080568720379 0.18909952606635072 0.034123222748815164 0.03886255924170616
3 0.15118483412322276 0.19478672985781992 0.03696682464454976 0.037914691943127965
1 0.1061611374407583 0.2080568720379147 0.06445497630331753 0.07393364928909953
9 0.08104265402843602 0.24407582938388625 0.07109004739336493 0.06350710900473934
9 0.058767772511848344 0.2886255924170616 0.07867298578199051 0.06445497630331753
8 0.04454976303317536 0.34549763033175357 0.08909952606635071 0.08625592417061612
8 0.04028436018957346 0.42369668246445497 0.08056872037914692 0.08720379146919431
3 0.6398104265402843 0.25165876777251184 0.05308056872037915 0.052132701421800945
2 0.6881516587677725 0.32132701421800947 0.08246445497630332 0.06445497630331753
4 0.7028436018957346 0.3815165876777251 0.03981042654028436 0.043601895734597156
4 0.7322274881516587 0.43364928909952605 0.03601895734597156 0.03696682464454976
2 0.7369668246445498 0.509478672985782 0.05971563981042654 0.05971563981042654
3 0.4791469194312796 0.6080568720379147 0.037914691943127965 0.03696682464454976
2 0.5184834123222749 0.6417061611374407 0.04928909952606635 0.054976303317535544
2 0.5729857819905213 0.6507109004739337 0.04834123222748815 0.03696682464454976
5 0.6341232227488152 0.6469194312796208 0.04075829383886256 0.04454976303317536
4 0.7061611374407583 0.5862559241706161 0.04170616113744076 0.04170616113744076
1 0.13317535545023695 0.9914691943127962 0.055924170616113746 0.017061611374407582
9 0.15781990521327013 0.9710900473933649 0.07109004739336493 0.05781990521327014
9 0.1909952606635071 0.9412322274881516 0.06919431279620854 0.07298578199052133
8 0.5777251184834123 0.6995260663507109 0.07109004739336493 0.06066350710900474
9 0.5876777251184834 0.7597156398104266 0.05308056872037915 0.05023696682464455
9 0.6203791469194313 0.8 0.05402843601895735 0.04834123222748815
9 0.8720379146919431 0.7791469194312797 0.046445497630331754 0.04739336492890995
9 0.8478672985781991 0.8180094786729858 0.04834123222748815 0.04454976303317536
1 0.8109004739336493 0.8473933649289099 0.03886255924170616 0.043601895734597156
1 0.6464454976303318 0.837914691943128 0.04075829383886256 0.04928909952606635
6 0.7800947867298578 0.8654028436018958 0.03222748815165877 0.04075829383886256
6 0.7502369668246446 0.8706161137440759 0.03886255924170616 0.052132701421800945
6 0.7118483412322275 0.866824644549763 0.04170616113744076 0.04834123222748815
6 0.6758293838862559 0.8545023696682464 0.04265402843601896 0.04739336492890995