8 0.318957345971564 0.16208530805687205 0.06255924170616113 0.06350710900473934
8 0.3791469194312796 0.17867298578199053 0.0976303317535545 0.09194312796208531
9 0.44218009478672987 0.18909952606635072 0.05687203791469194 0.05687203791469194
9 0.4725118483412322 0.2004739336492891 0.03317535545023697 0.061611374407582936
9 0.5990521327014218 0.4270142180094787 0.058767772511848344 0.05402843601895735
9 0.6132701421800948 0.46445497630331756 0.06445497630331753 0.04928909952606635
1 0.5862559241706161 0.3962085308056872 0.06066350710900474 0.058767772511848344
6 0.5563981042654028 0.38341232227488153 0.054976303317535544 0.05781990521327014
6 0.5075829383886256 0.37867298578199055 0.03696682464454976 0.061611374407582936
6 0.5284360189573459 0.3739336492890995 0.04928909952606635 0.05308056872037915
9 0.11516587677725118 0.9127962085308057 0.061611374407582936 0.06066350710900474
9 0.3222748815165877 0.8691943127962085 0.06066350710900474 0.05781990521327014
9 0.13507109004739337 0.9478672985781991 0.05971563981042654 0.061611374407582936
9 0.3170616113744076 0.909952606635071 0.06255924170616113 0.061611374407582936
1 0.16398104265402844 0.9677725118483412 0.04928909952606635 0.06255924170616113
1 0.2981042654028436 0.9450236966824644 0.05971563981042654 0.061611374407582936
6 0.27630331753554505 0.9672985781990522 0.04549763033175355 0.04834123222748815
6 0.24454976303317535 0.9781990521327014 0.03981042654028436 0.043601895734597156
6 0.2127962085308057 0.981042654028436 0.04075829383886256 0.037914691943127965
6 0.1881516587677725 0.9772511848341232 0.04454976303317536 0.04549763033175355
8 0.0938388625592417 0.8691943127962085 0.08530805687203792 0.08341232227488152
8 0.9853080568720379 0.6336492890995261 0.029383886255924172 0.08436018957345971
8 0.9545023696682464 0.6687203791469194 0.0909952606635071 0.09004739336492891
9 0.9023696682464455 0.6971563981042654 0.06540284360189573 0.07393364928909953
4 0.8597156398104265 0.7232227488151659 0.03886255924170616 0.03981042654028436
1 0.8199052132701422 0.7270142180094786 0.05781990521327014 0.05971563981042654
6 0.7838862559241706 0.7184834123222749 0.055924170616113746 0.054976303317535544
6 0.7625592417061612 0.6995260663507109 0.058767772511848344 0.05023696682464455
6 0.7336492890995261 0.6853080568720379 0.06540284360189573 0.04834123222748815
6 0.7208530805687203 0.6597156398104266 0.055924170616113746 0.04454976303317536