8 0.26540284360189575 0.195260663507109 0.07203791469194312 0.06824644549763033
8 0.3109004739336493 0.16919431279620853 0.06919431279620854 0.07109004739336493
3 0.3630331753554502 0.14928909952606634 0.034123222748815164 0.03601895734597156
9 0.3981042654028436 0.13175355450236967 0.054976303317535544 0.061611374407582936
1 0.44549763033175355 0.11327014218009479 0.05023696682464455 0.06540284360189573
6 0.4957345971563981 0.11327014218009479 0.04739336492890995 0.07298578199052133
8 0.7720379146919432 0.12606635071090047 0.05971563981042654 0.061611374407582936
9 0.876303317535545 0.09336492890995261 0.046445497630331754 0.05781990521327014
9 0.9132701421800948 0.08246445497630332 0.05023696682464455 0.06066350710900474
1 0.9545023696682464 0.07345971563981042 0.04834123222748815 0.052132701421800945
6 0.9867298578199052 0.07725118483412323 0.026540284360189573 0.052132701421800945
7 0.8265402843601896 0.1080568720379147 0.058767772511848344 0.05402843601895735
8 0.05829383886255924 0.8492890995260663 0.08909952606635071 0.07772511848341232
8 0.08199052132701422 0.8033175355450237 0.08151658767772511 0.07867298578199051
9 0.0966824644549763 0.7549763033175355 0.06255924170616113 0.055924170616113746
9 0.11800947867298578 0.7151658767772512 0.054976303317535544 0.054976303317535544
1 0.14170616113744075 0.6829383886255924 0.05687203791469194 0.06255924170616113
6 0.3127962085308057 0.64739336492891 0.04739336492890995 0.052132701421800945
1 0.34265402843601894 0.6772511848341233 0.052132701421800945 0.05781990521327014
8 0.7018957345971564 0.381042654028436 0.06919431279620854 0.043601895734597156
9 0.6962085308056872 0.4255924170616114 0.058767772511848344 0.05023696682464455
9 0.680568720379147 0.46398104265402845 0.05023696682464455 0.04834123222748815
1 0.656872037914692 0.4976303317535545 0.04928909952606635 0.058767772511848344
6 0.633175355450237 0.5227488151658768 0.03981042654028436 0.06445497630331753
6 0.6052132701421801 0.5398104265402843 0.037914691943127965 0.058767772511848344
6 0.5729857819905213 0.547867298578199 0.03981042654028436 0.06350710900473934
6 0.5398104265402843 0.5436018957345972 0.03981042654028436 0.061611374407582936