3 0.07109004739336493 0.3061611374407583 0.04454976303317536 0.04454976303317536
3 0.1066350710900474 0.25687203791469193 0.04075829383886256 0.04265402843601896
3 0.12085308056872038 0.21137440758293838 0.04265402843601896 0.04075829383886256
9 0.14881516587677726 0.14881516587677726 0.08151658767772511 0.07298578199052133
6 0.13080568720379146 0.021800947867298578 0.07582938388625593 0.043601895734597156
6 0.15071090047393365 0.046445497630331754 0.05971563981042654 0.058767772511848344
1 0.15308056872037915 0.09431279620853081 0.06919431279620854 0.061611374407582936
8 0.8464454976303317 0.11848341232227488 0.06540284360189573 0.06919431279620854
8 0.8995260663507109 0.13507109004739337 0.07014218009478673 0.07014218009478673
9 0.9445497630331754 0.15687203791469195 0.04454976303317536 0.05118483412322275
9 0.9791469194312796 0.15924170616113745 0.04170616113744076 0.05118483412322275
1 0.4924170616113744 0.9545023696682464 0.014218009478672985 0.06635071090047394
6 0.4815165876777251 0.9118483412322275 0.03601895734597156 0.06445497630331753
6 0.45639810426540284 0.8962085308056872 0.07014218009478673 0.07582938388625593
3 0.395260663507109 0.909952606635071 0.043601895734597156 0.04834123222748815
6 0.3469194312796208 0.8867298578199052 0.06445497630331753 0.06919431279620854
1 0.2995260663507109 0.9009478672985782 0.061611374407582936 0.06255924170616113
9 0.26966824644549764 0.943127962085308 0.07677725118483412 0.06824644549763033
9 0.24360189573459715 0.976303317535545 0.07962085308056872 0.04739336492890995
8 0.8161137440758294 0.6895734597156398 0.07109004739336493 0.08151658767772511
9 0.7241706161137441 0.6739336492890995 0.05308056872037915 0.06824644549763033
1 0.6796208530805687 0.6606635071090048 0.052132701421800945 0.05971563981042654
6 0.6355450236966824 0.6687203791469194 0.05781990521327014 0.06540284360189573
6 0.6009478672985782 0.6796208530805687 0.06635071090047394 0.06635071090047394
6 0.5710900473933649 0.7104265402843601 0.05781990521327014 0.061611374407582936
7 0.761611374407583 0.671563981042654 0.037914691943127965 0.04075829383886256
7 0.875829383886256 0.7127962085308057 0.05781990521327014 0.06729857819905213