8 0.0971563981042654 0.2037914691943128 0.09004739336492891 0.0909952606635071
9 0.0985781990521327 0.2677725118483412 0.07298578199052133 0.07109004739336493
9 0.0962085308056872 0.3180094786729858 0.06445497630331753 0.05971563981042654
1 0.0881516587677725 0.34928909952606635 0.06066350710900474 0.04075829383886256
8 0.43981042654028435 0.23791469194312795 0.07582938388625593 0.07772511848341232
8 0.45876777251184836 0.17819905213270143 0.07772511848341232 0.07962085308056872
9 0.48056872037914694 0.13175355450236967 0.058767772511848344 0.054976303317535544
9 0.5023696682464455 0.1009478672985782 0.06350710900473934 0.06066350710900474
1 0.5246445497630332 0.06777251184834124 0.05402843601895735 0.06350710900473934
6 0.5535545023696683 0.058767772511848344 0.04834123222748815 0.07109004739336493
6 0.5857819905213271 0.05639810426540284 0.04454976303317536 0.06540284360189573
6 0.6165876777251185 0.05829383886255924 0.04265402843601896 0.06350710900473934
6 0.647867298578199 0.06872037914691943 0.04549763033175355 0.06445497630331753
1 0.6772511848341233 0.08625592417061612 0.04834123222748815 0.061611374407582936
0 0.7028436018957346 0.13649289099526066 0.035071090047393366 0.03601895734597156
0 0.7251184834123223 0.2066350710900474 0.04454976303317536 0.04170616113744076
0 0.7341232227488151 0.25402843601895736 0.04739336492890995 0.04265402843601896
1 0.11137440758293839 0.6341232227488152 0.06635071090047394 0.06729857819905213
6 0.07962085308056872 0.647867298578199 0.04549763033175355 0.055924170616113746
6 0.043601895734597156 0.6563981042654028 0.046445497630331754 0.05402843601895735
6 0.013744075829383886 0.6549763033175355 0.027488151658767772 0.06066350710900474
9 0.15071090047393365 0.6028436018957346 0.05402843601895735 0.052132701421800945
9 0.17867298578199053 0.5682464454976304 0.058767772511848344 0.061611374407582936
8 0.209478672985782 0.5222748815165876 0.07867298578199051 0.07298578199052133
9 0.4270142180094787 0.7744075829383886 0.07203791469194312 0.07582938388625593
9 0.7227488151658767 0.8009478672985783 0.07867298578199051 0.07203791469194312
9 0.44976303317535543 0.8165876777251185 0.06445497630331753 0.06824644549763033
9 0.7 0.8402843601895734 0.06919431279620854 0.07109004739336493
1 0.48009478672985784 0.8492890995260663 0.06919431279620854 0.07962085308056872
1 0.666824644549763 0.8701421800947867 0.06540284360189573 0.07582938388625593
6 0.6298578199052133 0.885781990521327 0.052132701421800945 0.06729857819905213
6 0.590047393364929 0.8900473933649289 0.052132701421800945 0.07014218009478673
6 0.5521327014218009 0.8881516587677725 0.055924170616113746 0.07393364928909953
6 0.5146919431279621 0.8777251184834123 0.061611374407582936 0.07109004739336493