2 0.34549763033175357 0.45118483412322274 0.05971563981042654 0.06824644549763033
8 0.2734597156398104 0.43886255924170614 0.07867298578199051 0.08341232227488152
9 0.2161137440758294 0.44597156398104265 0.04454976303317536 0.05687203791469194
9 0.17819905213270143 0.42985781990521327 0.05308056872037915 0.055924170616113746
1 0.13507109004739337 0.43317535545023694 0.04834123222748815 0.05781990521327014
6 0.10758293838862559 0.45687203791469194 0.05308056872037915 0.04265402843601896
6 0.0938388625592417 0.4767772511848341 0.04834123222748815 0.03981042654028436
8 0.7279620853080568 0.03838862559241706 0.07203791469194312 0.07677725118483412
9 0.5369668246445498 0.17582938388625594 0.014218009478672985 0.05402843601895735
9 0.5511848341232227 0.2028436018957346 0.04265402843601896 0.05118483412322275
9 0.7109004739336493 0.09052132701421801 0.058767772511848344 0.05118483412322275
9 0.7165876777251184 0.13649289099526066 0.052132701421800945 0.05023696682464455
1 0.7066350710900474 0.18293838862559242 0.046445497630331754 0.04739336492890995
1 0.5772511848341232 0.24028436018957347 0.046445497630331754 0.052132701421800945
6 0.6109004739336493 0.25165876777251184 0.04170616113744076 0.04454976303317536
6 0.6255924170616114 0.22511848341232227 0.035071090047393366 0.03981042654028436
6 0.6563981042654028 0.22464454976303316 0.03696682464454976 0.04170616113744076
6 0.6829383886255924 0.20616113744075829 0.037914691943127965 0.04265402843601896
8 0.18388625592417063 0.6763033175355451 0.06445497630331753 0.05402843601895735
8 0.12464454976303317 0.6919431279620853 0.07203791469194312 0.07203791469194312
9 0.06824644549763033 0.7270142180094786 0.05023696682464455 0.054976303317535544
9 0.023696682464454975 0.7265402843601896 0.04075829383886256 0.05308056872037915
8 0.7402843601895734 0.9687203791469194 0.08341232227488152 0.06255924170616113
8 0.6739336492890995 0.9772511848341232 0.07203791469194312 0.04549763033175355
9 0.6232227488151659 0.9895734597156398 0.05402843601895735 0.02085308056872038
9 0.5739336492890995 0.9938388625592417 0.055924170616113746 0.012322274881516588