8 0.12464454976303317 0.23317535545023696 0.08720379146919431 0.0938388625592417
9 0.1080568720379147 0.17819905213270143 0.06824644549763033 0.061611374407582936
9 0.08151658767772511 0.13222748815165877 0.07582938388625593 0.06729857819905213
1 0.05402843601895735 0.08483412322274882 0.06919431279620854 0.06824644549763033
6 0.02132701421800948 0.05308056872037915 0.04265402843601896 0.054976303317535544
8 0.5099526066350711 0.14075829383886257 0.08151658767772511 0.08720379146919431
8 0.852132701421801 0.3165876777251185 0.08909952606635071 0.08625592417061612
8 0.5090047393364929 0.22085308056872038 0.08436018957345971 0.08530805687203792
8 0.7919431279620853 0.36824644549763036 0.08341232227488152 0.08341232227488152
9 0.5033175355450237 0.28199052132701424 0.054976303317535544 0.05118483412322275
9 0.4976303317535545 0.3246445497630332 0.05118483412322275 0.05118483412322275
9 0.7355450236966825 0.3985781990521327 0.04928909952606635 0.055924170616113746
9 0.6919431279620853 0.4165876777251185 0.05023696682464455 0.05781990521327014
1 0.5199052132701422 0.3582938388625592 0.05308056872037915 0.058767772511848344
1 0.64739336492891 0.4312796208530806 0.04928909952606635 0.06445497630331753
6 0.6090047393364929 0.43981042654028435 0.046445497630331754 0.061611374407582936
6 0.580568720379147 0.4218009478672986 0.04739336492890995 0.06255924170616113
6 0.5507109004739337 0.41753554502369666 0.052132701421800945 0.06635071090047394
6 0.5327014218009478 0.3971563981042654 0.05308056872037915 0.058767772511848344
8 0.25781990521327014 0.5687203791469194 0.07582938388625593 0.037914691943127965
8 0.21753554502369668 0.6090047393364929 0.08056872037914692 0.07582938388625593
9 0.15023696682464455 0.6696682464454976 0.05402843601895735 0.05781990521327014
9 0.11042654028436019 0.6933649289099526 0.05402843601895735 0.06255924170616113
1 0.07393364928909953 0.718957345971564 0.05308056872037915 0.052132701421800945
6 0.027488151658767772 0.7180094786729858 0.04739336492890995 0.04549763033175355
6 0.00995260663507109 0.7180094786729858 0.01990521327014218 0.04075829383886256
8 0.9265402843601895 0.7464454976303317 0.06824644549763033 0.08056872037914692
8 0.8838862559241706 0.7023696682464455 0.07298578199052133 0.07962085308056872
9 0.8559241706161137 0.6601895734597156 0.054976303317535544 0.05971563981042654
9 0.8227488151658767 0.6350710900473934 0.05402843601895735 0.05971563981042654
1 0.7829383886255924 0.6080568720379147 0.04928909952606635 0.05687203791469194
6 0.6924170616113744 0.595260663507109 0.05023696682464455 0.07203791469194312
6 0.6497630331753554 0.6104265402843602 0.054976303317535544 0.07203791469194312
3 0.6388625592417062 0.6597156398104266 0.035071090047393366 0.03222748815165877
1 0.614691943127962 0.6819905213270142 0.05308056872037915 0.054976303317535544
9 0.6218009478672986 0.7303317535545024 0.06635071090047394 0.05308056872037915
9 0.6251184834123222 0.7781990521327015 0.07109004739336493 0.052132701421800945
8 0.6355450236966824 0.8303317535545024 0.07772511848341232 0.06540284360189573
6 0.7398104265402844 0.5947867298578199 0.04834123222748815 0.06635071090047394