8 0.026540284360189573 0.44123222748815166 0.05308056872037915 0.03696682464454976
8 0.02037914691943128 0.404739336492891 0.04075829383886256 0.07772511848341232
9 0.009478672985781991 0.36113744075829385 0.018957345971563982 0.06635071090047394
3 0.5284360189573459 0.45355450236966827 0.04454976303317536 0.012322274881516588
3 0.543127962085308 0.4270142180094787 0.035071090047393366 0.03601895734597156
3 0.5616113744075829 0.3867298578199052 0.04549763033175355 0.046445497630331754
3 0.876303317535545 0.44360189573459713 0.052132701421800945 0.03222748815165877
9 0.8563981042654029 0.3914691943127962 0.061611374407582936 0.052132701421800945
9 0.8308056872037914 0.35971563981042654 0.06255924170616113 0.05781990521327014
1 0.8037914691943128 0.323696682464455 0.06350710900473934 0.06445497630331753
1 0.5848341232227489 0.33222748815165876 0.06540284360189573 0.07582938388625593
6 0.6213270142180095 0.2985781990521327 0.06445497630331753 0.07488151658767772
6 0.6720379146919432 0.28720379146919434 0.07203791469194312 0.07867298578199051
6 0.723696682464455 0.2886255924170616 0.07109004739336493 0.07677725118483412
6 0.7706161137440758 0.2981042654028436 0.054976303317535544 0.06066350710900474
9 0.3943127962085308 0.7165876777251184 0.03033175355450237 0.05687203791469194
9 0.15687203791469195 0.6071090047393365 0.05687203791469194 0.05118483412322275
9 0.16445497630331754 0.6497630331753554 0.05781990521327014 0.055924170616113746
9 0.1791469194312796 0.6947867298578199 0.055924170616113746 0.055924170616113746
1 0.204739336492891 0.7431279620853081 0.06445497630331753 0.06729857819905213
1 0.37819905213270144 0.7540284360189573 0.06066350710900474 0.06635071090047394
6 0.34218009478672984 0.7701421800947867 0.055924170616113746 0.058767772511848344
6 0.3071090047393365 0.7786729857819905 0.043601895734597156 0.06445497630331753
6 0.2672985781990521 0.776303317535545 0.04739336492890995 0.052132701421800945
6 0.23412322274881517 0.7706161137440758 0.05687203791469194 0.05971563981042654
8 0.8478672985781991 0.9781990521327014 0.1033175355450237 0.043601895734597156
8 0.5180094786729857 0.9838862559241706 0.11469194312796209 0.03222748815165877
9 0.8265402843601896 0.9445497630331754 0.08341232227488152 0.06919431279620854
9 0.8018957345971564 0.904739336492891 0.08056872037914692 0.07109004739336493
9 0.5227488151658768 0.9611374407582939 0.07962085308056872 0.07393364928909953
9 0.5417061611374407 0.9213270142180094 0.07962085308056872 0.07298578199052133
1 0.7767772511848341 0.862085308056872 0.07677725118483412 0.07014218009478673
1 0.557345971563981 0.8748815165876778 0.07488151658767772 0.07677725118483412
6 0.7388625592417062 0.828909952606635 0.06445497630331753 0.07488151658767772
6 0.6938388625592417 0.8203791469194313 0.07488151658767772 0.08436018957345971
6 0.6374407582938388 0.8227488151658767 0.07203791469194312 0.08246445497630332
6 0.5881516587677725 0.8364928909952607 0.06066350710900474 0.06919431279620854