8 0.7090047393364929 0.026540284360189573 0.06445497630331753 0.05308056872037915
8 0.7649289099526067 0.012322274881516588 0.07393364928909953 0.024644549763033177
8 0.9682464454976303 0.27440758293838863 0.06350710900473934 0.07298578199052133
8 0.9834123222748815 0.218957345971564 0.03317535545023697 0.07772511848341232
3 0.042180094786729856 0.6516587677725119 0.04454976303317536 0.04834123222748815
3 0.07772511848341232 0.7232227488151659 0.04265402843601896 0.04739336492890995
4 0.13744075829383887 0.8232227488151659 0.04170616113744076 0.03696682464454976
8 0.4270142180094787 0.6706161137440758 0.07677725118483412 0.08341232227488152
8 0.4014218009478673 0.737914691943128 0.08246445497630332 0.08436018957345971
9 0.37725118483412323 0.7971563981042654 0.07393364928909953 0.06919431279620854
9 0.34976303317535545 0.843127962085308 0.06729857819905213 0.07014218009478673
1 0.3232227488151659 0.8805687203791469 0.055924170616113746 0.06066350710900474
6 0.2886255924170616 0.8938388625592417 0.04834123222748815 0.05971563981042654
6 0.25118483412322273 0.9037914691943127 0.04739336492890995 0.06066350710900474
6 0.22085308056872038 0.9066350710900474 0.04834123222748815 0.06445497630331753
2 0.16824644549763032 0.8691943127962085 0.052132701421800945 0.05971563981042654
8 0.8563981042654029 0.6004739336492891 0.07109004739336493 0.06540284360189573
8 0.9123222748815166 0.623696682464455 0.07014218009478673 0.06635071090047394
9 0.9606635071090047 0.6431279620853081 0.04928909952606635 0.052132701421800945
9 0.9900473933649289 0.6421800947867299 0.01990521327014218 0.052132701421800945