9 0.3061611374407583 0.4071090047393365 0.08341232227488152 0.07582938388625593
9 0.33222748815165876 0.3639810426540284 0.07772511848341232 0.07014218009478673
1 0.35971563981042654 0.32748815165876777 0.05971563981042654 0.06729857819905213
8 0.6862559241706161 0.12511848341232226 0.07393364928909953 0.07203791469194312
8 0.624170616113744 0.12938388625592417 0.08246445497630332 0.08246445497630332
9 0.5606635071090047 0.14976303317535544 0.058767772511848344 0.061611374407582936
9 0.5175355450236967 0.13838862559241707 0.04834123222748815 0.058767772511848344
1 0.46919431279620855 0.12890995260663507 0.058767772511848344 0.06255924170616113
6 0.44549763033175355 0.1009478672985782 0.05308056872037915 0.04834123222748815
6 0.4251184834123223 0.08151658767772511 0.05781990521327014 0.043601895734597156
6 0.4137440758293839 0.052132701421800945 0.04834123222748815 0.04170616113744076
8 0.08720379146919431 0.6071090047393365 0.09004739336492891 0.0985781990521327
8 0.15308056872037915 0.5862559241706161 0.09289099526066351 0.0985781990521327
9 0.2042654028436019 0.5672985781990522 0.06255924170616113 0.07298578199052133
9 0.25213270142180094 0.5535545023696683 0.06255924170616113 0.07109004739336493
8 0.28199052132701424 0.8734597156398104 0.0985781990521327 0.0985781990521327
8 0.3246445497630332 0.8232227488151659 0.09289099526066351 0.08436018957345971
9 0.352132701421801 0.776303317535545 0.07488151658767772 0.06635071090047394
9 0.36492890995260663 0.7402843601895734 0.04928909952606635 0.058767772511848344
1 0.2900473933649289 0.5327014218009478 0.061611374407582936 0.07393364928909953
6 0.33364928909952607 0.5497630331753555 0.04739336492890995 0.054976303317535544
6 0.36729857819905215 0.5677725118483412 0.04454976303317536 0.06445497630331753
6 0.381042654028436 0.6170616113744076 0.017061611374407582 0.06066350710900474
1 0.3791469194312796 0.7037914691943128 0.02085308056872038 0.06729857819905213
8 0.8393364928909952 0.4819905213270142 0.09573459715639811 0.04454976303317536
8 0.5597156398104265 0.6156398104265403 0.07677725118483412 0.07772511848341232
9 0.6004739336492891 0.6488151658767772 0.061611374407582936 0.07298578199052133
9 0.8436018957345972 0.5208530805687204 0.07393364928909953 0.06445497630331753
9 0.8393364928909952 0.5691943127962086 0.07203791469194312 0.06255924170616113
9 0.6417061611374407 0.6729857819905213 0.06066350710900474 0.06729857819905213
6 0.7270142180094786 0.6886255924170616 0.05402843601895735 0.06540284360189573
6 0.7559241706161137 0.6824644549763034 0.05308056872037915 0.05781990521327014
6 0.7843601895734598 0.6696682464454976 0.058767772511848344 0.06540284360189573
6 0.8056872037914692 0.6483412322274882 0.06540284360189573 0.06445497630331753
1 0.8279620853080568 0.6127962085308057 0.06445497630331753 0.06350710900473934
1 0.6867298578199053 0.6862559241706161 0.05687203791469194 0.06445497630331753