2 0.0881516587677725 0.3909952606635071 0.06066350710900474 0.07488151658767772
8 0.15071090047393365 0.36587677725118484 0.07677725118483412 0.08720379146919431
9 0.2014218009478673 0.33696682464454975 0.06066350710900474 0.07488151658767772
9 0.24502369668246446 0.3232227488151659 0.054976303317535544 0.06919431279620854
1 0.285781990521327 0.3004739336492891 0.05781990521327014 0.06729857819905213
6 0.3298578199052133 0.3109004739336493 0.05118483412322275 0.05971563981042654
6 0.36492890995260663 0.3298578199052133 0.06824644549763033 0.07298578199052133
6 0.404739336492891 0.37109004739336493 0.06824644549763033 0.06824644549763033
6 0.4151658767772512 0.4165876777251185 0.052132701421800945 0.04549763033175355
1 0.4146919431279621 0.45545023696682463 0.07393364928909953 0.05781990521327014
9 0.385781990521327 0.4962085308056872 0.06919431279620854 0.058767772511848344
9 0.36824644549763036 0.5303317535545023 0.06635071090047394 0.05687203791469194
8 0.3407582938388626 0.5606635071090047 0.09004739336492891 0.03696682464454976
3 0.07156398104265403 0.752132701421801 0.04549763033175355 0.043601895734597156
3 0.09289099526066351 0.7 0.04265402843601896 0.04170616113744076
8 0.414218009478673 0.8507109004739336 0.08436018957345971 0.07582938388625593
8 0.41706161137440756 0.7886255924170616 0.09004739336492891 0.08530805687203792
9 0.4213270142180095 0.7312796208530805 0.07393364928909953 0.06350710900473934
9 0.4132701421800948 0.6867298578199053 0.07677725118483412 0.06729857819905213
9 0.11800947867298578 0.6450236966824645 0.07203791469194312 0.06824644549763033
9 0.14644549763033177 0.6113744075829384 0.08056872037914692 0.06445497630331753
1 0.1900473933649289 0.5928909952606635 0.05971563981042654 0.027488151658767772
1 0.4099526066350711 0.6393364928909953 0.06824644549763033 0.07109004739336493
6 0.285781990521327 0.5867298578199052 0.06919431279620854 0.015165876777251185
6 0.3464454976303318 0.5985781990521327 0.07109004739336493 0.03886255924170616
6 0.3853080568720379 0.6071090047393365 0.061611374407582936 0.055924170616113746
8 0.8895734597156398 0.6061611374407583 0.05971563981042654 0.05402843601895735
8 0.8734597156398104 0.6412322274881517 0.06350710900473934 0.058767772511848344
9 0.8540284360189574 0.6867298578199053 0.06255924170616113 0.06066350710900474
9 0.8327014218009479 0.7279620853080568 0.061611374407582936 0.061611374407582936
9 0.9933649289099526 0.8549763033175355 0.013270142180094787 0.058767772511848344
9 0.9715639810426541 0.8710900473933649 0.054976303317535544 0.061611374407582936
1 0.8251184834123223 0.771090047393365 0.052132701421800945 0.04739336492890995
1 0.9270142180094787 0.8701421800947867 0.046445497630331754 0.05781990521327014
6 0.8947867298578199 0.876303317535545 0.04170616113744076 0.05402843601895735
6 0.8658767772511848 0.8563981042654029 0.04265402843601896 0.05118483412322275
6 0.8402843601895734 0.8236966824644549 0.052132701421800945 0.04170616113744076
6 0.8199052132701422 0.8023696682464455 0.055924170616113746 0.04075829383886256