8 0.14312796208530806 0.2800947867298578 0.07203791469194312 0.08056872037914692
2 0.1966824644549763 0.3052132701421801 0.05781990521327014 0.06540284360189573
1 0.018957345971563982 0.22701421800947869 0.037914691943127965 0.06350710900473934
9 0.05687203791469194 0.24028436018957347 0.046445497630331754 0.058767772511848344
9 0.0966824644549763 0.25402843601895736 0.055924170616113746 0.058767772511848344
8 0.7843601895734598 0.3061611374407583 0.06919431279620854 0.07298578199052133
8 0.7118483412322275 0.31990521327014215 0.06824644549763033 0.06919431279620854
4 0.638388625592417 0.32606635071090045 0.043601895734597156 0.04265402843601896
9 0.5772511848341232 0.33317535545023697 0.05781990521327014 0.07203791469194312
9 0.5255924170616114 0.3360189573459716 0.05023696682464455 0.06066350710900474
1 0.4791469194312796 0.3293838862559242 0.05402843601895735 0.058767772511848344
6 0.45213270142180095 0.3066350710900474 0.05781990521327014 0.04928909952606635
6 0.4327014218009479 0.27440758293838863 0.06255924170616113 0.046445497630331754
6 0.4127962085308057 0.23886255924170616 0.05023696682464455 0.04170616113744076
8 0.26540284360189575 0.6260663507109004 0.06824644549763033 0.07488151658767772
8 0.27535545023696684 0.5748815165876777 0.04834123222748815 0.08246445497630332
9 0.28720379146919434 0.5184834123222749 0.024644549763033177 0.06066350710900474
8 0.44597156398104265 0.6578199052132702 0.06919431279620854 0.06824644549763033
8 0.4606635071090047 0.7175355450236967 0.07109004739336493 0.07109004739336493
9 0.47345971563981043 0.7658767772511849 0.05781990521327014 0.05118483412322275
9 0.4872037914691943 0.809478672985782 0.052132701421800945 0.055924170616113746
8 0.7881516587677725 0.704739336492891 0.06445497630331753 0.06729857819905213
8 0.7592417061611374 0.7502369668246446 0.06445497630331753 0.06729857819905213
9 0.7336492890995261 0.7985781990521327 0.05781990521327014 0.05402843601895735
9 0.7151658767772512 0.8440758293838863 0.054976303317535544 0.055924170616113746
1 0.6796208530805687 0.8696682464454977 0.055924170616113746 0.06255924170616113
1 0.5080568720379147 0.8473933649289099 0.05402843601895735 0.06350710900473934
6 0.6440758293838863 0.8791469194312796 0.05308056872037915 0.05687203791469194
6 0.6080568720379147 0.8829383886255924 0.04265402843601896 0.058767772511848344
6 0.5744075829383887 0.8829383886255924 0.03696682464454976 0.04928909952606635
6 0.5421800947867299 0.8744075829383886 0.05023696682464455 0.05402843601895735