8 0.18862559241706162 0.013744075829383886 0.06635071090047394 0.027488151658767772
8 0.2066350710900474 0.05023696682464455 0.07393364928909953 0.07488151658767772
9 0.22227488151658767 0.10284360189573459 0.05781990521327014 0.054976303317535544
1 0.21421800947867298 0.19194312796208532 0.055924170616113746 0.05308056872037915
1 0.06635071090047394 0.2720379146919431 0.046445497630331754 0.05308056872037915
6 0.10710900473933649 0.26966824644549764 0.04834123222748815 0.054976303317535544
6 0.1962085308056872 0.22890995260663508 0.04834123222748815 0.04834123222748815
6 0.17061611374407584 0.25402843601895736 0.052132701421800945 0.05023696682464455
6 0.14123222748815165 0.2677725118483412 0.052132701421800945 0.052132701421800945
9 0.02227488151658768 0.23696682464454977 0.04454976303317536 0.07203791469194312
7 0.21658767772511847 0.14834123222748816 0.04549763033175355 0.046445497630331754
9 0.4203791469194313 0.37203791469194314 0.021800947867298578 0.07677725118483412
1 0.4364928909952607 0.34739336492890993 0.05402843601895735 0.07488151658767772
1 0.6151658767772512 0.4251184834123223 0.07203791469194312 0.04834123222748815
6 0.46966824644549765 0.3350710900473934 0.06066350710900474 0.06919431279620854
6 0.5165876777251185 0.34360189573459715 0.06919431279620854 0.07393364928909953
6 0.566350710900474 0.36208530805687206 0.06824644549763033 0.07582938388625593
6 0.6004739336492891 0.39478672985781993 0.061611374407582936 0.06350710900473934
8 0.3758293838862559 0.8753554502369668 0.06729857819905213 0.0976303317535545
3 0.7388625592417062 0.9805687203791469 0.052132701421800945 0.03886255924170616
3 0.7056872037914692 0.9199052132701422 0.04928909952606635 0.04454976303317536
3 0.6924170616113744 0.8649289099526066 0.05118483412322275 0.04454976303317536
3 0.6947867298578199 0.8255924170616113 0.04075829383886256 0.043601895734597156
3 0.9265402843601895 0.7161137440758294 0.03696682464454976 0.037914691943127965
3 0.8900473933649289 0.7066350710900474 0.03601895734597156 0.034123222748815164
3 0.8502369668246446 0.7165876777251184 0.04170616113744076 0.04739336492890995
0 0.7293838862559242 0.7398104265402844 0.07393364928909953 0.06445497630331753