8 0.16682464454976303 0.3824644549763033 0.0881516587677725 0.08909952606635071
8 0.17962085308056872 0.31516587677725116 0.09194312796208531 0.0966824644549763
9 0.19146919431279621 0.2563981042654028 0.07772511848341232 0.06824644549763033
9 0.21753554502369668 0.21943127962085307 0.06350710900473934 0.06824644549763033
8 0.5033175355450237 0.32748815165876777 0.0938388625592417 0.0966824644549763
9 0.48625592417061614 0.27440758293838863 0.06824644549763033 0.06540284360189573
9 0.4658767772511848 0.23317535545023696 0.07488151658767772 0.061611374407582936
1 0.44739336492890996 0.1938388625592417 0.06824644549763033 0.06255924170616113
6 0.4161137440758294 0.16919431279620853 0.06540284360189573 0.06445497630331753
6 0.3748815165876777 0.15734597156398103 0.06824644549763033 0.07582938388625593
6 0.32132701421800947 0.14834123222748816 0.07203791469194312 0.07962085308056872
6 0.27440758293838863 0.16113744075829384 0.04739336492890995 0.055924170616113746
1 0.23981042654028437 0.1853080568720379 0.06350710900473934 0.07203791469194312
9 0.6838862559241706 0.02037914691943128 0.052132701421800945 0.04075829383886256
9 0.6872037914691943 0.06398104265402843 0.06066350710900474 0.06255924170616113
1 0.6777251184834123 0.11137440758293839 0.054976303317535544 0.054976303317535544
6 0.6507109004739337 0.14075829383886257 0.054976303317535544 0.06350710900473934
6 0.6175355450236967 0.15876777251184834 0.04075829383886256 0.05023696682464455
6 0.5947867298578199 0.16635071090047393 0.01042654028436019 0.04454976303317536
3 0.012796208530805687 0.7800947867298578 0.025592417061611375 0.04170616113744076
8 0.042180094786729856 0.7511848341232228 0.08056872037914692 0.08909952606635071
9 0.08862559241706161 0.7293838862559242 0.06066350710900474 0.07014218009478673
9 0.12796208530805686 0.7080568720379147 0.06255924170616113 0.07014218009478673
1 0.17488151658767773 0.6938388625592417 0.06540284360189573 0.06635071090047394
6 0.21990521327014217 0.7033175355450237 0.058767772511848344 0.06066350710900474
6 0.25687203791469193 0.7175355450236967 0.06255924170616113 0.07014218009478673
6 0.2909952606635071 0.7469194312796209 0.061611374407582936 0.06729857819905213
8 0.9611374407582939 0.6625592417061611 0.07772511848341232 0.1023696682464455
9 0.6232227488151659 0.685781990521327 0.06729857819905213 0.06919431279620854
4 0.623696682464455 0.6440758293838863 0.04170616113744076 0.034123222748815164
4 0.6398104265402843 0.6099526066350711 0.03981042654028436 0.035071090047393366
1 0.7924170616113744 0.5265402843601896 0.06824644549763033 0.07393364928909953
6 0.7450236966824645 0.5260663507109005 0.06066350710900474 0.07203791469194312
6 0.6928909952606636 0.5317535545023697 0.08436018957345971 0.08341232227488152
6 0.6421800947867299 0.5592417061611374 0.07867298578199051 0.08436018957345971