8 0.6488151658767772 0.2962085308056872 0.08341232227488152 0.0881516587677725
8 0.5796208530805688 0.3113744075829384 0.07867298578199051 0.08246445497630332
9 0.5293838862559241 0.32085308056872036 0.04549763033175355 0.05402843601895735
9 0.4881516587677725 0.3165876777251185 0.052132701421800945 0.05118483412322275
1 0.44454976303317534 0.3123222748815166 0.05687203791469194 0.05118483412322275
6 0.41137440758293836 0.3066350710900474 0.04834123222748815 0.04928909952606635
6 0.3933649289099526 0.27677725118483415 0.055924170616113746 0.04834123222748815
6 0.36729857819905215 0.24881516587677724 0.055924170616113746 0.04265402843601896
6 0.3644549763033175 0.22037914691943128 0.06255924170616113 0.05118483412322275
9 0.9654028436018958 0.3360189573459716 0.06919431279620854 0.06350710900473934
9 0.95260663507109 0.3758293838862559 0.07582938388625593 0.06824644549763033
9 0.7127962085308057 0.3796208530805687 0.026540284360189573 0.06350710900473934
1 0.718957345971564 0.4184834123222749 0.03886255924170616 0.06919431279620854
1 0.9199052132701422 0.4151658767772512 0.06729857819905213 0.07393364928909953
6 0.8781990521327014 0.44454976303317534 0.05971563981042654 0.05687203791469194
6 0.8274881516587678 0.45924170616113746 0.07203791469194312 0.055924170616113746
6 0.7336492890995261 0.44502369668246444 0.06824644549763033 0.05971563981042654
4 0.2971563981042654 0.9853080568720379 0.03886255924170616 0.029383886255924172
8 0.24644549763033174 0.9535545023696682 0.06635071090047394 0.07488151658767772
9 0.2023696682464455 0.933175355450237 0.04928909952606635 0.06066350710900474
9 0.16350710900473933 0.9232227488151659 0.04928909952606635 0.06066350710900474
1 0.12227488151658768 0.9132701421800948 0.05023696682464455 0.05118483412322275
6 0.08388625592417062 0.9180094786729858 0.052132701421800945 0.05023696682464455
6 0.05118483412322275 0.9345971563981043 0.05971563981042654 0.05023696682464455
6 0.025592417061611375 0.9635071090047393 0.05118483412322275 0.052132701421800945