9 0.35450236966824644 0.3303317535545024 0.05781990521327014 0.05687203791469194
9 0.3042654028436019 0.31990521327014215 0.05687203791469194 0.06445497630331753
1 0.26066350710900477 0.33270142180094786 0.06255924170616113 0.06255924170616113
6 0.22085308056872038 0.35924170616113743 0.06635071090047394 0.06729857819905213
3 0.6303317535545023 0.3350710900473934 0.03601895734597156 0.03886255924170616
3 0.6635071090047393 0.2838862559241706 0.034123222748815164 0.03981042654028436
3 0.9829383886255925 0.34739336492890993 0.034123222748815164 0.04265402843601896
3 0.9563981042654028 0.2938388625592417 0.037914691943127965 0.04549763033175355
9 0.6658767772511849 0.21516587677725119 0.05118483412322275 0.05781990521327014
9 0.6928909952606636 0.17156398104265402 0.04928909952606635 0.058767772511848344
9 0.9421800947867298 0.22464454976303316 0.04549763033175355 0.046445497630331754
9 0.9165876777251185 0.18672985781990523 0.04549763033175355 0.05118483412322275
1 0.8909952606635071 0.15497630331753554 0.046445497630331754 0.06350710900473934
6 0.8549763033175355 0.14834123222748816 0.035071090047393366 0.06540284360189573
6 0.8246445497630331 0.13981042654028436 0.043601895734597156 0.07203791469194312
6 0.7971563981042654 0.13696682464454976 0.043601895734597156 0.06540284360189573
6 0.761611374407583 0.14170616113744075 0.05023696682464455 0.07014218009478673
1 0.7274881516587678 0.15118483412322276 0.05023696682464455 0.06445497630331753
3 0.052132701421800945 0.8037914691943128 0.05118483412322275 0.054976303317535544
8 0.0881516587677725 0.8597156398104265 0.06635071090047394 0.06919431279620854
8 0.3805687203791469 0.7777251184834123 0.06445497630331753 0.07298578199052133
8 0.36824644549763036 0.8308056872037914 0.05687203791469194 0.05971563981042654
9 0.35165876777251187 0.875829383886256 0.04834123222748815 0.04454976303317536
9 0.33270142180094786 0.9028436018957346 0.04928909952606635 0.055924170616113746
3 0.2981042654028436 0.918957345971564 0.03696682464454976 0.03981042654028436
3 0.17772511848341233 0.9303317535545024 0.031279620853080566 0.037914691943127965
9 0.13886255924170615 0.923696682464455 0.05023696682464455 0.05687203791469194
9 0.109478672985782 0.8962085308056872 0.05687203791469194 0.055924170616113746
3 0.8990521327014218 0.8601895734597157 0.03886255924170616 0.037914691943127965
3 0.8687203791469195 0.8170616113744076 0.037914691943127965 0.037914691943127965
3 0.8322274881516588 0.7796208530805687 0.037914691943127965 0.03886255924170616
8 0.5815165876777251 0.9753554502369668 0.07867298578199051 0.04928909952606635
8 0.5710900473933649 0.9208530805687204 0.07962085308056872 0.07203791469194312
9 0.5630331753554503 0.8663507109004739 0.07203791469194312 0.04834123222748815
9 0.5630331753554503 0.8161137440758294 0.07203791469194312 0.05308056872037915
1 0.5696682464454976 0.7663507109004739 0.06066350710900474 0.055924170616113746
9 0.8184834123222748 0.7331753554502369 0.06540284360189573 0.06445497630331753
1 0.7805687203791469 0.6957345971563981 0.05118483412322275 0.05971563981042654
6 0.7355450236966825 0.6800947867298578 0.04834123222748815 0.06919431279620854
6 0.6862559241706161 0.6843601895734597 0.05971563981042654 0.07014218009478673
6 0.6341232227488152 0.6990521327014217 0.06066350710900474 0.07298578199052133
6 0.5971563981042654 0.7246445497630332 0.058767772511848344 0.06255924170616113