8 0.4843601895734597 0.29289099526066353 0.07488151658767772 0.07298578199052133
8 0.4208530805687204 0.27535545023696684 0.08436018957345971 0.08246445497630332
9 0.36587677725118484 0.2563981042654028 0.07677725118483412 0.07962085308056872
3 0.3246445497630332 0.26255924170616113 0.037914691943127965 0.04739336492890995
3 0.28104265402843603 0.2800947867298578 0.031279620853080566 0.03601895734597156
3 0.22890995260663508 0.3303317535545024 0.05118483412322275 0.05308056872037915
6 0.15829383886255924 0.3412322274881517 0.08625592417061612 0.1014218009478673
6 0.14739336492890995 0.38293838862559243 0.07772511848341232 0.07298578199052133
1 0.15165876777251186 0.4270142180094787 0.07962085308056872 0.06824644549763033
9 0.16492890995260664 0.4767772511848341 0.07867298578199051 0.07298578199052133
8 0.21374407582938387 0.5317535545023697 0.07298578199052133 0.015165876777251185
9 0.18578199052132702 0.5132701421800948 0.06824644549763033 0.052132701421800945
8 0.7213270142180095 0.2957345971563981 0.07203791469194312 0.07298578199052133
8 0.771563981042654 0.27014218009478674 0.08341232227488152 0.0881516587677725
9 0.8123222748815165 0.23696682464454977 0.054976303317535544 0.06350710900473934
9 0.8459715639810427 0.2123222748815166 0.055924170616113746 0.06540284360189573
1 0.8810426540284361 0.1900473933649289 0.05687203791469194 0.07014218009478673
6 0.9274881516587677 0.1853080568720379 0.06066350710900474 0.07014218009478673
6 0.9710900473933649 0.1815165876777251 0.05781990521327014 0.07109004739336493
6 0.9890995260663508 0.2071090047393365 0.021800947867298578 0.07109004739336493
8 0.5066350710900474 0.7672985781990521 0.06540284360189573 0.0938388625592417
3 0.45402843601895737 0.7582938388625592 0.04739336492890995 0.04928909952606635
9 0.395260663507109 0.7682464454976303 0.061611374407582936 0.06824644549763033
9 0.352132701421801 0.7767772511848341 0.05781990521327014 0.06350710900473934
1 0.3113744075829384 0.795260663507109 0.05687203791469194 0.05971563981042654
6 0.2843601895734597 0.8246445497630331 0.04928909952606635 0.046445497630331754
6 0.2781990521327014 0.8563981042654029 0.06350710900473934 0.04928909952606635
8 0.6502369668246446 0.985781990521327 0.07772511848341232 0.02843601895734597
6 0.5540284360189573 0.8170616113744076 0.029383886255924172 0.08341232227488152
6 0.5777251184834123 0.8341232227488151 0.06919431279620854 0.06919431279620854
6 0.6184834123222749 0.8630331753554502 0.05402843601895735 0.05308056872037915
1 0.6360189573459716 0.9104265402843602 0.07014218009478673 0.06729857819905213