2 0.21469194312796208 0.00900473933649289 0.03317535545023697 0.01800947867298578
3 0.25781990521327014 0.021800947867298578 0.03317535545023697 0.03981042654028436
1 0.2933649289099526 0.05402843601895735 0.054976303317535544 0.07772511848341232
6 0.3350710900473934 0.06492890995260664 0.052132701421800945 0.061611374407582936
6 0.37345971563981045 0.05118483412322275 0.04739336492890995 0.06066350710900474
6 0.4 0.03601895734597156 0.04739336492890995 0.05687203791469194
6 0.42417061611374407 0.02132701421800948 0.04834123222748815 0.04265402843601896
8 0.5203791469194313 0.9364928909952607 0.08436018957345971 0.08530805687203792
2 0.5800947867298578 0.9345971563981043 0.055924170616113746 0.06729857819905213
9 0.46398104265402845 0.9440758293838862 0.052132701421800945 0.06919431279620854
9 0.42369668246445497 0.9298578199052133 0.055924170616113746 0.07393364928909953
1 0.3791469194312796 0.933175355450237 0.052132701421800945 0.06919431279620854
6 0.35592417061611376 0.9113744075829384 0.05118483412322275 0.058767772511848344
6 0.3227488151658768 0.8876777251184834 0.06255924170616113 0.07109004739336493
6 0.2990521327014218 0.8502369668246446 0.055924170616113746 0.06255924170616113
3 0.9 0.6701421800947868 0.05023696682464455 0.052132701421800945
3 0.9379146919431279 0.637914691943128 0.05118483412322275 0.04834123222748815