8 0.13270142180094788 0.012322274881516588 0.1004739336492891 0.024644549763033177
9 0.16492890995260664 0.03175355450236967 0.07203791469194312 0.06350710900473934
9 0.18909952606635072 0.06824644549763033 0.06824644549763033 0.06445497630331753
1 0.2 0.11611374407582939 0.06066350710900474 0.058767772511848344
3 0.016587677725118485 0.22227488151658767 0.03317535545023697 0.04075829383886256
6 0.195260663507109 0.15402843601895735 0.052132701421800945 0.055924170616113746
6 0.18056872037914692 0.18009478672985782 0.05118483412322275 0.055924170616113746
6 0.15971563981042655 0.2066350710900474 0.04549763033175355 0.04928909952606635
6 0.13080568720379146 0.22606635071090048 0.04834123222748815 0.05402843601895735
1 0.09194312796208531 0.24170616113744076 0.06066350710900474 0.07109004739336493
9 0.053554502369668244 0.24265402843601896 0.05308056872037915 0.054976303317535544
8 0.5791469194312796 0.22748815165876776 0.03981042654028436 0.08530805687203792
8 0.8516587677725118 0.12180094786729857 0.09289099526066351 0.09194312796208531
8 0.5729857819905213 0.15876777251184834 0.027488151658767772 0.08436018957345971
8 0.8151658767772512 0.06350710900473934 0.09289099526066351 0.09573459715639811
9 0.7815165876777251 0.025592417061611375 0.07298578199052133 0.05118483412322275
1 0.5710900473933649 0.025592417061611375 0.023696682464454975 0.05118483412322275
8 0.25213270142180094 0.533649289099526 0.07962085308056872 0.02843601895734597
9 0.25829383886255924 0.5630331753554503 0.07203791469194312 0.05781990521327014
9 0.25071090047393363 0.6009478672985782 0.07109004739336493 0.06635071090047394
9 0.02085308056872038 0.6824644549763034 0.04170616113744076 0.06824644549763033
1 0.031279620853080566 0.7170616113744076 0.06255924170616113 0.06919431279620854
1 0.24218009478672986 0.6469194312796208 0.07488151658767772 0.07867298578199051
6 0.2213270142180095 0.6824644549763034 0.06540284360189573 0.08056872037914692
6 0.18104265402843603 0.7099526066350711 0.07393364928909953 0.0909952606635071
6 0.13080568720379146 0.7308056872037915 0.06729857819905213 0.08720379146919431
6 0.07962085308056872 0.7298578199052133 0.06540284360189573 0.07962085308056872
9 0.5777251184834123 0.7848341232227488 0.03696682464454976 0.07582938388625593
9 0.6 0.8132701421800947 0.07677725118483412 0.07203791469194312
1 0.6255924170616114 0.8507109004739336 0.08056872037914692 0.07298578199052133