6 0.024170616113744076 0.5696682464454976 0.04834123222748815 0.018957345971563982
1 0.08767772511848342 0.5672985781990522 0.06350710900473934 0.023696682464454975
9 0.13791469194312797 0.5592417061611374 0.05781990521327014 0.03981042654028436
9 0.17393364928909952 0.5488151658767773 0.061611374407582936 0.06066350710900474
8 0.22227488151658767 0.5071090047393365 0.1014218009478673 0.0966824644549763
8 0.680568720379147 0.025592417061611375 0.08530805687203792 0.05118483412322275
9 0.6767772511848341 0.06350710900473934 0.05781990521327014 0.05971563981042654
9 0.6725118483412322 0.109478672985782 0.05402843601895735 0.055924170616113746
1 0.6663507109004739 0.14976303317535544 0.05023696682464455 0.055924170616113746
6 0.6421800947867299 0.17819905213270143 0.03981042654028436 0.05118483412322275
6 0.614691943127962 0.1957345971563981 0.03696682464454976 0.05308056872037915
6 0.5843601895734597 0.2028436018957346 0.04170616113744076 0.058767772511848344
6 0.5540284360189573 0.1966824644549763 0.04549763033175355 0.05971563981042654
1 0.5213270142180095 0.1848341232227488 0.04928909952606635 0.05781990521327014
9 0.4867298578199052 0.16350710900473933 0.05118483412322275 0.055924170616113746
9 0.45213270142180095 0.13270142180094788 0.058767772511848344 0.06255924170616113
0 0.4218009478672986 0.0895734597156398 0.024644549763033177 0.04265402843601896
8 0.3109004739336493 0.7658767772511849 0.0881516587677725 0.08530805687203792
8 0.37203791469194314 0.781042654028436 0.07488151658767772 0.08909952606635071
9 0.43601895734597157 0.5966824644549763 0.05308056872037915 0.035071090047393366
8 0.737914691943128 0.6014218009478673 0.09004739336492891 0.04454976303317536
9 0.7009478672985782 0.6203791469194313 0.06350710900473934 0.07109004739336493
9 0.6616113744075829 0.6535545023696683 0.054976303317535544 0.06350710900473934
1 0.6175355450236967 0.6687203791469194 0.05971563981042654 0.07867298578199051
1 0.44123222748815166 0.6255924170616114 0.06255924170616113 0.07203791469194312
3 0.5682464454976304 0.6530805687203791 0.034123222748815164 0.04265402843601896
3 0.4890995260663507 0.6175355450236967 0.03696682464454976 0.03981042654028436