8 0.23554502369668245 0.27014218009478674 0.10426540284360189 0.0976303317535545
8 0.15592417061611374 0.271563981042654 0.08720379146919431 0.08625592417061612
3 0.03886255924170616 0.25734597156398104 0.04170616113744076 0.03601895734597156
8 0.46777251184834123 0.23175355450236967 0.055924170616113746 0.08625592417061612
8 0.5213270142180095 0.271563981042654 0.0938388625592417 0.1014218009478673
9 0.5957345971563981 0.3123222748815166 0.05971563981042654 0.07203791469194312
9 0.5772511848341232 0.2843601895734597 0.061611374407582936 0.05971563981042654
1 0.6393364928909953 0.33175355450236965 0.05971563981042654 0.07298578199052133
6 0.6834123222748815 0.318957345971564 0.04834123222748815 0.05781990521327014
6 0.7180094786729858 0.3113744075829384 0.04075829383886256 0.055924170616113746
6 0.7355450236966825 0.2890995260663507 0.037914691943127965 0.054976303317535544
1 0.13412322274881516 0.6507109004739337 0.06824644549763033 0.06255924170616113
3 0.5691943127962086 0.6663507109004739 0.04265402843601896 0.04265402843601896
3 0.5327014218009478 0.7962085308056872 0.03981042654028436 0.03601895734597156
3 0.5393364928909953 0.8383886255924171 0.03317535545023697 0.034123222748815164
8 0.8374407582938389 0.8042654028436019 0.07867298578199051 0.08151658767772511
8 0.8 0.8492890995260663 0.08246445497630332 0.08720379146919431
9 0.7587677725118483 0.885781990521327 0.061611374407582936 0.06255924170616113
9 0.7246445497630332 0.9113744075829384 0.058767772511848344 0.06066350710900474
1 0.6886255924170616 0.9393364928909953 0.06255924170616113 0.06729857819905213
6 0.6421800947867299 0.9507109004739337 0.05118483412322275 0.058767772511848344
6 0.5966824644549763 0.9412322274881516 0.061611374407582936 0.06919431279620854
6 0.556872037914692 0.9203791469194312 0.06255924170616113 0.06635071090047394
6 0.5374407582938389 0.8867298578199052 0.05687203791469194 0.058767772511848344
3 0.5379146919431279 0.7549763033175355 0.03981042654028436 0.03981042654028436