8 0.38436018957345974 0.15545023696682464 0.07109004739336493 0.07962085308056872
9 0.2829383886255924 0.15071090047393365 0.05023696682464455 0.055924170616113746
9 0.24597156398104264 0.14928909952606634 0.05308056872037915 0.05308056872037915
1 0.2127962085308057 0.12985781990521328 0.05402843601895735 0.05971563981042654
6 0.18578199052132702 0.10900473933649289 0.05402843601895735 0.04928909952606635
6 0.17440758293838862 0.08056872037914692 0.05308056872037915 0.04549763033175355
6 0.16492890995260664 0.05402843601895735 0.055924170616113746 0.04170616113744076
1 0.16303317535545023 0.02227488151658768 0.06255924170616113 0.04454976303317536
9 0.17440758293838862 0.006635071090047393 0.054976303317535544 0.013270142180094787
8 0.738388625592417 0.04265402843601896 0.07772511848341232 0.08341232227488152
9 0.709478672985782 0.08578199052132701 0.058767772511848344 0.052132701421800945
9 0.681042654028436 0.12180094786729857 0.054976303317535544 0.04928909952606635
8 0.4777251184834123 0.012796208530805687 0.07393364928909953 0.025592417061611375
9 0.4829383886255924 0.03696682464454976 0.058767772511848344 0.05118483412322275
9 0.4938388625592417 0.07630331753554502 0.04549763033175355 0.05023696682464455
1 0.6511848341232227 0.14881516587677726 0.05118483412322275 0.05781990521327014
6 0.6132701421800948 0.15592417061611374 0.03317535545023697 0.035071090047393366
6 0.5819905213270142 0.16113744075829384 0.03222748815165877 0.03222748815165877
6 0.5545023696682464 0.15165876777251186 0.03886255924170616 0.03696682464454976
6 0.5274881516587677 0.13744075829383887 0.037914691943127965 0.03601895734597156
1 0.5033175355450237 0.11327014218009479 0.05118483412322275 0.05023696682464455
8 0.17772511848341233 0.43412322274881515 0.08246445497630332 0.06824644549763033
8 0.17014218009478674 0.4924170616113744 0.06540284360189573 0.06824644549763033
9 0.16161137440758294 0.5421800947867299 0.05308056872037915 0.054976303317535544
9 0.14834123222748816 0.5819905213270142 0.06540284360189573 0.06445497630331753
1 0.12654028436018958 0.6227488151658768 0.06066350710900474 0.06445497630331753
6 0.0990521327014218 0.6488151658767772 0.05687203791469194 0.06445497630331753
6 0.06729857819905213 0.6587677725118484 0.04834123222748815 0.061611374407582936
6 0.025118483412322274 0.6611374407582938 0.046445497630331754 0.06445497630331753
6 0.005687203791469194 0.6559241706161137 0.011374407582938388 0.06066350710900474
8 0.7563981042654029 0.6450236966824645 0.07677725118483412 0.08720379146919431
9 0.8099526066350711 0.6312796208530805 0.05308056872037915 0.06540284360189573
9 0.8478672985781991 0.6289099526066351 0.05402843601895735 0.06824644549763033
1 0.8919431279620853 0.6317535545023697 0.054976303317535544 0.06540284360189573
6 0.9312796208530806 0.6492890995260664 0.06066350710900474 0.06635071090047394
6 0.9630331753554502 0.6729857819905213 0.06919431279620854 0.06445497630331753