8 0.2971563981042654 0.3118483412322275 0.09194312796208531 0.0947867298578199
3 0.33696682464454975 0.36113744075829385 0.052132701421800945 0.04834123222748815
9 0.34454976303317536 0.4184834123222749 0.06350710900473934 0.06635071090047394
9 0.35497630331753555 0.46919431279620855 0.05971563981042654 0.05781990521327014
9 0.566350710900474 0.4317535545023697 0.025592417061611375 0.06540284360189573
9 0.5625592417061611 0.4758293838862559 0.03317535545023697 0.06445497630331753
1 0.543127962085308 0.5071090047393365 0.05687203791469194 0.07488151658767772
6 0.5104265402843602 0.5184834123222749 0.046445497630331754 0.06635071090047394
6 0.4777251184834123 0.5127962085308057 0.04265402843601896 0.052132701421800945
6 0.44360189573459713 0.5156398104265403 0.037914691943127965 0.055924170616113746
6 0.4085308056872038 0.5156398104265403 0.04549763033175355 0.061611374407582936
1 0.37725118483412323 0.5061611374407583 0.05308056872037915 0.07014218009478673
4 0.5947867298578199 0.3061611374407583 0.031279620853080566 0.043601895734597156
3 0.6440758293838863 0.33791469194312795 0.043601895734597156 0.043601895734597156
9 0.8843601895734597 0.2071090047393365 0.06635071090047394 0.058767772511848344
9 0.8928909952606635 0.24928909952606634 0.06066350710900474 0.054976303317535544
1 0.8933649289099526 0.2848341232227488 0.05971563981042654 0.05687203791469194
6 0.8914691943127963 0.32037914691943126 0.043601895734597156 0.043601895734597156
6 0.8549763033175355 0.34454976303317536 0.061611374407582936 0.07203791469194312
6 0.8303317535545024 0.37298578199052135 0.05687203791469194 0.05687203791469194
6 0.8009478672985783 0.3819905213270142 0.04834123222748815 0.05971563981042654
1 0.7606635071090048 0.385781990521327 0.05687203791469194 0.06255924170616113
2 0.7199052132701422 0.3706161137440758 0.037914691943127965 0.04454976303317536
9 0.016587677725118485 0.8687203791469195 0.03317535545023697 0.06540284360189573
9 0.04028436018957346 0.8914691943127963 0.055924170616113746 0.058767772511848344
1 0.08483412322274882 0.8943127962085308 0.054976303317535544 0.05308056872037915
6 0.11469194312796209 0.8781990521327014 0.04549763033175355 0.05308056872037915
6 0.14691943127962084 0.8753554502369668 0.04454976303317536 0.05402843601895735
6 0.16492890995260664 0.8563981042654029 0.043601895734597156 0.046445497630331754
6 0.18862559241706162 0.8374407582938389 0.04549763033175355 0.046445497630331754
9 0.21800947867298578 0.7345971563981043 0.058767772511848344 0.04928909952606635
8 0.8090047393364929 0.843127962085308 0.061611374407582936 0.07014218009478673
8 0.8398104265402844 0.8014218009478673 0.06919431279620854 0.07393364928909953
9 0.8691943127962085 0.7682464454976303 0.05687203791469194 0.06255924170616113
9 0.8943127962085308 0.7417061611374408 0.05308056872037915 0.05971563981042654
1 0.9213270142180094 0.7274881516587678 0.054976303317535544 0.035071090047393366
6 0.9497630331753555 0.7156398104265402 0.037914691943127965 0.011374407582938388
6 0.9781990521327014 0.7222748815165877 0.043601895734597156 0.024644549763033177