9 0.03222748815165877 0.3796208530805687 0.06445497630331753 0.01990521327014218
9 0.07156398104265403 0.3687203791469194 0.06350710900473934 0.04170616113744076
1 0.12085308056872038 0.36113744075829385 0.07109004739336493 0.05687203791469194
6 0.16113744075829384 0.36729857819905215 0.06066350710900474 0.04454976303317536
6 0.1985781990521327 0.3706161137440758 0.06919431279620854 0.037914691943127965
8 0.16303317535545023 0.6132701421800948 0.0938388625592417 0.09194312796208531
3 0.23127962085308057 0.6118483412322275 0.04454976303317536 0.04454976303317536
9 0.28199052132701424 0.6109004739336493 0.055924170616113746 0.06066350710900474
9 0.3232227488151659 0.6018957345971564 0.055924170616113746 0.058767772511848344
1 0.36066350710900474 0.590047393364929 0.05023696682464455 0.05402843601895735
6 0.3848341232227488 0.5687203791469194 0.046445497630331754 0.04454976303317536
0 0.4819905213270142 0.5601895734597157 0.025592417061611375 0.05118483412322275
9 0.5052132701421801 0.5374407582938389 0.06540284360189573 0.07393364928909953
9 0.5502369668246445 0.5146919431279621 0.06919431279620854 0.07582938388625593
1 0.6 0.495260663507109 0.07109004739336493 0.07298578199052133
6 0.6497630331753554 0.4962085308056872 0.07582938388625593 0.07203791469194312
6 0.6943127962085308 0.5123222748815166 0.07962085308056872 0.07582938388625593
6 0.728436018957346 0.5402843601895735 0.06445497630331753 0.058767772511848344