8 0.37867298578199055 0.42843601895734595 0.09194312796208531 0.09289099526066351
2 0.44075829383886256 0.4317535545023697 0.05687203791469194 0.07298578199052133
8 0.933649289099526 0.1962085308056872 0.08530805687203792 0.0947867298578199
8 0.8734597156398104 0.22037914691943128 0.07962085308056872 0.09289099526066351
9 0.6654028436018957 0.03364928909952607 0.07014218009478673 0.06729857819905213
9 0.8260663507109005 0.24075829383886255 0.06445497630331753 0.07582938388625593
9 0.781042654028436 0.24881516587677724 0.06540284360189573 0.07109004739336493
1 0.7341232227488151 0.25734597156398104 0.061611374407582936 0.06729857819905213
9 0.64739336492891 0.07630331753554502 0.07109004739336493 0.07582938388625593
1 0.6255924170616114 0.11516587677725118 0.07014218009478673 0.07109004739336493
6 0.6218009478672986 0.16492890995260664 0.06445497630331753 0.05971563981042654
6 0.6289099526066351 0.20853080568720378 0.07677725118483412 0.07488151658767772
6 0.6644549763033175 0.23981042654028437 0.07203791469194312 0.07109004739336493
6 0.6966824644549763 0.25450236966824646 0.05402843601895735 0.054976303317535544
8 0.14360189573459717 0.8502369668246446 0.08625592417061612 0.09004739336492891
9 0.13507109004739337 0.9014218009478673 0.06445497630331753 0.06066350710900474
9 0.11943127962085308 0.9398104265402843 0.05687203791469194 0.05687203791469194
1 0.0947867298578199 0.9744075829383886 0.05118483412322275 0.05118483412322275
6 0.07298578199052133 0.9881516587677726 0.04549763033175355 0.023696682464454975
9 0.7374407582938388 0.7137440758293839 0.06255924170616113 0.06066350710900474
9 0.9720379146919431 0.6360189573459716 0.055924170616113746 0.06445497630331753
9 0.9725118483412323 0.6872037914691943 0.054976303317535544 0.06066350710900474
1 0.9563981042654028 0.7312796208530805 0.06919431279620854 0.08341232227488152
9 0.7611374407582938 0.7511848341232228 0.058767772511848344 0.05687203791469194
1 0.7962085308056872 0.7834123222748816 0.06445497630331753 0.07772511848341232
6 0.9312796208530806 0.7601895734597156 0.054976303317535544 0.07298578199052133
6 0.9009478672985782 0.7829383886255924 0.046445497630331754 0.06066350710900474
6 0.8677725118483413 0.7928909952606635 0.05023696682464455 0.05687203791469194
6 0.833175355450237 0.7962085308056872 0.04928909952606635 0.05687203791469194