2 0.4037914691943128 0.14549763033175356 0.05118483412322275 0.052132701421800945
9 0.3800947867298578 0.2616113744075829 0.054976303317535544 0.05308056872037915
9 0.3687203791469194 0.3014218009478673 0.04454976303317536 0.043601895734597156
1 0.35355450236966823 0.3355450236966825 0.04739336492890995 0.04739336492890995
9 0.16966824644549763 0.33270142180094786 0.04265402843601896 0.05118483412322275
1 0.2 0.3582938388625592 0.04549763033175355 0.05023696682464455
6 0.22748815165876776 0.376303317535545 0.03601895734597156 0.04928909952606635
6 0.262085308056872 0.37772511848341234 0.03886255924170616 0.046445497630331754
6 0.2966824644549763 0.3696682464454976 0.03981042654028436 0.05118483412322275
6 0.32796208530805687 0.36066350710900474 0.03601895734597156 0.04454976303317536
1 0.9014218009478673 0.2241706161137441 0.058767772511848344 0.06540284360189573
8 0.3066350710900474 0.5682464454976304 0.061611374407582936 0.06729857819905213
8 0.2502369668246445 0.5838862559241706 0.06635071090047394 0.07014218009478673
9 0.1957345971563981 0.5890995260663507 0.04454976303317536 0.05402843601895735
9 0.15165876777251186 0.5947867298578199 0.04928909952606635 0.05781990521327014
1 0.10710900473933649 0.5971563981042654 0.04739336492890995 0.054976303317535544
6 0.07345971563981042 0.5872037914691943 0.05023696682464455 0.04454976303317536
6 0.053554502369668244 0.5649289099526066 0.04454976303317536 0.04170616113744076
8 0.9824644549763033 0.866824644549763 0.035071090047393366 0.07488151658767772
9 0.9478672985781991 0.8530805687203792 0.05308056872037915 0.05687203791469194
9 0.9014218009478673 0.8450236966824645 0.04739336492890995 0.06540284360189573
1 0.8473933649289099 0.843127962085308 0.06445497630331753 0.05402843601895735
6 0.8004739336492891 0.8611374407582938 0.035071090047393366 0.04454976303317536
6 0.771563981042654 0.8886255924170616 0.034123222748815164 0.031279620853080566
6 0.7559241706161137 0.9104265402843602 0.04454976303317536 0.03317535545023697
6 0.752132701421801 0.9383886255924171 0.04834123222748815 0.037914691943127965