8 0.4791469194312796 0.061611374407582936 0.07393364928909953 0.07867298578199051
8 0.5180094786729857 0.031279620853080566 0.08246445497630332 0.06255924170616113
9 0.5578199052132702 0.00995260663507109 0.06540284360189573 0.01990521327014218
8 0.752132701421801 0.22274881516587677 0.07488151658767772 0.07014218009478673
8 0.7606635071090048 0.16824644549763032 0.07582938388625593 0.07582938388625593
9 0.771090047393365 0.11943127962085308 0.06729857819905213 0.06066350710900474
9 0.7706161137440758 0.07298578199052133 0.06635071090047394 0.061611374407582936
1 0.7578199052132701 0.034123222748815164 0.05781990521327014 0.05781990521327014
6 0.7104265402843601 0.010900473933649289 0.05023696682464455 0.021800947867298578
6 0.7360189573459716 0.018957345971563982 0.052132701421800945 0.037914691943127965
8 0.7341232227488151 0.6497630331753554 0.08720379146919431 0.08436018957345971
9 0.6265402843601896 0.6374407582938388 0.05308056872037915 0.05781990521327014
9 0.5895734597156398 0.633175355450237 0.055924170616113746 0.054976303317535544
1 0.5578199052132702 0.6118483412322275 0.05687203791469194 0.061611374407582936
6 0.5327014218009478 0.5890995260663507 0.055924170616113746 0.052132701421800945
6 0.5232227488151658 0.5597156398104265 0.054976303317535544 0.04834123222748815
6 0.5156398104265403 0.5327014218009478 0.05687203791469194 0.04454976303317536
1 0.5161137440758294 0.4995260663507109 0.06445497630331753 0.05023696682464455
9 0.5293838862559241 0.466824644549763 0.05781990521327014 0.05402843601895735
9 0.5535545023696683 0.45165876777251185 0.06066350710900474 0.023696682464454975