8 0.03838862559241706 0.46303317535545024 0.07677725118483412 0.09194312796208531
2 0.0981042654028436 0.46824644549763034 0.06350710900473934 0.07298578199052133
9 0.15497630331753554 0.46208530805687204 0.06350710900473934 0.06919431279620854
9 0.204739336492891 0.45545023696682463 0.05687203791469194 0.06066350710900474
1 0.23933649289099526 0.4317535545023697 0.05781990521327014 0.06350710900473934
6 0.25829383886255924 0.4090047393364929 0.04265402843601896 0.05781990521327014
6 0.25781990521327014 0.36635071090047394 0.043601895734597156 0.05402843601895735
9 0.7374407582938388 0.25829383886255924 0.055924170616113746 0.05402843601895735
1 0.7360189573459716 0.3004739336492891 0.05402843601895735 0.052132701421800945
6 0.7260663507109004 0.3246445497630332 0.052132701421800945 0.05023696682464455
6 0.6995260663507109 0.34454976303317536 0.04928909952606635 0.054976303317535544
6 0.671090047393365 0.352132701421801 0.04454976303317536 0.04928909952606635
6 0.637914691943128 0.36161137440758295 0.04739336492890995 0.05023696682464455
1 0.6061611374407583 0.35165876777251187 0.05402843601895735 0.05402843601895735
3 0.5530805687203791 0.3180094786729858 0.03886255924170616 0.04075829383886256
3 0.5127962085308057 0.2862559241706161 0.03981042654028436 0.03981042654028436
8 0.7341232227488151 0.1933649289099526 0.07014218009478673 0.04739336492890995
8 0.24360189573459715 0.6578199052132702 0.07203791469194312 0.07582938388625593
9 0.6440758293838863 0.5981042654028436 0.07677725118483412 0.037914691943127965
9 0.6943127962085308 0.6345971563981042 0.07962085308056872 0.07772511848341232
1 0.7454976303317535 0.6502369668246446 0.06919431279620854 0.07109004739336493
6 0.7886255924170616 0.6464454976303318 0.05687203791469194 0.07014218009478673
6 0.833175355450237 0.6360189573459716 0.07203791469194312 0.07677725118483412
6 0.8781990521327014 0.6118483412322275 0.07298578199052133 0.06540284360189573
6 0.8919431279620853 0.5943127962085308 0.08530805687203792 0.03033175355450237