8 0.25165876777251184 0.44739336492890996 0.07867298578199051 0.07772511848341232
9 0.3635071090047393 0.5033175355450237 0.05781990521327014 0.06635071090047394
8 0.9706161137440759 0.23270142180094786 0.058767772511848344 0.07677725118483412
9 0.9274881516587677 0.24644549763033174 0.04170616113744076 0.05118483412322275
9 0.8862559241706162 0.24597156398104264 0.04834123222748815 0.04739336492890995
1 0.8421800947867298 0.24502369668246446 0.05308056872037915 0.04739336492890995
6 0.8085308056872038 0.24265402843601896 0.04454976303317536 0.04549763033175355
6 0.7881516587677725 0.21421800947867298 0.052132701421800945 0.04454976303317536
6 0.7597156398104266 0.18862559241706162 0.05308056872037915 0.037914691943127965
6 0.7545023696682465 0.16066350710900473 0.058767772511848344 0.046445497630331754
9 0.3402843601895735 0.7137440758293839 0.05308056872037915 0.02843601895734597
9 0.35355450236966823 0.7407582938388626 0.04454976303317536 0.04739336492890995
1 0.3796208530805687 0.7691943127962085 0.04454976303317536 0.04928909952606635
6 0.4056872037914692 0.7805687203791469 0.02843601895734597 0.04834123222748815
2 0.7445497630331753 0.9848341232227488 0.046445497630331754 0.03033175355450237
4 0.781042654028436 0.9829383886255925 0.034123222748815164 0.034123222748815164
2 0.8298578199052132 0.9748815165876777 0.04075829383886256 0.05023696682464455
6 0.8838862559241706 0.9687203791469194 0.07109004739336493 0.06255924170616113
6 0.9255924170616113 0.9853080568720379 0.07109004739336493 0.029383886255924172