1 0.023696682464454975 0.37772511848341234 0.04739336492890995 0.05781990521327014
6 0.05165876777251185 0.3578199052132701 0.05023696682464455 0.04739336492890995
6 0.06824644549763033 0.33127962085308055 0.05402843601895735 0.03981042654028436
6 0.07582938388625593 0.30947867298578197 0.054976303317535544 0.035071090047393366
8 0.3957345971563981 0.13222748815165877 0.07488151658767772 0.07582938388625593
8 0.6587677725118484 0.014218009478672985 0.07772511848341232 0.02843601895734597
8 0.4492890995260663 0.16492890995260664 0.07582938388625593 0.07488151658767772
9 0.500473933649289 0.190521327014218 0.05687203791469194 0.05971563981042654
9 0.6725118483412322 0.04454976303317536 0.061611374407582936 0.055924170616113746
9 0.6881516587677725 0.08767772511848342 0.05781990521327014 0.052132701421800945
2 0.5322274881516588 0.2156398104265403 0.037914691943127965 0.04834123222748815
1 0.6943127962085308 0.12938388625592417 0.055924170616113746 0.05118483412322275
1 0.5753554502369668 0.22654028436018958 0.05118483412322275 0.05971563981042654
6 0.6175355450236967 0.22180094786729856 0.046445497630331754 0.055924170616113746
6 0.6483412322274882 0.21374407582938387 0.046445497630331754 0.055924170616113746
6 0.6658767772511849 0.19194312796208532 0.04928909952606635 0.05402843601895735
6 0.6777251184834123 0.16445497630331754 0.05023696682464455 0.04928909952606635
1 0.3004739336492891 0.9260663507109005 0.037914691943127965 0.06824644549763033
6 0.26255924170616113 0.9341232227488152 0.055924170616113746 0.04834123222748815
6 0.2156398104265403 0.957345971563981 0.07393364928909953 0.06540284360189573
6 0.18293838862559242 0.9862559241706161 0.07772511848341232 0.027488151658767772
8 0.7853080568720379 0.5696682464454976 0.07867298578199051 0.08436018957345971
8 0.7260663507109004 0.5597156398104265 0.07393364928909953 0.08530805687203792
9 0.6777251184834123 0.5374407582938389 0.06066350710900474 0.07298578199052133
9 0.6265402843601896 0.5327014218009478 0.061611374407582936 0.07109004739336493
1 0.580568720379147 0.518957345971564 0.05118483412322275 0.05781990521327014
6 0.5360189573459716 0.5312796208530806 0.05308056872037915 0.04928909952606635
6 0.500473933649289 0.5592417061611374 0.06919431279620854 0.05687203791469194