4 0.24786729857819906 0.35071090047393366 0.03696682464454976 0.03696682464454976
3 0.16350710900473933 0.262085308056872 0.034123222748815164 0.03222748815165877
3 0.2014218009478673 0.2729857819905213 0.031279620853080566 0.031279620853080566
9 0.23601895734597156 0.3127962085308057 0.05971563981042654 0.05687203791469194
3 0.07251184834123223 0.23080568720379147 0.029383886255924172 0.03317535545023697
1 0.030805687203791468 0.23364928909952606 0.05402843601895735 0.06540284360189573
9 0.013270142180094787 0.262085308056872 0.026540284360189573 0.055924170616113746
9 0.0071090047393364926 0.3080568720379147 0.014218009478672985 0.06445497630331753
8 0.7028436018957346 0.15829383886255924 0.08056872037914692 0.07677725118483412
8 0.7625592417061612 0.1895734597156398 0.07582938388625593 0.07772511848341232
9 0.8137440758293839 0.21516587677725119 0.055924170616113746 0.06255924170616113
9 0.8473933649289099 0.23981042654028437 0.05402843601895735 0.06540284360189573
9 0.9824644549763033 0.07203791469194312 0.035071090047393366 0.05308056872037915
9 0.9872037914691943 0.11042654028436019 0.025592417061611375 0.061611374407582936
1 0.8895734597156398 0.24312796208530807 0.05402843601895735 0.06445497630331753
1 0.9890995260663508 0.15308056872037915 0.021800947867298578 0.05402843601895735
6 0.9303317535545024 0.24218009478672986 0.046445497630331754 0.05971563981042654
6 0.9620853080568721 0.22985781990521326 0.05023696682464455 0.06066350710900474
6 0.9767772511848342 0.21374407582938387 0.046445497630331754 0.05781990521327014
6 0.9829383886255925 0.18862559241706162 0.034123222748815164 0.05687203791469194
9 0.008530805687203791 0.6767772511848341 0.017061611374407582 0.05687203791469194
9 0.00995260663507109 0.6274881516587678 0.01990521327014218 0.05687203791469194
1 0.011374407582938388 0.5781990521327014 0.022748815165876776 0.05687203791469194
9 0.21706161137440758 0.5592417061611374 0.07014218009478673 0.018957345971563982
9 0.25165876777251184 0.5772511848341232 0.06540284360189573 0.054976303317535544
4 0.6791469194312796 0.7322274881516587 0.04075829383886256 0.04170616113744076
4 0.6938388625592417 0.6753554502369669 0.04075829383886256 0.04075829383886256
4 0.7180094786729858 0.5890995260663507 0.037914691943127965 0.03696682464454976
4 0.7369668246445498 0.5611374407582939 0.03886255924170616 0.022748815165876776
4 0.975829383886256 0.5639810426540285 0.04265402843601896 0.02843601895734597