8 0.22037914691943128 0.2554502369668246 0.07488151658767772 0.08056872037914692
9 0.027962085308056873 0.4725118483412322 0.055924170616113746 0.06729857819905213
9 0.23175355450236967 0.3127962085308057 0.06824644549763033 0.05687203791469194
9 0.24502369668246446 0.36018957345971564 0.055924170616113746 0.04739336492890995
1 0.23554502369668245 0.4033175355450237 0.06540284360189573 0.052132701421800945
8 0.776303317535545 0.2616113744075829 0.05971563981042654 0.06445497630331753
8 0.5293838862559241 0.2881516587677725 0.06540284360189573 0.06635071090047394
9 0.5492890995260663 0.32748815165876777 0.05402843601895735 0.05118483412322275
9 0.5620853080568721 0.36587677725118484 0.04549763033175355 0.04834123222748815
9 0.7611374407582938 0.304739336492891 0.05402843601895735 0.046445497630331754
9 0.74739336492891 0.34265402843601894 0.04928909952606635 0.04454976303317536
1 0.7322274881516587 0.37725118483412323 0.04739336492890995 0.04834123222748815
1 0.5876777251184834 0.3943127962085308 0.04549763033175355 0.04928909952606635
6 0.6165876777251185 0.4071090047393365 0.035071090047393366 0.04928909952606635
6 0.6464454976303318 0.4090047393364929 0.035071090047393366 0.052132701421800945
6 0.6767772511848341 0.4071090047393365 0.034123222748815164 0.052132701421800945
6 0.704739336492891 0.3985781990521327 0.04454976303317536 0.05118483412322275
8 0.009478672985781991 0.7308056872037915 0.018957345971563982 0.07393364928909953
3 0.027014218009478674 0.7540284360189573 0.03033175355450237 0.035071090047393366
9 0.08909952606635071 0.7554502369668247 0.05781990521327014 0.06255924170616113
1 0.14218009478672985 0.7559241706161137 0.06066350710900474 0.058767772511848344
6 0.1815165876777251 0.7436018957345971 0.04739336492890995 0.04928909952606635
6 0.209478672985782 0.7180094786729858 0.05687203791469194 0.04549763033175355
4 0.7454976303317535 0.6407582938388625 0.04265402843601896 0.022748815165876776
4 0.781042654028436 0.6848341232227488 0.04075829383886256 0.04075829383886256
9 0.8222748815165877 0.7341232227488151 0.06350710900473934 0.061611374407582936
9 0.8488151658767773 0.7668246445497631 0.04834123222748815 0.05687203791469194
6 0.9492890995260663 0.7976303317535545 0.04265402843601896 0.06255924170616113
6 0.9208530805687204 0.7985781990521327 0.043601895734597156 0.06729857819905213
1 0.8824644549763033 0.7881516587677725 0.043601895734597156 0.06729857819905213
6 0.9805687203791469 0.7881516587677725 0.03886255924170616 0.05781990521327014
6 0.9933649289099526 0.771563981042654 0.013270142180094787 0.06066350710900474