8 0.15592417061611374 0.10758293838862559 0.08530805687203792 0.0976303317535545
9 0.25308056872037915 0.06635071090047394 0.05687203791469194 0.07488151658767772
9 0.2985781990521327 0.05308056872037915 0.05023696682464455 0.07109004739336493
1 0.3412322274881517 0.04075829383886256 0.05687203791469194 0.07393364928909953
8 0.9578199052132701 0.053554502369668244 0.07109004739336493 0.07582938388625593
8 0.9085308056872038 0.09194312796208531 0.0909952606635071 0.08246445497630332
8 0.8374407582938389 0.11090047393364928 0.07867298578199051 0.0938388625592417
3 0.7900473933649289 0.14786729857819905 0.03981042654028436 0.03696682464454976
9 0.7407582938388626 0.13317535545023695 0.05971563981042654 0.06445497630331753
1 0.6900473933649289 0.12701421800947868 0.058767772511848344 0.06540284360189573
6 0.656872037914692 0.1009478672985782 0.04265402843601896 0.052132701421800945
6 0.6270142180094787 0.08767772511848342 0.03317535545023697 0.04739336492890995
6 0.6208530805687204 0.06492890995260664 0.04739336492890995 0.04265402843601896
6 0.6317535545023697 0.03981042654028436 0.05687203791469194 0.04928909952606635
9 0.02132701421800948 0.8672985781990521 0.04265402843601896 0.06635071090047394
8 0.8729857819905213 0.9109004739336493 0.07014218009478673 0.07582938388625593
8 0.8137440758293839 0.9279620853080569 0.06824644549763033 0.07582938388625593
9 0.7606635071090048 0.9312796208530806 0.046445497630331754 0.05308056872037915
9 0.7175355450236967 0.933175355450237 0.046445497630331754 0.04834123222748815
1 0.6772511848341233 0.9251184834123223 0.04739336492890995 0.05118483412322275
6 0.6469194312796208 0.9023696682464455 0.04739336492890995 0.03981042654028436
6 0.6308056872037915 0.8796208530805687 0.04549763033175355 0.03222748815165877
6 0.6170616113744076 0.8554502369668247 0.043601895734597156 0.03317535545023697
6 0.6127962085308057 0.8322274881516588 0.04265402843601896 0.025592417061611375