9 0.533649289099526 0.008530805687203791 0.07962085308056872 0.017061611374407582
9 0.5289099526066351 0.031279620853080566 0.08151658767772511 0.06255924170616113
9 0.8222748815165877 0.012796208530805687 0.08056872037914692 0.025592417061611375
8 0.8398104265402844 0.045023696682464455 0.08909952606635071 0.08530805687203792
8 0.8639810426540284 0.0938388625592417 0.08341232227488152 0.07867298578199051
8 0.5293838862559241 0.14454976303317535 0.08436018957345971 0.07962085308056872
8 0.5270142180094787 0.08578199052132701 0.0947867298578199 0.0938388625592417
8 0.026540284360189573 0.4052132701421801 0.05308056872037915 0.07867298578199051
8 0.2739336492890995 0.5791469194312796 0.08056872037914692 0.08056872037914692
8 0.01990521327014218 0.46492890995260666 0.03981042654028436 0.0881516587677725
8 0.22227488151658767 0.6208530805687204 0.08720379146919431 0.08436018957345971
9 0.17819905213270143 0.6554502369668247 0.06066350710900474 0.06445497630331753
9 0.01042654028436019 0.5597156398104265 0.02085308056872038 0.061611374407582936
9 0.13649289099526066 0.6777251184834123 0.06350710900473934 0.06919431279620854
1 0.007582938388625593 0.6052132701421801 0.015165876777251185 0.06729857819905213
1 0.095260663507109 0.6976303317535545 0.06729857819905213 0.06635071090047394
6 0.00995260663507109 0.680568720379147 0.01990521327014218 0.04549763033175355
6 0.026066350710900472 0.695260663507109 0.04454976303317536 0.05023696682464455
6 0.054976303317535544 0.7023696682464455 0.04170616113744076 0.04265402843601896
8 0.7018957345971564 0.33364928909952607 0.0938388625592417 0.04739336492890995
8 0.7436018957345971 0.35260663507109 0.06635071090047394 0.06919431279620854
8 0.7767772511848341 0.3971563981042654 0.0881516587677725 0.08720379146919431
9 0.8246445497630331 0.47014218009478675 0.055924170616113746 0.05402843601895735
1 0.8407582938388626 0.5099526066350711 0.05971563981042654 0.05308056872037915
6 0.8483412322274881 0.5398104265402843 0.06066350710900474 0.05402843601895735
6 0.8360189573459715 0.5725118483412323 0.058767772511848344 0.054976303317535544
6 0.8156398104265403 0.5890995260663507 0.05781990521327014 0.05971563981042654
6 0.7928909952606635 0.6132701421800948 0.054976303317535544 0.05971563981042654
1 0.7573459715639811 0.6165876777251185 0.05971563981042654 0.06066350710900474
3 0.6900473933649289 0.6151658767772512 0.04075829383886256 0.04075829383886256
3 0.6364928909952606 0.604739336492891 0.03886255924170616 0.04075829383886256
4 0.5791469194312796 0.5914691943127962 0.043601895734597156 0.043601895734597156