3 0.22085308056872038 0.05071090047393365 0.05023696682464455 0.04454976303317536
3 0.204739336492891 0.0990521327014218 0.03981042654028436 0.04075829383886256
9 0.1881516587677725 0.15781990521327013 0.06635071090047394 0.06635071090047394
1 0.17819905213270143 0.2018957345971564 0.06445497630331753 0.07203791469194312
6 0.14928909952606634 0.23412322274881517 0.04739336492890995 0.058767772511848344
6 0.1080568720379147 0.25213270142180094 0.058767772511848344 0.05971563981042654
6 0.05781990521327014 0.25971563981042656 0.052132701421800945 0.055924170616113746
6 0.01943127962085308 0.25165876777251184 0.03886255924170616 0.05971563981042654
8 0.5758293838862559 0.23601895734597156 0.07203791469194312 0.06919431279620854
8 0.6312796208530805 0.2184834123222749 0.06635071090047394 0.06824644549763033
8 0.6909952606635071 0.2033175355450237 0.06635071090047394 0.06540284360189573
9 0.7417061611374408 0.1985781990521327 0.043601895734597156 0.046445497630331754
9 0.7843601895734598 0.1966824644549763 0.04549763033175355 0.04549763033175355
1 0.8236966824644549 0.2080568720379147 0.046445497630331754 0.05118483412322275
6 0.8535545023696682 0.2184834123222749 0.04834123222748815 0.04739336492890995
6 0.8706161137440759 0.24407582938388625 0.04834123222748815 0.04265402843601896
6 0.8895734597156398 0.2616113744075829 0.04170616113744076 0.03601895734597156
8 0.2104265402843602 0.8876777251184834 0.06919431279620854 0.06824644549763033
8 0.23175355450236967 0.8407582938388626 0.055924170616113746 0.06824644549763033
9 0.24739336492890995 0.804739336492891 0.024644549763033177 0.06255924170616113
8 0.6341232227488152 0.8303317535545024 0.07962085308056872 0.08720379146919431
8 0.7 0.8123222748815165 0.07298578199052133 0.07582938388625593
9 0.7469194312796209 0.7881516587677725 0.05118483412322275 0.06255924170616113
9 0.7919431279620853 0.7843601895734598 0.046445497630331754 0.05971563981042654
1 0.8350710900473933 0.7819905213270142 0.05023696682464455 0.05118483412322275
6 0.8848341232227488 0.7890995260663507 0.055924170616113746 0.05781990521327014
6 0.9042654028436019 0.8236966824644549 0.06635071090047394 0.058767772511848344