8 0.1843601895734597 0.3246445497630332 0.06540284360189573 0.058767772511848344
8 0.2023696682464455 0.26066350710900477 0.06919431279620854 0.06919431279620854
9 0.22085308056872038 0.2080568720379147 0.04739336492890995 0.043601895734597156
9 0.24597156398104264 0.16919431279620853 0.043601895734597156 0.04549763033175355
8 0.5369668246445498 0.34834123222748814 0.06255924170616113 0.06255924170616113
8 0.5289099526066351 0.2800947867298578 0.06729857819905213 0.07393364928909953
9 0.5151658767772512 0.22322274881516588 0.05781990521327014 0.05118483412322275
9 0.5052132701421801 0.17535545023696683 0.046445497630331754 0.043601895734597156
1 0.271563981042654 0.12938388625592417 0.04170616113744076 0.04834123222748815
6 0.3118483412322275 0.11137440758293839 0.04928909952606635 0.052132701421800945
6 0.35308056872037913 0.09146919431279621 0.058767772511848344 0.052132701421800945
6 0.4075829383886256 0.0966824644549763 0.05687203791469194 0.05402843601895735
6 0.45213270142180095 0.11184834123222749 0.055924170616113746 0.04834123222748815
1 0.48530805687203793 0.13649289099526066 0.04075829383886256 0.046445497630331754
8 0.875829383886256 0.43507109004739336 0.07298578199052133 0.07772511848341232
9 0.8966824644549763 0.4791469194312796 0.061611374407582936 0.06540284360189573
9 0.9127962085308057 0.518957345971564 0.05308056872037915 0.061611374407582936
1 0.9412322274881516 0.5507109004739337 0.055924170616113746 0.055924170616113746
6 0.9943127962085309 0.5630331753554503 0.011374407582938388 0.04549763033175355
6 0.9734597156398104 0.5616113744075829 0.04454976303317536 0.043601895734597156
8 0.5592417061611374 0.8876777251184834 0.06066350710900474 0.07488151658767772
8 0.5156398104265403 0.8497630331753554 0.07393364928909953 0.08530805687203792
9 0.46777251184834123 0.814218009478673 0.07298578199052133 0.07109004739336493
9 0.20853080568720378 0.9848341232227488 0.06445497630331753 0.03033175355450237
9 0.2009478672985782 0.9530805687203792 0.08056872037914692 0.05971563981042654
1 0.2071090047393365 0.8985781990521327 0.08056872037914692 0.06729857819905213
6 0.218957345971564 0.8592417061611375 0.07582938388625593 0.07109004739336493
6 0.23744075829383887 0.8175355450236966 0.07298578199052133 0.08341232227488152
0 0.3071090047393365 0.8127962085308057 0.07109004739336493 0.08625592417061612
0 0.381042654028436 0.8 0.04834123222748815 0.06540284360189573
0 0.4251184834123223 0.8099526066350711 0.03886255924170616 0.06919431279620854
0 0.7279620853080568 0.7511848341232228 0.04739336492890995 0.04454976303317536
0 0.728436018957346 0.7976303317535545 0.04075829383886256 0.03886255924170616
1 0.7170616113744076 0.842654028436019 0.06540284360189573 0.058767772511848344
6 0.6118483412322275 0.9199052132701422 0.04454976303317536 0.06540284360189573
6 0.7080568720379147 0.8800947867298579 0.05781990521327014 0.06255924170616113
6 0.6843601895734597 0.9071090047393365 0.05687203791469194 0.06635071090047394
6 0.6469194312796208 0.9127962085308057 0.046445497630331754 0.06540284360189573