3 0.01800947867298578 0.018957345971563982 0.03601895734597156 0.037914691943127965
3 0.05118483412322275 0.008530805687203791 0.04549763033175355 0.017061611374407582
3 0.14028436018957346 0.01042654028436019 0.04170616113744076 0.02085308056872038
3 0.24170616113744076 0.05639810426540284 0.03886255924170616 0.04549763033175355
8 0.2682464454976303 0.23080568720379147 0.08436018957345971 0.07014218009478673
8 0.2791469194312796 0.17203791469194313 0.08625592417061612 0.06350710900473934
9 0.2886255924170616 0.12085308056872038 0.07393364928909953 0.052132701421800945
9 0.28151658767772514 0.07819905213270142 0.06635071090047394 0.05687203791469194
4 0.5232227488151658 0.33364928909952607 0.04265402843601896 0.04170616113744076
3 0.5639810426540285 0.2966824644549763 0.04075829383886256 0.03696682464454976
9 0.6037914691943128 0.24597156398104264 0.07109004739336493 0.0976303317535545
9 0.6426540284360189 0.22085308056872038 0.061611374407582936 0.07962085308056872
1 0.6815165876777252 0.2161137440758294 0.07393364928909953 0.0881516587677725
6 0.7109004739336493 0.2132701421800948 0.04549763033175355 0.054976303317535544
6 0.75260663507109 0.2132701421800948 0.07298578199052133 0.08436018957345971
6 0.7966824644549763 0.22985781990521326 0.08151658767772511 0.08720379146919431
8 0.2502369668246445 0.8649289099526066 0.07488151658767772 0.07298578199052133
8 0.2796208530805687 0.8947867298578199 0.04834123222748815 0.043601895734597156
9 0.2995260663507109 0.9165876777251185 0.055924170616113746 0.05402843601895735
9 0.33222748815165876 0.9436018957345972 0.055924170616113746 0.055924170616113746
1 0.3691943127962085 0.9563981042654028 0.05023696682464455 0.054976303317535544
6 0.390521327014218 0.9535545023696682 0.018957345971563982 0.05118483412322275
2 0.8398104265402844 0.7568720379146919 0.06445497630331753 0.07014218009478673
1 0.7156398104265402 0.7962085308056872 0.054976303317535544 0.06255924170616113
6 0.6758293838862559 0.7890995260663507 0.054976303317535544 0.05118483412322275
6 0.656872037914692 0.7668246445497631 0.05402843601895735 0.04075829383886256
6 0.6345971563981042 0.7511848341232228 0.054976303317535544 0.03601895734597156
6 0.6293838862559241 0.7241706161137441 0.058767772511848344 0.046445497630331754
9 0.7587677725118483 0.7824644549763033 0.05971563981042654 0.07014218009478673
4 0.79478672985782 0.7663507109004739 0.03601895734597156 0.04075829383886256
8 0.8924170616113745 0.7270142180094786 0.08151658767772511 0.08246445497630332