3 0.006635071090047393 0.08578199052132701 0.013270142180094787 0.05971563981042654
3 0.026540284360189573 0.12322274881516587 0.05308056872037915 0.058767772511848344
3 0.08436018957345971 0.176303317535545 0.04454976303317536 0.046445497630331754
3 0.12322274881516587 0.18625592417061612 0.04170616113744076 0.04170616113744076
3 0.23222748815165878 0.13696682464454976 0.04265402843601896 0.04454976303317536
3 0.2881516587677725 0.06919431279620854 0.04265402843601896 0.043601895734597156
3 0.295260663507109 0.031279620853080566 0.04454976303317536 0.04265402843601896
8 0.662085308056872 0.34407582938388626 0.09289099526066351 0.08909952606635071
8 0.7303317535545024 0.34834123222748814 0.09573459715639811 0.0947867298578199
3 0.6109004739336493 0.3469194312796208 0.043601895734597156 0.04265402843601896
9 0.5691943127962086 0.3696682464454976 0.05687203791469194 0.06255924170616113
1 0.5289099526066351 0.38388625592417064 0.06540284360189573 0.06729857819905213
6 0.5042654028436019 0.4066350710900474 0.05971563981042654 0.054976303317535544
8 0.14407582938388624 0.9478672985781991 0.08246445497630332 0.08530805687203792
8 0.4014218009478673 0.8421800947867298 0.07677725118483412 0.06919431279620854
9 0.4066350710900474 0.8848341232227488 0.06635071090047394 0.06919431279620854
9 0.4085308056872038 0.923696682464455 0.06066350710900474 0.06445497630331753
9 0.17867298578199053 0.9725118483412323 0.06919431279620854 0.054976303317535544
9 0.20853080568720378 0.9895734597156398 0.06066350710900474 0.02085308056872038
1 0.3976303317535545 0.9658767772511848 0.06066350710900474 0.061611374407582936
6 0.376303317535545 0.9815165876777251 0.04928909952606635 0.03696682464454976
6 0.3464454976303318 0.9909952606635071 0.04454976303317536 0.01800947867298578
4 0.6729857819905213 0.8943127962085308 0.043601895734597156 0.04170616113744076
5 0.6976303317535545 0.9199052132701422 0.04739336492890995 0.04549763033175355
4 0.718957345971564 0.9374407582938389 0.04170616113744076 0.04075829383886256
4 0.7407582938388626 0.9611374407582939 0.043601895734597156 0.04549763033175355
5 0.7706161137440758 0.9829383886255925 0.04549763033175355 0.034123222748815164
5 0.9090047393364928 0.9924170616113744 0.04170616113744076 0.015165876777251185
4 0.9744075829383886 0.9559241706161138 0.04739336492890995 0.05118483412322275
3 0.9781990521327014 0.9118483412322275 0.04075829383886256 0.037914691943127965
4 0.9824644549763033 0.890521327014218 0.035071090047393366 0.04454976303317536
3 0.9781990521327014 0.871563981042654 0.03222748815165877 0.025592417061611375