3 0.19194312796208532 0.05023696682464455 0.037914691943127965 0.04075829383886256
3 0.22085308056872038 0.008530805687203791 0.03601895734597156 0.017061611374407582
9 0.7350710900473933 0.41137440758293836 0.055924170616113746 0.017061611374407582
9 0.9767772511848342 0.3872037914691943 0.046445497630331754 0.05781990521327014
8 0.27630331753554505 0.6843601895734597 0.06729857819905213 0.07203791469194312
8 0.2213270142180095 0.704739336492891 0.07203791469194312 0.07582938388625593
9 0.16777251184834124 0.7146919431279621 0.04928909952606635 0.05781990521327014
9 0.12417061611374408 0.7241706161137441 0.05402843601895735 0.061611374407582936
1 0.08009478672985781 0.7303317535545024 0.052132701421800945 0.058767772511848344
6 0.04549763033175355 0.723696682464455 0.05402843601895735 0.04834123222748815
6 0.023696682464454975 0.7023696682464455 0.04739336492890995 0.04549763033175355
3 0.9023696682464455 0.8251184834123223 0.04075829383886256 0.03886255924170616
9 0.9445497630331754 0.8279620853080568 0.052132701421800945 0.06445497630331753
8 0.9777251184834124 0.8492890995260663 0.04454976303317536 0.0966824644549763
1 0.85260663507109 0.8255924170616113 0.05687203791469194 0.061611374407582936
6 0.8090047393364929 0.8417061611374408 0.05402843601895735 0.04928909952606635
6 0.7691943127962085 0.8734597156398104 0.06824644549763033 0.06350710900473934
6 0.7502369668246446 0.918957345971564 0.06824644549763033 0.061611374407582936