8 0.328436018957346 0.11895734597156397 0.06729857819905213 0.06445497630331753
3 0.3928909952606635 0.13933649289099526 0.043601895734597156 0.043601895734597156
9 0.44360189573459713 0.13317535545023695 0.05971563981042654 0.07582938388625593
9 0.4886255924170616 0.13933649289099526 0.05687203791469194 0.06729857819905213
1 0.533175355450237 0.13601895734597155 0.052132701421800945 0.061611374407582936
6 0.5540284360189573 0.11516587677725118 0.01042654028436019 0.04454976303317536
8 0.7156398104265402 0.12085308056872038 0.08436018957345971 0.0985781990521327
8 0.6530805687203791 0.11895734597156397 0.08436018957345971 0.0947867298578199
9 0.6018957345971564 0.11421800947867299 0.06635071090047394 0.08151658767772511
9 0.5739336492890995 0.12132701421800948 0.029383886255924172 0.07772511848341232
9 0.5445497630331754 0.8734597156398104 0.029383886255924172 0.07298578199052133
9 0.5127962085308057 0.8635071090047394 0.05971563981042654 0.06255924170616113
1 0.4767772511848341 0.8464454976303317 0.05023696682464455 0.05687203791469194
6 0.44407582938388623 0.8502369668246446 0.03886255924170616 0.03981042654028436
6 0.4165876777251185 0.8644549763033176 0.034123222748815164 0.03886255924170616
6 0.3938388625592417 0.8819905213270142 0.03222748815165877 0.035071090047393366
6 0.3739336492890995 0.9014218009478673 0.03222748815165877 0.03601895734597156
1 0.3630331753554502 0.9383886255924171 0.06635071090047394 0.06540284360189573
9 0.38341232227488153 0.9815165876777251 0.06729857819905213 0.03696682464454976
1 0.9772511848341232 0.8312796208530806 0.04549763033175355 0.06445497630331753
9 0.942654028436019 0.809478672985782 0.06255924170616113 0.06635071090047394
9 0.909952606635071 0.7748815165876777 0.06540284360189573 0.06635071090047394
8 0.8649289099526066 0.737914691943128 0.09004739336492891 0.0938388625592417
8 0.8184834123222748 0.681042654028436 0.09289099526066351 0.1014218009478673