8 0.27061611374407585 0.3109004739336493 0.09004739336492891 0.0881516587677725
8 0.28104265402843603 0.381042654028436 0.0909952606635071 0.09573459715639811
9 0.3009478672985782 0.43507109004739336 0.05781990521327014 0.05971563981042654
9 0.31563981042654027 0.4781990521327014 0.05781990521327014 0.06350710900473934
1 0.3587677725118483 0.4919431279620853 0.06445497630331753 0.07298578199052133
6 0.3796208530805687 0.5232227488151658 0.05118483412322275 0.06255924170616113
6 0.4137440758293839 0.5303317535545023 0.04265402843601896 0.05781990521327014
6 0.44502369668246444 0.5293838862559241 0.04454976303317536 0.05687203791469194
6 0.47488151658767774 0.5208530805687204 0.02843601895734597 0.05971563981042654
8 0.9251184834123223 0.34312796208530805 0.08530805687203792 0.0881516587677725
9 0.8990521327014218 0.3938388625592417 0.06635071090047394 0.06540284360189573
9 0.8781990521327014 0.43554502369668247 0.058767772511848344 0.06255924170616113
1 0.8445497630331753 0.46350710900473935 0.06729857819905213 0.07772511848341232
2 0.8018957345971564 0.47014218009478675 0.04549763033175355 0.06540284360189573
2 0.752132701421801 0.46445497630331756 0.03317535545023697 0.05118483412322275
1 0.7180094786729858 0.4545023696682464 0.05971563981042654 0.07393364928909953
9 0.6914691943127962 0.4165876777251185 0.061611374407582936 0.06729857819905213
9 0.6729857819905213 0.3744075829383886 0.06729857819905213 0.06540284360189573
8 0.6521327014218009 0.32606635071090045 0.08151658767772511 0.07298578199052133
3 0.024170616113744076 0.7995260663507109 0.04834123222748815 0.052132701421800945
3 0.07677725118483412 0.728909952606635 0.04834123222748815 0.05118483412322275
3 0.104739336492891 0.6872037914691943 0.05023696682464455 0.04928909952606635
1 0.12227488151658768 0.6402843601895735 0.07488151658767772 0.06255924170616113
6 0.12748815165876778 0.5957345971563981 0.07014218009478673 0.06540284360189573
6 0.11943127962085308 0.5781990521327014 0.07014218009478673 0.037914691943127965
6 0.095260663507109 0.5672985781990522 0.06729857819905213 0.016113744075829384
3 0.7734597156398104 0.6180094786729858 0.04928909952606635 0.04549763033175355
3 0.8118483412322275 0.5767772511848341 0.04454976303317536 0.035071090047393366