8 0.16777251184834124 0.2611374407582938 0.09289099526066351 0.08530805687203792
8 0.24123222748815165 0.2895734597156398 0.08246445497630332 0.07962085308056872
3 0.2848341232227488 0.3165876777251185 0.03317535545023697 0.037914691943127965
9 0.3469194312796208 0.3232227488151659 0.06255924170616113 0.06635071090047394
1 0.3995260663507109 0.328436018957346 0.06540284360189573 0.06350710900473934
6 0.43981042654028435 0.3194312796208531 0.05118483412322275 0.05308056872037915
6 0.47014218009478675 0.2962085308056872 0.06066350710900474 0.05023696682464455
8 0.9554502369668246 0.47488151658767774 0.08436018957345971 0.07393364928909953
8 0.9369668246445497 0.4218009478672986 0.07677725118483412 0.07014218009478673
9 0.9298578199052133 0.37345971563981045 0.06540284360189573 0.058767772511848344
9 0.9227488151658768 0.32796208530805687 0.08151658767772511 0.06066350710900474
1 0.9298578199052133 0.2729857819905213 0.08151658767772511 0.06824644549763033
6 0.9421800947867298 0.23412322274881517 0.07677725118483412 0.07203791469194312
6 0.9616113744075829 0.1928909952606635 0.07393364928909953 0.08436018957345971
8 0.3293838862559242 0.671090047393365 0.07488151658767772 0.043601895734597156
8 0.3938388625592417 0.6829383886255924 0.08056872037914692 0.06729857819905213
3 0.44123222748815166 0.70521327014218 0.037914691943127965 0.03696682464454976
9 0.4985781990521327 0.7004739336492891 0.05687203791469194 0.06066350710900474
1 0.5393364928909953 0.6938388625592417 0.06445497630331753 0.054976303317535544
6 0.5710900473933649 0.6786729857819905 0.05308056872037915 0.04549763033175355
6 0.5981042654028436 0.6663507109004739 0.04739336492890995 0.034123222748815164