8 0.28672985781990523 0.43554502369668247 0.08341232227488152 0.07962085308056872
3 0.28199052132701424 0.4947867298578199 0.04265402843601896 0.046445497630331754
9 0.3137440758293839 0.5388625592417061 0.07298578199052133 0.061611374407582936
9 0.3350710900473934 0.5843601895734597 0.07393364928909953 0.06350710900473934
1 0.3644549763033175 0.6052132701421801 0.05971563981042654 0.029383886255924172
8 0.8507109004739336 0.3194312796208531 0.07488151658767772 0.07488151658767772
8 0.7971563981042654 0.34881516587677724 0.07582938388625593 0.07582938388625593
9 0.74739336492891 0.3701421800947867 0.054976303317535544 0.05781990521327014
9 0.7090047393364929 0.385781990521327 0.04834123222748815 0.05118483412322275
1 0.6725118483412322 0.3909952606635071 0.04739336492890995 0.04834123222748815
6 0.6459715639810426 0.3848341232227488 0.04739336492890995 0.043601895734597156
6 0.6260663507109004 0.36824644549763036 0.05023696682464455 0.043601895734597156
6 0.5943127962085308 0.35924170616113743 0.034123222748815164 0.029383886255924172
6 0.5938388625592417 0.33222748815165876 0.04549763033175355 0.04170616113744076
1 0.07345971563981042 0.6303317535545023 0.061611374407582936 0.02085308056872038
6 0.02085308056872038 0.6834123222748815 0.04170616113744076 0.058767772511848344
6 0.008530805687203791 0.6819905213270142 0.017061611374407582 0.05971563981042654
6 0.03222748815165877 0.6578199052132702 0.046445497630331754 0.054976303317535544
6 0.05639810426540284 0.6440758293838863 0.055924170616113746 0.04834123222748815
9 0.6274881516587678 0.7037914691943128 0.07109004739336493 0.07867298578199051
9 0.5838862559241706 0.6753554502369669 0.07962085308056872 0.07962085308056872
1 0.5327014218009478 0.666824644549763 0.06729857819905213 0.07203791469194312
6 0.48625592417061614 0.671090047393365 0.054976303317535544 0.06729857819905213
6 0.45876777251184836 0.6824644549763034 0.018957345971563982 0.07393364928909953