8 0.36018957345971564 0.07535545023696683 0.02085308056872038 0.11090047393364928
9 0.4009478672985782 0.024644549763033177 0.06824644549763033 0.04928909952606635
9 0.44028436018957345 0.00995260663507109 0.061611374407582936 0.01990521327014218
9 0.6691943127962086 0.0895734597156398 0.08436018957345971 0.06635071090047394
1 0.6625592417061611 0.04075829383886256 0.08341232227488152 0.07203791469194312
6 0.6426540284360189 0.01800947867298578 0.07203791469194312 0.03601895734597156
8 0.33791469194312795 0.6417061611374407 0.023696682464454975 0.06445497630331753
8 0.10995260663507109 0.8440758293838863 0.09289099526066351 0.0938388625592417
8 0.15592417061611374 0.8810426540284361 0.1014218009478673 0.1023696682464455
9 0.1990521327014218 0.9118483412322275 0.07772511848341232 0.07488151658767772
9 0.23791469194312795 0.9308056872037914 0.08056872037914692 0.07582938388625593
1 0.27582938388625594 0.9516587677725118 0.06445497630331753 0.07014218009478673
6 0.3222748815165877 0.9616113744075829 0.054976303317535544 0.055924170616113746
4 0.3635071090047393 0.45402843601895737 0.027488151658767772 0.04170616113744076
5 0.36066350710900474 0.5379146919431279 0.021800947867298578 0.03696682464454976
4 0.6459715639810426 0.47535545023696685 0.04265402843601896 0.04265402843601896
4 0.6213270142180095 0.5151658767772512 0.04265402843601896 0.04265402843601896
4 0.6009478672985782 0.5601895734597157 0.034123222748815164 0.035071090047393366
1 0.37298578199052135 0.6004739336492891 0.046445497630331754 0.06350710900473934
1 0.5554502369668246 0.6445497630331753 0.061611374407582936 0.07488151658767772
9 0.580568720379147 0.604739336492891 0.06824644549763033 0.07488151658767772
6 0.3867298578199052 0.6364928909952606 0.07298578199052133 0.07109004739336493
6 0.4156398104265403 0.6701421800947868 0.06350710900473934 0.06540284360189573
6 0.4663507109004739 0.6758293838862559 0.07677725118483412 0.07867298578199051
6 0.5161137440758294 0.6682464454976303 0.06540284360189573 0.07014218009478673