8 0.3175355450236967 0.04739336492890995 0.0966824644549763 0.0947867298578199
9 0.006161137440758294 0.15687203791469195 0.012322274881516588 0.055924170616113746
9 0.011848341232227487 0.2009478672985782 0.023696682464454975 0.05118483412322275
8 0.27440758293838863 0.14691943127962084 0.07677725118483412 0.08056872037914692
9 0.24834123222748816 0.2 0.06635071090047394 0.07014218009478673
9 0.22085308056872038 0.23412322274881517 0.05781990521327014 0.06066350710900474
1 0.1853080568720379 0.26066350710900477 0.06066350710900474 0.06729857819905213
6 0.14834123222748816 0.27109004739336495 0.046445497630331754 0.05781990521327014
6 0.11516587677725118 0.2777251184834123 0.046445497630331754 0.05687203791469194
6 0.08246445497630332 0.2734597156398104 0.04739336492890995 0.055924170616113746
6 0.054976303317535544 0.26445497630331755 0.04739336492890995 0.04834123222748815
1 0.026066350710900472 0.24407582938388625 0.052132701421800945 0.05781990521327014
8 0.16919431279620853 0.5625592417061611 0.09194312796208531 0.025592417061611375
8 0.023222748815165877 0.7843601895734598 0.046445497630331754 0.0938388625592417
8 0.07488151658767772 0.8028436018957346 0.0909952606635071 0.0909952606635071
9 0.23033175355450236 0.5616113744075829 0.05687203791469194 0.023696682464454975
9 0.13317535545023695 0.7990521327014218 0.058767772511848344 0.06066350710900474
9 0.18625592417061612 0.8009478672985783 0.046445497630331754 0.05023696682464455
9 0.24976303317535545 0.5895734597156398 0.06729857819905213 0.06255924170616113
1 0.22227488151658767 0.7658767772511849 0.05971563981042654 0.06066350710900474
1 0.2786729857819905 0.6227488151658768 0.06540284360189573 0.05781990521327014
6 0.25876777251184835 0.7563981042654029 0.05971563981042654 0.05781990521327014
6 0.2777251184834123 0.728909952606635 0.05687203791469194 0.05402843601895735
6 0.2838862559241706 0.6933649289099526 0.06255924170616113 0.052132701421800945
6 0.2895734597156398 0.6611374407582938 0.05781990521327014 0.05687203791469194
3 0.6625592417061611 0.7767772511848341 0.04549763033175355 0.04549763033175355
8 0.7194312796208531 0.7601895734597156 0.07772511848341232 0.08436018957345971
9 0.6161137440758294 0.8052132701421801 0.06350710900473934 0.07298578199052133
1 0.5658767772511848 0.8274881516587678 0.06729857819905213 0.07014218009478673
6 0.5137440758293839 0.833175355450237 0.06255924170616113 0.05687203791469194
6 0.4706161137440758 0.8161137440758294 0.06635071090047394 0.06635071090047394