8 0.2971563981042654 0.4834123222748815 0.0995260663507109 0.07203791469194312
9 0.3071090047393365 0.43317535545023694 0.08720379146919431 0.04549763033175355
9 0.3028436018957346 0.3881516587677725 0.07109004739336493 0.046445497630331754
2 0.024644549763033177 0.35118483412322277 0.04928909952606635 0.06919431279620854
9 0.05165876777251185 0.3118483412322275 0.05308056872037915 0.06350710900473934
9 0.0895734597156398 0.2876777251184834 0.055924170616113746 0.06066350710900474
1 0.13270142180094788 0.26919431279620853 0.052132701421800945 0.058767772511848344
6 0.176303317535545 0.24928909952606634 0.05118483412322275 0.06729857819905213
6 0.22654028436018958 0.24549763033175356 0.058767772511848344 0.06635071090047394
6 0.2563981042654028 0.26872037914691943 0.05402843601895735 0.06919431279620854
6 0.285781990521327 0.295260663507109 0.05781990521327014 0.06350710900473934
1 0.2890995260663507 0.34502369668246446 0.05308056872037915 0.054976303317535544
8 0.7981042654028436 0.052132701421800945 0.07772511848341232 0.07393364928909953
8 0.8635071090047394 0.07772511848341232 0.07772511848341232 0.07772511848341232
8 0.9279620853080569 0.0995260663507109 0.07014218009478673 0.07772511848341232
9 0.9767772511848342 0.11611374407582939 0.046445497630331754 0.055924170616113746
8 0.5109004739336492 0.7744075829383886 0.06824644549763033 0.06445497630331753
8 0.1933649289099526 0.6663507109004739 0.06445497630331753 0.06255924170616113
8 0.22559241706161137 0.6222748815165877 0.06255924170616113 0.06350710900473934
8 0.5156398104265403 0.7104265402843601 0.06445497630331753 0.06919431279620854
9 0.5132701421800948 0.6535545023696683 0.055924170616113746 0.05023696682464455
9 0.5080568720379147 0.6014218009478673 0.06445497630331753 0.055924170616113746
9 0.25260663507109005 0.5886255924170616 0.05023696682464455 0.058767772511848344
9 0.2796208530805687 0.5507109004739337 0.05687203791469194 0.06255924170616113
1 0.3246445497630332 0.5483412322274882 0.05971563981042654 0.05781990521327014
1 0.4943127962085308 0.5502369668246445 0.06540284360189573 0.05781990521327014
6 0.36587677725118484 0.533175355450237 0.04739336492890995 0.027488151658767772
6 0.4056872037914692 0.5284360189573459 0.03981042654028436 0.01800947867298578
6 0.43412322274881515 0.5298578199052133 0.04170616113744076 0.02085308056872038
6 0.46729857819905213 0.5364928909952607 0.04928909952606635 0.034123222748815164
9 0.8838862559241706 0.9464454976303317 0.06445497630331753 0.05687203791469194
9 0.8739336492890996 0.9777251184834124 0.07014218009478673 0.04454976303317536
9 0.614691943127962 0.9796208530805687 0.029383886255924172 0.04075829383886256