8 0.33981042654028437 0.13886255924170615 0.08530805687203792 0.07962085308056872
8 0.35497630331753555 0.1995260663507109 0.08530805687203792 0.08436018957345971
9 0.5521327014218009 0.3113744075829384 0.014218009478672985 0.055924170616113746
9 0.36729857819905215 0.25118483412322273 0.06255924170616113 0.05687203791469194
9 0.36635071090047394 0.2933649289099526 0.05781990521327014 0.05687203791469194
1 0.543127962085308 0.34549763033175357 0.03222748815165877 0.055924170616113746
1 0.3876777251184834 0.3293838862559242 0.05402843601895735 0.05687203791469194
6 0.5199052132701422 0.34739336492890993 0.04834123222748815 0.052132701421800945
6 0.48625592417061614 0.35023696682464456 0.04170616113744076 0.04928909952606635
6 0.45734597156398105 0.35450236966824644 0.04075829383886256 0.05023696682464455
6 0.4270142180094787 0.34218009478672984 0.04739336492890995 0.04928909952606635
3 0.9530805687203792 0.23080568720379147 0.04265402843601896 0.043601895734597156
3 0.909952606635071 0.24075829383886255 0.04549763033175355 0.04549763033175355
3 0.9042654028436019 0.45876777251184836 0.04549763033175355 0.04454976303317536
3 0.9383886255924171 0.5099526066350711 0.043601895734597156 0.046445497630331754
3 0.8563981042654029 0.3914691943127962 0.04170616113744076 0.043601895734597156
3 0.8459715639810427 0.3464454976303318 0.04075829383886256 0.04265402843601896
8 0.5109004739336492 0.9502369668246445 0.0966824644549763 0.0976303317535545
8 0.43554502369668247 0.952132701421801 0.08720379146919431 0.08625592417061612
3 0.3184834123222749 0.9379146919431279 0.04170616113744076 0.03601895734597156
1 0.26303317535545023 0.9578199052132701 0.05118483412322275 0.06729857819905213
6 0.22369668246445498 0.9450236966824644 0.054976303317535544 0.06729857819905213
6 0.1976303317535545 0.9274881516587677 0.05687203791469194 0.06445497630331753
6 0.17677725118483412 0.8981042654028436 0.06066350710900474 0.06919431279620854
6 0.16398104265402844 0.8691943127962085 0.052132701421800945 0.055924170616113746
9 0.6957345971563981 0.595260663507109 0.05118483412322275 0.05308056872037915
9 0.7331753554502369 0.6165876777251185 0.05023696682464455 0.052132701421800945
1 0.9080568720379147 0.5597156398104265 0.058767772511848344 0.01990521327014218
1 0.7758293838862559 0.628436018957346 0.06066350710900474 0.07298578199052133
6 0.8170616113744076 0.6364928909952606 0.052132701421800945 0.054976303317535544
6 0.8530805687203792 0.623696682464455 0.05308056872037915 0.054976303317535544
6 0.8800947867298579 0.6075829383886255 0.05781990521327014 0.05781990521327014
6 0.8933649289099526 0.581042654028436 0.04834123222748815 0.04549763033175355