8 0.36113744075829385 0.3924170616113744 0.0985781990521327 0.0909952606635071
8 0.36729857819905215 0.32559241706161135 0.1004739336492891 0.1014218009478673
9 0.37298578199052135 0.26872037914691943 0.07488151658767772 0.07014218009478673
9 0.3582938388625592 0.22085308056872038 0.08246445497630332 0.07488151658767772
8 0.03222748815165877 0.2914691943127962 0.06445497630331753 0.09004739336492891
8 0.047867298578199054 0.22559241706161137 0.09573459715639811 0.10426540284360189
9 0.07203791469194312 0.1853080568720379 0.07582938388625593 0.07109004739336493
9 0.10426540284360189 0.14644549763033177 0.08436018957345971 0.07203791469194312
1 0.13838862559241707 0.11184834123222749 0.07298578199052133 0.07393364928909953
6 0.17867298578199053 0.0895734597156398 0.061611374407582936 0.07014218009478673
6 0.22843601895734597 0.08104265402843602 0.07203791469194312 0.06255924170616113
6 0.2848341232227488 0.0976303317535545 0.07203791469194312 0.06350710900473934
6 0.32132701421800947 0.12796208530805686 0.06445497630331753 0.07298578199052133
1 0.35118483412322277 0.16729857819905214 0.07393364928909953 0.07962085308056872
9 0.5132701421800948 0.381042654028436 0.027488151658767772 0.06255924170616113
9 0.5270142180094787 0.34881516587677724 0.054976303317535544 0.06066350710900474
9 0.7573459715639811 0.44644549763033176 0.06824644549763033 0.05971563981042654
9 0.7502369668246446 0.4052132701421801 0.06540284360189573 0.06066350710900474
8 0.7554502369668247 0.5507109004739337 0.08341232227488152 0.07488151658767772
5 0.7374407582938388 0.4919431279620853 0.043601895734597156 0.04265402843601896
1 0.7426540284360189 0.3639810426540284 0.06066350710900474 0.06635071090047394
1 0.5436018957345972 0.3170616113744076 0.06066350710900474 0.06635071090047394
6 0.5848341232227489 0.2995260663507109 0.06255924170616113 0.06919431279620854
6 0.6312796208530805 0.2981042654028436 0.06255924170616113 0.06824644549763033
6 0.6796208530805687 0.3071090047393365 0.06350710900473934 0.07109004739336493
6 0.7161137440758294 0.33222748815165876 0.06350710900473934 0.07014218009478673
8 0.17819905213270143 0.990521327014218 0.08720379146919431 0.018957345971563982
8 0.1971563981042654 0.9587677725118483 0.0947867298578199 0.08246445497630332
9 0.22843601895734597 0.9137440758293839 0.08625592417061612 0.07298578199052133
9 0.23554502369668245 0.8654028436018958 0.08151658767772511 0.06824644549763033
9 0.022748815165876776 0.7293838862559242 0.04549763033175355 0.05971563981042654
1 0.23981042654028437 0.8161137440758294 0.07203791469194312 0.07014218009478673
1 0.04691943127962085 0.7194312796208531 0.06919431279620854 0.03981042654028436
6 0.22748815165876776 0.7687203791469195 0.06255924170616113 0.06540284360189573
6 0.2009478672985782 0.7327014218009479 0.07582938388625593 0.06635071090047394
6 0.14644549763033177 0.7175355450236967 0.07298578199052133 0.03601895734597156
6 0.09431279620853081 0.7137440758293839 0.061611374407582936 0.02843601895734597
8 0.8208530805687204 0.8170616113744076 0.0881516587677725 0.08720379146919431
8 0.8227488151658767 0.8914691943127963 0.09194312796208531 0.1014218009478673
2 0.8218009478672986 0.9507109004739337 0.06066350710900474 0.06350710900473934
9 0.8227488151658767 0.9848341232227488 0.06255924170616113 0.03033175355450237