8 0.14218009478672985 0.4004739336492891 0.07677725118483412 0.08436018957345971
8 0.46919431279620855 0.4255924170616114 0.08436018957345971 0.08341232227488152
9 0.16682464454976303 0.35023696682464456 0.06729857819905213 0.07488151658767772
9 0.45734597156398105 0.3691943127962085 0.06824644549763033 0.06066350710900474
9 0.195260663507109 0.3109004739336493 0.058767772511848344 0.06350710900473934
9 0.437914691943128 0.3293838862559242 0.06540284360189573 0.05781990521327014
1 0.21753554502369668 0.2739336492890995 0.06066350710900474 0.07582938388625593
1 0.4194312796208531 0.2824644549763033 0.06255924170616113 0.06824644549763033
6 0.25355450236966826 0.2554502369668246 0.04834123222748815 0.06445497630331753
6 0.2990521327014218 0.24739336492890995 0.05971563981042654 0.07109004739336493
6 0.34834123222748814 0.24834123222748816 0.058767772511848344 0.07393364928909953
6 0.38436018957345974 0.25924170616113745 0.05308056872037915 0.06729857819905213
3 0.6028436018957346 0.2985781990521327 0.04265402843601896 0.03886255924170616
8 0.6781990521327014 0.31990521327014215 0.0881516587677725 0.08436018957345971
8 0.7502369668246446 0.3184834123222749 0.06919431279620854 0.06919431279620854
9 0.7919431279620853 0.34881516587677724 0.05402843601895735 0.058767772511848344
1 0.843127962085308 0.33886255924170616 0.05118483412322275 0.06729857819905213
6 0.8815165876777251 0.32654028436018956 0.05118483412322275 0.05971563981042654
6 0.9023696682464455 0.3033175355450237 0.054976303317535544 0.06729857819905213
6 0.9251184834123223 0.2729857819905213 0.05687203791469194 0.06350710900473934
9 0.2132701421800948 0.8222748815165877 0.07109004739336493 0.08151658767772511
9 0.24644549763033174 0.7843601895734598 0.06824644549763033 0.07867298578199051
6 0.3303317535545024 0.7322274881516587 0.04834123222748815 0.058767772511848344
6 0.35639810426540286 0.7308056872037915 0.04075829383886256 0.06729857819905213
6 0.3848341232227488 0.7355450236966825 0.04549763033175355 0.05781990521327014
6 0.4099526066350711 0.7469194312796209 0.055924170616113746 0.058767772511848344
1 0.43364928909952605 0.7748815165876777 0.05687203791469194 0.06635071090047394
9 0.4549763033175355 0.8260663507109005 0.06635071090047394 0.06824644549763033
9 0.46966824644549765 0.8819905213270142 0.07393364928909953 0.06445497630331753
8 0.4834123222748815 0.9417061611374408 0.06729857819905213 0.07488151658767772
8 0.4881516587677725 0.9867298578199052 0.06255924170616113 0.026540284360189573
5 0.8412322274881516 0.6630331753554503 0.043601895734597156 0.03981042654028436
1 0.8374407582938389 0.7184834123222749 0.05687203791469194 0.055924170616113746
8 0.5919431279620853 0.7331753554502369 0.04454976303317536 0.08436018957345971
9 0.6270142180094787 0.7748815165876777 0.05023696682464455 0.052132701421800945
9 0.6658767772511849 0.7995260663507109 0.04928909952606635 0.055924170616113746
1 0.7104265402843601 0.814218009478673 0.05023696682464455 0.06255924170616113
6 0.7530805687203791 0.8123222748815165 0.04454976303317536 0.07393364928909953
6 0.7928909952606635 0.809478672985782 0.055924170616113746 0.06729857819905213
6 0.819431279620853 0.7919431279620853 0.05687203791469194 0.06635071090047394
6 0.8350710900473933 0.7658767772511849 0.054976303317535544 0.06445497630331753