3 0.18909952606635072 0.13601895734597155 0.04834123222748815 0.04834123222748815
3 0.5056872037914691 0.2720379146919431 0.03601895734597156 0.037914691943127965
8 0.21658767772511847 0.2123222748815166 0.08909952606635071 0.0976303317535545
3 0.25260663507109005 0.26303317535545023 0.04075829383886256 0.04170616113744076
9 0.26492890995260665 0.3104265402843602 0.061611374407582936 0.05971563981042654
9 0.4938388625592417 0.32606635071090045 0.05971563981042654 0.05971563981042654
1 0.46161137440758293 0.35971563981042654 0.058767772511848344 0.06540284360189573
6 0.43981042654028435 0.37298578199052135 0.04928909952606635 0.061611374407582936
6 0.4028436018957346 0.3791469194312796 0.034123222748815164 0.052132701421800945
6 0.3691943127962085 0.3824644549763033 0.04265402843601896 0.05308056872037915
6 0.3355450236966825 0.3639810426540284 0.03981042654028436 0.06729857819905213
1 0.2966824644549763 0.3469194312796208 0.05118483412322275 0.05971563981042654
8 0.5625592417061611 0.0909952606635071 0.046445497630331754 0.08720379146919431
9 0.604739336492891 0.08293838862559241 0.05971563981042654 0.07203791469194312
9 0.647867298578199 0.07488151658767772 0.05402843601895735 0.06445497630331753
1 0.6995260663507109 0.06824644549763033 0.06635071090047394 0.06540284360189573
6 0.7488151658767772 0.08388625592417062 0.06540284360189573 0.061611374407582936
6 0.7919431279620853 0.109478672985782 0.07203791469194312 0.06919431279620854
3 0.37203791469194314 0.690521327014218 0.035071090047393366 0.03317535545023697
3 0.37156398104265403 0.6445497630331753 0.035071090047393366 0.03696682464454976
9 0.37203791469194314 0.5687203791469194 0.055924170616113746 0.04834123222748815
9 0.3924170616113744 0.5270142180094787 0.06540284360189573 0.04928909952606635
1 0.4080568720379147 0.4928909952606635 0.07109004739336493 0.06824644549763033
6 0.44502369668246444 0.46966824644549765 0.04834123222748815 0.04075829383886256
6 0.46729857819905213 0.46161137440758293 0.06255924170616113 0.024644549763033177
6 0.514218009478673 0.45876777251184836 0.05023696682464455 0.018957345971563982
9 0.6308056872037915 0.7800947867298578 0.05781990521327014 0.06066350710900474
1 0.6189573459715639 0.8251184834123223 0.06635071090047394 0.058767772511848344
6 0.5601895734597157 0.8867298578199052 0.04170616113744076 0.05402843601895735
6 0.5848341232227489 0.8819905213270142 0.04170616113744076 0.052132701421800945
6 0.6023696682464454 0.8587677725118483 0.04928909952606635 0.05402843601895735