4 0.023696682464454975 0.11658767772511848 0.031279620853080566 0.031279620853080566
9 0.06208530805687204 0.08293838862559241 0.06445497630331753 0.07867298578199051
9 0.0995260663507109 0.05545023696682464 0.06255924170616113 0.07677725118483412
6 0.14312796208530806 0.03175355450236967 0.06255924170616113 0.06350710900473934
6 0.1909952606635071 0.03744075829383886 0.06350710900473934 0.061611374407582936
6 0.25260663507109005 0.06540284360189573 0.07582938388625593 0.07582938388625593
6 0.2772511848341232 0.1009478672985782 0.06445497630331753 0.06255924170616113
9 0.2947867298578199 0.14312796208530806 0.06066350710900474 0.05402843601895735
9 0.2919431279620853 0.19146919431279621 0.06729857819905213 0.055924170616113746
3 0.2611374407582938 0.2791469194312796 0.03601895734597156 0.034123222748815164
8 0.8127962085308057 0.011374407582938388 0.0881516587677725 0.022748815165876776
8 0.26872037914691943 0.5355450236966824 0.07203791469194312 0.08625592417061612
8 0.2066350710900474 0.5606635071090047 0.08151658767772511 0.08530805687203792
9 0.15402843601895735 0.5853080568720379 0.05687203791469194 0.06919431279620854
9 0.1052132701421801 0.5928909952606635 0.054976303317535544 0.07393364928909953
1 0.052132701421800945 0.6033175355450237 0.058767772511848344 0.05971563981042654
6 0.016113744075829384 0.5895734597156398 0.03222748815165877 0.058767772511848344
8 0.8042654028436019 0.5616113744075829 0.07014218009478673 0.07962085308056872
8 0.5601895734597157 0.7729857819905214 0.06066350710900474 0.07109004739336493
8 0.54739336492891 0.7279620853080568 0.035071090047393366 0.06824644549763033
8 0.7611374407582938 0.524170616113744 0.08056872037914692 0.09289099526066351
9 0.7165876777251184 0.4924170616113744 0.06445497630331753 0.07014218009478673
9 0.6777251184834123 0.46919431279620855 0.06445497630331753 0.07677725118483412
1 0.633175355450237 0.45829383886255926 0.061611374407582936 0.07298578199052133
6 0.5876777251184834 0.46398104265402845 0.052132701421800945 0.08056872037914692
6 0.5393364928909953 0.5090047393364929 0.018957345971563982 0.07772511848341232
6 0.5526066350710901 0.4791469194312796 0.04549763033175355 0.07867298578199051