6 0.8900473933649289 0.013270142180094787 0.07393364928909953 0.026540284360189573
3 0.314218009478673 0.6563981042654028 0.034123222748815164 0.04454976303317536
3 0.24549763033175356 0.6469194312796208 0.03981042654028436 0.03696682464454976
9 0.2009478672985782 0.6398104265402843 0.061611374407582936 0.06350710900473934
9 0.15687203791469195 0.6289099526066351 0.05971563981042654 0.06919431279620854
1 0.11042654028436019 0.6189573459715639 0.04928909952606635 0.05402843601895735
6 0.08056872037914692 0.5881516587677725 0.05023696682464455 0.04265402843601896
6 0.06919431279620854 0.5630331753554503 0.06729857819905213 0.04739336492890995
6 0.06113744075829384 0.5312796208530806 0.06445497630331753 0.05308056872037915
8 0.6587677725118484 0.8720379146919431 0.08246445497630332 0.08436018957345971
8 0.6919431279620853 0.8355450236966825 0.08625592417061612 0.08625592417061612
8 0.9644549763033176 0.9696682464454977 0.07109004739336493 0.06066350710900474
9 0.7241706161137441 0.8004739336492891 0.06445497630331753 0.06255924170616113
9 0.7559241706161137 0.7739336492890996 0.06729857819905213 0.06635071090047394
9 0.9739336492890995 0.928436018957346 0.052132701421800945 0.055924170616113746
9 0.976303317535545 0.8862559241706162 0.04739336492890995 0.058767772511848344
1 0.9772511848341232 0.842654028436019 0.04549763033175355 0.06255924170616113
1 0.795734597156398 0.752132701421801 0.061611374407582936 0.06540284360189573
6 0.8454976303317535 0.7426540284360189 0.054976303317535544 0.052132701421800945
6 0.8924170616113745 0.7502369668246446 0.06066350710900474 0.05687203791469194
6 0.9393364928909953 0.7720379146919432 0.06255924170616113 0.05971563981042654
6 0.9706161137440759 0.8014218009478673 0.058767772511848344 0.05687203791469194