8 0.43554502369668247 0.33175355450236965 0.0881516587677725 0.0966824644549763
8 0.4132701421800948 0.3990521327014218 0.08909952606635071 0.09194312796208531
8 0.13080568720379146 0.29241706161137443 0.07203791469194312 0.06445497630331753
8 0.13886255924170615 0.3402843601895735 0.07109004739336493 0.06445497630331753
9 0.15450236966824646 0.3853080568720379 0.06066350710900474 0.052132701421800945
9 0.17156398104265402 0.4246445497630332 0.06540284360189573 0.055924170616113746
9 0.37251184834123224 0.45118483412322274 0.06350710900473934 0.06540284360189573
9 0.36587677725118484 0.4777251184834123 0.06066350710900474 0.022748815165876776
6 0.26303317535545023 0.4834123222748815 0.04454976303317536 0.011374407582938388
6 0.1872037914691943 0.4819905213270142 0.05781990521327014 0.014218009478672985
1 0.17582938388625594 0.46208530805687204 0.06350710900473934 0.05402843601895735
8 0.6867298578199053 0.01943127962085308 0.08246445497630332 0.03886255924170616
9 0.9255924170616113 0.013270142180094787 0.05971563981042654 0.026540284360189573
9 0.8947867298578199 0.03317535545023697 0.06445497630331753 0.06635071090047394
9 0.7080568720379147 0.04691943127962085 0.06635071090047394 0.06350710900473934
9 0.7199052132701422 0.0938388625592417 0.06445497630331753 0.06540284360189573
1 0.7530805687203791 0.11753554502369669 0.05118483412322275 0.05687203791469194
6 0.7786729857819905 0.12417061611374408 0.04170616113744076 0.04549763033175355
6 0.8066350710900474 0.12274881516587678 0.04170616113744076 0.04739336492890995
6 0.8350710900473933 0.11516587677725118 0.037914691943127965 0.04834123222748815
6 0.8582938388625593 0.1004739336492891 0.03981042654028436 0.05023696682464455
1 0.8872037914691943 0.07867298578199051 0.055924170616113746 0.05971563981042654
8 0.4706161137440758 0.6720379146919432 0.01800947867298578 0.08151658767772511
8 0.190521327014218 0.7080568720379147 0.08151658767772511 0.07962085308056872
8 0.1924170616113744 0.6336492890995261 0.07867298578199051 0.07582938388625593
8 0.4601895734597156 0.6042654028436019 0.03886255924170616 0.08246445497630332
9 0.21658767772511847 0.5815165876777251 0.05781990521327014 0.05118483412322275
9 0.22369668246445498 0.5317535545023697 0.05023696682464455 0.054976303317535544
9 0.45260663507109006 0.5454976303317536 0.05402843601895735 0.05402843601895735
9 0.4246445497630332 0.5113744075829384 0.05118483412322275 0.04454976303317536
1 0.24265402843601896 0.5042654028436019 0.04928909952606635 0.03033175355450237
6 0.266824644549763 0.4933649289099526 0.03696682464454976 0.008530805687203791
8 0.5203791469194313 0.9085308056872038 0.08151658767772511 0.09004739336492891
3 0.5919431279620853 0.9199052132701422 0.04075829383886256 0.04075829383886256
9 0.6454976303317536 0.928436018957346 0.06350710900473934 0.07109004739336493
9 0.6890995260663507 0.9322274881516588 0.05687203791469194 0.05781990521327014
1 0.7355450236966825 0.9241706161137441 0.055924170616113746 0.05308056872037915
6 0.7639810426540284 0.9104265402843602 0.05023696682464455 0.05118483412322275
6 0.7838862559241706 0.8786729857819905 0.052132701421800945 0.04549763033175355
6 0.8127962085308057 0.8535545023696682 0.04739336492890995 0.03696682464454976