3 0.4151658767772512 0.13554502369668248 0.04834123222748815 0.04928909952606635
8 0.34170616113744073 0.16066350710900473 0.09194312796208531 0.0881516587677725
9 0.27677725118483415 0.1791469194312796 0.058767772511848344 0.06919431279620854
9 0.22985781990521326 0.1962085308056872 0.055924170616113746 0.06635071090047394
1 0.1881516587677725 0.2033175355450237 0.05687203791469194 0.05687203791469194
6 0.14834123222748816 0.1966824644549763 0.05118483412322275 0.05023696682464455
6 0.12322274881516587 0.1815165876777251 0.05971563981042654 0.05687203791469194
6 0.1061611374407583 0.14360189573459717 0.05687203791469194 0.05118483412322275
8 0.8255924170616113 0.013270142180094787 0.07014218009478673 0.026540284360189573
8 0.8308056872037914 0.04454976303317536 0.06824644549763033 0.061611374407582936
9 0.8440758293838863 0.09004739336492891 0.058767772511848344 0.05023696682464455
9 0.8592417061611375 0.13033175355450238 0.06350710900473934 0.05308056872037915
1 0.9938388625592417 0.22701421800947869 0.012322274881516588 0.055924170616113746
6 0.9805687203791469 0.21706161137440758 0.03886255924170616 0.04739336492890995
6 0.9469194312796209 0.21137440758293838 0.04265402843601896 0.043601895734597156
6 0.9113744075829384 0.2161137440758294 0.04549763033175355 0.04549763033175355
6 0.871563981042654 0.2037914691943128 0.05687203791469194 0.04170616113744076
1 0.861611374407583 0.17156398104265402 0.061611374407582936 0.05781990521327014
9 0.03744075829383886 0.6933649289099526 0.05687203791469194 0.05118483412322275
9 0.2971563981042654 0.6862559241706161 0.06919431279620854 0.055924170616113746
9 0.2734597156398104 0.6545023696682465 0.07014218009478673 0.06066350710900474
1 0.05118483412322275 0.6535545023696683 0.06066350710900474 0.05687203791469194
1 0.24549763033175356 0.6118483412322275 0.05781990521327014 0.055924170616113746
6 0.07298578199052133 0.6132701421800948 0.05023696682464455 0.04928909952606635
6 0.11516587677725118 0.5914691943127962 0.06350710900473934 0.06635071090047394
6 0.16492890995260664 0.5767772511848341 0.06445497630331753 0.07203791469194312
3 0.2028436018957346 0.6009478672985782 0.034123222748815164 0.03601895734597156
8 0.035545023696682464 0.771090047393365 0.07109004739336493 0.061611374407582936
9 0.03222748815165877 0.728909952606635 0.06445497630331753 0.05308056872037915
8 0.31516587677725116 0.7218009478672985 0.07203791469194312 0.05971563981042654
3 0.7298578199052133 0.6492890995260664 0.037914691943127965 0.04454976303317536
4 0.7175355450236967 0.5981042654028436 0.03981042654028436 0.03981042654028436
9 0.6900473933649289 0.5559241706161138 0.054976303317535544 0.052132701421800945