4 0.42890995260663506 0.4127962085308057 0.021800947867298578 0.04454976303317536
4 0.3933649289099526 0.409478672985782 0.03886255924170616 0.043601895734597156
4 0.35023696682464456 0.3981042654028436 0.03696682464454976 0.03696682464454976
1 0.1900473933649289 0.5781990521327014 0.06919431279620854 0.043601895734597156
1 0.2962085308056872 0.4018957345971564 0.058767772511848344 0.06729857819905213
6 0.24502369668246446 0.40616113744075827 0.054976303317535544 0.054976303317535544
6 0.1971563981042654 0.4260663507109005 0.07582938388625593 0.06445497630331753
6 0.17251184834123223 0.4777251184834123 0.07677725118483412 0.06729857819905213
6 0.17440758293838862 0.533175355450237 0.06540284360189573 0.05402843601895735
9 0.514218009478673 0.23222748815165878 0.05402843601895735 0.05023696682464455
9 0.5298578199052133 0.2729857819905213 0.052132701421800945 0.04739336492890995
9 0.7592417061611374 0.27109004739336495 0.04834123222748815 0.05118483412322275
9 0.7322274881516587 0.3004739336492891 0.046445497630331754 0.05023696682464455
1 0.7014218009478673 0.3303317535545024 0.05023696682464455 0.05308056872037915
1 0.5545023696682464 0.3090047393364929 0.05118483412322275 0.05402843601895735
6 0.6687203791469194 0.34265402843601894 0.043601895734597156 0.04928909952606635
6 0.633175355450237 0.34928909952606635 0.037914691943127965 0.05023696682464455
6 0.6009478672985782 0.34786729857819904 0.037914691943127965 0.052132701421800945
6 0.5772511848341232 0.3360189573459716 0.04170616113744076 0.04834123222748815
1 0.02227488151658768 0.6251184834123222 0.04454976303317536 0.05023696682464455
1 0.18388625592417063 0.609478672985782 0.04549763033175355 0.018957345971563982
6 0.13033175355450238 0.6388625592417062 0.03981042654028436 0.04170616113744076
6 0.15971563981042655 0.6213270142180095 0.046445497630331754 0.04265402843601896
6 0.05639810426540284 0.638388625592417 0.04265402843601896 0.04928909952606635
6 0.0947867298578199 0.6426540284360189 0.03981042654028436 0.04170616113744076
9 0.6255924170616114 0.981042654028436 0.06445497630331753 0.037914691943127965
8 0.6308056872037915 0.9341232227488152 0.07014218009478673 0.07014218009478673
8 0.6345971563981042 0.8739336492890996 0.06919431279620854 0.07203791469194312
8 0.9549763033175356 0.9862559241706161 0.08246445497630332 0.027488151658767772