8 0.26966824644549764 0.3056872037914692 0.08056872037914692 0.04834123222748815
8 0.3402843601895735 0.3113744075829384 0.08341232227488152 0.03696682464454976
9 0.4018957345971564 0.32037914691943126 0.05308056872037915 0.018957345971563982
1 0.4924170616113744 0.3165876777251185 0.05402843601895735 0.026540284360189573
6 0.5374407582938389 0.3104265402843602 0.04739336492890995 0.03886255924170616
6 0.5526066350710901 0.28104265402843603 0.055924170616113746 0.04265402843601896
3 0.9563981042654028 0.2184834123222749 0.043601895734597156 0.04265402843601896
6 0.46161137440758293 0.6815165876777252 0.037914691943127965 0.06824644549763033
6 0.4962085308056872 0.6796208530805687 0.04075829383886256 0.06350710900473934
6 0.5303317535545023 0.6729857819905213 0.04265402843601896 0.054976303317535544
6 0.5644549763033175 0.6545023696682465 0.05118483412322275 0.05687203791469194
1 0.576303317535545 0.6289099526066351 0.05118483412322275 0.061611374407582936
1 0.4322274881516588 0.6649289099526067 0.04454976303317536 0.06919431279620854
9 0.6009478672985782 0.5971563981042654 0.05402843601895735 0.052132701421800945
9 0.6042654028436019 0.5535545023696683 0.058767772511848344 0.05023696682464455
8 0.6109004739336493 0.4976303317535545 0.08056872037914692 0.08625592417061612
3 0.6213270142180095 0.414218009478673 0.04265402843601896 0.04170616113744076
3 0.2829383886255924 0.5260663507109005 0.03886255924170616 0.03886255924170616
8 0.32606635071090045 0.5791469194312796 0.08246445497630332 0.0881516587677725
9 0.3687203791469194 0.6180094786729858 0.05308056872037915 0.05687203791469194
9 0.395260663507109 0.6516587677725119 0.05023696682464455 0.054976303317535544
3 0.7090047393364929 0.6938388625592417 0.03981042654028436 0.054976303317535544