9 0.015639810426540283 0.027962085308056873 0.031279620853080566 0.055924170616113746
1 0.047867298578199054 0.022748815165876776 0.06350710900473934 0.04549763033175355
6 0.07630331753554502 0.006635071090047393 0.05971563981042654 0.013270142180094787
8 0.7687203791469195 0.3298578199052133 0.0985781990521327 0.058767772511848344
9 0.795260663507109 0.2990521327014218 0.07677725118483412 0.07962085308056872
1 0.819431279620853 0.25687203791469193 0.07203791469194312 0.08436018957345971
6 0.85260663507109 0.22843601895734597 0.058767772511848344 0.07582938388625593
6 0.8957345971563981 0.21469194312796208 0.06350710900473934 0.07867298578199051
6 0.9459715639810427 0.2075829383886256 0.06540284360189573 0.07582938388625593
6 0.9772511848341232 0.22606635071090048 0.04549763033175355 0.06729857819905213
1 0.9876777251184834 0.25260663507109005 0.024644549763033177 0.07109004739336493
8 0.2104265402843602 0.6881516587677725 0.0909952606635071 0.08909952606635071
8 0.2241706161137441 0.6270142180094787 0.09573459715639811 0.0995260663507109
9 0.26018957345971566 0.5734597156398105 0.08436018957345971 0.08151658767772511
9 0.2966824644549763 0.5312796208530806 0.07962085308056872 0.07772511848341232
1 0.32796208530805687 0.4919431279620853 0.07203791469194312 0.07677725118483412
2 0.36824644549763036 0.4895734597156398 0.021800947867298578 0.05023696682464455
8 0.8767772511848341 0.4720379146919431 0.1033175355450237 0.10995260663507109
8 0.8881516587677725 0.5587677725118484 0.10900473933649289 0.10710900473933649
9 0.8957345971563981 0.6355450236966824 0.09004739336492891 0.08625592417061612
9 0.8900473933649289 0.6995260663507109 0.0881516587677725 0.08625592417061612
1 0.8744075829383886 0.7563981042654029 0.08625592417061612 0.0881516587677725
6 0.8540284360189574 0.7966824644549763 0.07488151658767772 0.08625592417061612
6 0.8156398104265403 0.8132701421800947 0.06729857819905213 0.09194312796208531
6 0.7739336492890996 0.8251184834123223 0.06729857819905213 0.0976303317535545
6 0.7436018957345971 0.8393364928909952 0.07298578199052133 0.09573459715639811
1 0.6848341232227488 0.8398104265402844 0.07677725118483412 0.0881516587677725
9 0.6364928909952606 0.8137440758293839 0.08625592417061612 0.09004739336492891
9 0.5886255924170616 0.7777251184834123 0.08720379146919431 0.09004739336492891
8 0.5379146919431279 0.7322274881516587 0.0976303317535545 0.1033175355450237
8 0.47345971563981043 0.6720379146919432 0.1004739336492891 0.0985781990521327