2 0.37251184834123224 0.16492890995260664 0.07203791469194312 0.05971563981042654
3 0.37298578199052135 0.10568720379146919 0.05023696682464455 0.046445497630331754
9 0.3924170616113744 0.04928909952606635 0.07298578199052133 0.054976303317535544
9 0.4085308056872038 0.015639810426540283 0.06824644549763033 0.031279620853080566
9 0.5374407582938389 0.4104265402843602 0.015165876777251185 0.07014218009478673
9 0.5616113744075829 0.4270142180094787 0.05781990521327014 0.05781990521327014
1 0.6014218009478673 0.43554502369668247 0.05118483412322275 0.058767772511848344
6 0.6260663507109004 0.4146919431279621 0.06540284360189573 0.04075829383886256
6 0.6464454976303318 0.3919431279620853 0.05781990521327014 0.03317535545023697
6 0.6601895734597156 0.36824644549763036 0.06445497630331753 0.03222748815165877
8 0.034123222748815164 0.7981042654028436 0.06824644549763033 0.08341232227488152
8 0.07345971563981042 0.7502369668246446 0.08436018957345971 0.09289099526066351
8 0.3824644549763033 0.885308056872038 0.08246445497630332 0.07962085308056872
8 0.36066350710900474 0.8236966824644549 0.08720379146919431 0.0909952606635071
9 0.11232227488151658 0.7037914691943128 0.06540284360189573 0.07014218009478673
1 0.14597156398104266 0.6687203791469194 0.06066350710900474 0.07582938388625593
6 0.1853080568720379 0.6492890995260664 0.04739336492890995 0.07014218009478673
6 0.23033175355450236 0.6464454976303318 0.05308056872037915 0.07203791469194312
6 0.28056872037914693 0.6516587677725119 0.054976303317535544 0.06824644549763033
6 0.3132701421800948 0.6786729857819905 0.04928909952606635 0.06066350710900474
1 0.33317535545023697 0.7109004739336493 0.061611374407582936 0.061611374407582936
9 0.34739336492890993 0.761611374407583 0.07677725118483412 0.06635071090047394
8 0.9009478672985782 0.861611374407583 0.08151658767772511 0.07393364928909953
8 0.8241706161137441 0.8374407582938389 0.07298578199052133 0.07962085308056872
4 0.7639810426540284 0.8274881516587678 0.043601895734597156 0.05402843601895735
9 0.7161137440758294 0.8075829383886256 0.05687203791469194 0.06445497630331753
9 0.6597156398104266 0.795260663507109 0.06066350710900474 0.06540284360189573
1 0.604739336492891 0.7985781990521327 0.054976303317535544 0.06635071090047394
6 0.5630331753554503 0.8146919431279621 0.05402843601895735 0.05023696682464455
6 0.5483412322274882 0.8383886255924171 0.03696682464454976 0.055924170616113746