8 0.01990521327014218 0.04739336492890995 0.03981042654028436 0.0947867298578199
5 0.06208530805687204 0.06635071090047394 0.043601895734597156 0.04265402843601896
9 0.11990521327014218 0.04928909952606635 0.07014218009478673 0.08246445497630332
9 0.16682464454976303 0.05829383886255924 0.07014218009478673 0.08436018957345971
1 0.21943127962085307 0.06729857819905213 0.07109004739336493 0.07393364928909953
6 0.27061611374407585 0.07725118483412323 0.06824644549763033 0.07677725118483412
6 0.3085308056872038 0.1004739336492891 0.07962085308056872 0.07582938388625593
6 0.3227488151658768 0.15071090047393365 0.08151658767772511 0.08341232227488152
9 0.9710900473933649 0.02132701421800948 0.05781990521327014 0.04265402843601896
1 0.9345971563981043 0.03838862559241706 0.06919431279620854 0.06919431279620854
6 0.8786729857819905 0.05402843601895735 0.054976303317535544 0.06255924170616113
6 0.843127962085308 0.04454976303317536 0.05023696682464455 0.06255924170616113
6 0.7853080568720379 0.01990521327014218 0.05781990521327014 0.03981042654028436
8 0.1957345971563981 0.7677725118483413 0.0976303317535545 0.0976303317535545
2 0.47962085308056873 0.8 0.08246445497630332 0.07488151658767772
9 0.2184834123222749 0.7156398104265402 0.07677725118483412 0.06540284360189573
9 0.2502369668246445 0.6819905213270142 0.07677725118483412 0.06824644549763033
9 0.490521327014218 0.7540284360189573 0.07109004739336493 0.06066350710900474
9 0.47393364928909953 0.7184834123222749 0.06729857819905213 0.061611374407582936
1 0.2791469194312796 0.638388625592417 0.07488151658767772 0.07393364928909953
1 0.46161137440758293 0.6744075829383887 0.07203791469194312 0.06540284360189573
6 0.3123222748815166 0.6132701421800948 0.06255924170616113 0.06350710900473934
6 0.36113744075829385 0.609478672985782 0.05971563981042654 0.054976303317535544
6 0.4104265402843602 0.6180094786729858 0.058767772511848344 0.05402843601895735
6 0.44739336492890996 0.6402843601895735 0.05781990521327014 0.06350710900473934
8 0.5454976303317536 0.9293838862559242 0.031279620853080566 0.07867298578199051
9 0.5445497630331754 0.8810426540284361 0.029383886255924172 0.052132701421800945
9 0.5507109004739337 0.8417061611374408 0.04170616113744076 0.05687203791469194
8 0.8412322274881516 0.933649289099526 0.0881516587677725 0.09004739336492891
8 0.8175355450236966 0.8843601895734597 0.08909952606635071 0.09194312796208531
9 0.7985781990521327 0.8364928909952607 0.07109004739336493 0.06729857819905213
9 0.79478672985782 0.7981042654028436 0.06255924170616113 0.06255924170616113
1 0.7563981042654029 0.7862559241706161 0.05971563981042654 0.06445497630331753
1 0.5587677725118484 0.8037914691943128 0.05781990521327014 0.06255924170616113
6 0.5857819905213271 0.7668246445497631 0.06445497630331753 0.06350710900473934
6 0.6232227488151659 0.7440758293838863 0.06824644549763033 0.06729857819905213
6 0.6781990521327014 0.74739336492891 0.07203791469194312 0.07203791469194312
6 0.7251184834123223 0.7582938388625592 0.05308056872037915 0.054976303317535544