8 0.016113744075829384 0.05308056872037915 0.03222748815165877 0.0909952606635071
8 0.05639810426540284 0.04597156398104266 0.09004739336492891 0.09194312796208531
9 0.11563981042654028 0.05023696682464455 0.06255924170616113 0.07962085308056872
9 0.16066350710900473 0.037914691943127965 0.06540284360189573 0.07582938388625593
1 0.21137440758293838 0.027488151658767772 0.06635071090047394 0.054976303317535544
6 0.25402843601895736 0.021800947867298578 0.07014218009478673 0.043601895734597156
4 0.5881516587677725 0.15213270142180094 0.04454976303317536 0.04834123222748815
4 0.5909952606635072 0.22274881516587677 0.04739336492890995 0.04739336492890995
9 0.6090047393364929 0.2843601895734597 0.06729857819905213 0.06540284360189573
9 0.6161137440758294 0.3298578199052133 0.061611374407582936 0.05971563981042654
1 0.5895734597156398 0.36777251184834125 0.06824644549763033 0.06729857819905213
6 0.5753554502369668 0.3976303317535545 0.05687203791469194 0.06919431279620854
6 0.5587677725118484 0.41706161137440756 0.03886255924170616 0.06824644549763033
8 0.24360189573459715 0.6635071090047393 0.08436018957345971 0.06540284360189573
9 0.33933649289099527 0.6445497630331753 0.06066350710900474 0.06635071090047394
1 0.381042654028436 0.6255924170616114 0.05781990521327014 0.05687203791469194
6 0.42322274881516586 0.5104265402843602 0.05781990521327014 0.021800947867298578
6 0.42938388625592416 0.5312796208530806 0.058767772511848344 0.046445497630331754
6 0.4265402843601896 0.5639810426540285 0.054976303317535544 0.046445497630331754
6 0.41137440758293836 0.5985781990521327 0.05781990521327014 0.05118483412322275
9 0.5620853080568721 0.5146919431279621 0.04549763033175355 0.03033175355450237
1 0.5943127962085308 0.5075829383886256 0.06066350710900474 0.016113744075829384
6 0.6734597156398104 0.514218009478673 0.07488151658767772 0.029383886255924172