8 0.5042654028436019 0.42796208530805685 0.0909952606635071 0.1004739336492891
9 0.500473933649289 0.5355450236966824 0.05687203791469194 0.061611374407582936
1 0.4819905213270142 0.5696682464454976 0.05971563981042654 0.06824644549763033
6 0.47393364928909953 0.595260663507109 0.055924170616113746 0.07014218009478673
6 0.44597156398104265 0.6156398104265403 0.058767772511848344 0.06824644549763033
6 0.41800947867298577 0.6246445497630332 0.05402843601895735 0.07298578199052133
6 0.3876777251184834 0.6289099526066351 0.05402843601895735 0.06540284360189573
1 0.3464454976303318 0.6222748815165877 0.054976303317535544 0.07393364928909953
9 0.3085308056872038 0.6009478672985782 0.06540284360189573 0.06540284360189573
3 0.2772511848341232 0.5454976303317536 0.05118483412322275 0.05118483412322275
2 0.4981042654028436 0.48578199052132703 0.05687203791469194 0.052132701421800945
8 0.6938388625592417 0.5246445497630332 0.04928909952606635 0.08246445497630332
6 0.8028436018957346 0.5890995260663507 0.05308056872037915 0.055924170616113746
6 0.8388625592417062 0.5824644549763033 0.05023696682464455 0.05118483412322275
6 0.8672985781990521 0.566350710900474 0.05402843601895735 0.05118483412322275
6 0.8928909952606635 0.5417061611374407 0.055924170616113746 0.052132701421800945
1 0.9071090047393365 0.5037914691943128 0.061611374407582936 0.05781990521327014
9 0.9175355450236967 0.45355450236966827 0.05971563981042654 0.06255924170616113
8 0.9009478672985782 0.4004739336492891 0.07677725118483412 0.07677725118483412
8 0.904739336492891 0.33933649289099527 0.0938388625592417 0.07962085308056872
9 0.7208530805687203 0.566824644549763 0.061611374407582936 0.06445497630331753
1 0.7644549763033175 0.5862559241706161 0.055924170616113746 0.06350710900473934