3 0.195260663507109 0.2729857819905213 0.046445497630331754 0.04265402843601896
3 0.271563981042654 0.31469194312796206 0.03601895734597156 0.03696682464454976
3 0.3184834123222749 0.3355450236966825 0.037914691943127965 0.035071090047393366
1 0.33886255924170616 0.36066350710900474 0.021800947867298578 0.061611374407582936
0 0.524170616113744 0.16208530805687205 0.04549763033175355 0.06729857819905213
0 0.6426540284360189 0.14502369668246445 0.04075829383886256 0.055924170616113746
0 0.7061611374407583 0.1819905213270142 0.04265402843601896 0.07393364928909953
8 0.41800947867298577 0.33127962085308055 0.08246445497630332 0.0909952606635071
8 0.437914691943128 0.2611374407582938 0.0909952606635071 0.09004739336492891
9 0.45734597156398105 0.2075829383886256 0.07772511848341232 0.06729857819905213
9 0.48104265402843605 0.17014218009478674 0.07109004739336493 0.07298578199052133
8 0.7786729857819905 0.35687203791469196 0.07772511848341232 0.08056872037914692
8 0.7753554502369668 0.29241706161137443 0.08625592417061612 0.08909952606635071
9 0.7545023696682465 0.19194312796208532 0.06919431279620854 0.06445497630331753
9 0.7701421800947867 0.23364928909952606 0.07772511848341232 0.06729857819905213
8 0.03601895734597156 0.6274881516587678 0.07203791469194312 0.07582938388625593
8 0.15497630331753554 0.923696682464455 0.0995260663507109 0.0938388625592417
9 0.13554502369668248 0.6251184834123222 0.06255924170616113 0.07109004739336493
9 0.2213270142180095 0.8511848341232228 0.07582938388625593 0.06729857819905213
3 0.17393364928909952 0.637914691943128 0.03601895734597156 0.037914691943127965
6 0.2241706161137441 0.6469194312796208 0.046445497630331754 0.04549763033175355
6 0.25876777251184835 0.6772511848341233 0.08056872037914692 0.06919431279620854
6 0.27488151658767773 0.718957345971564 0.07298578199052133 0.07014218009478673
6 0.2734597156398104 0.7687203791469195 0.06350710900473934 0.05118483412322275
1 0.2611374407582938 0.8137440758293839 0.07298578199052133 0.06350710900473934
8 0.671563981042654 0.7345971563981043 0.07677725118483412 0.07582938388625593
8 0.7175355450236967 0.7758293838862559 0.08056872037914692 0.08625592417061612
9 0.7701421800947867 0.7862559241706161 0.04928909952606635 0.05687203791469194
9 0.8085308056872038 0.7985781990521327 0.05023696682464455 0.05687203791469194
1 0.8507109004739336 0.8028436018957346 0.05023696682464455 0.05308056872037915
6 0.8862559241706162 0.795734597156398 0.05023696682464455 0.04549763033175355
6 0.9113744075829384 0.7815165876777251 0.05687203791469194 0.04265402843601896
6 0.928436018957346 0.761611374407583 0.04834123222748815 0.03317535545023697