1 0.1033175355450237 0.015165876777251185 0.07393364928909953 0.03033175355450237
6 0.053554502369668244 0.02227488151658768 0.05971563981042654 0.04454976303317536
6 0.02037914691943128 0.027488151658767772 0.04075829383886256 0.054976303317535544
8 0.5696682464454976 0.2981042654028436 0.09289099526066351 0.04265402843601896
8 0.7601895734597156 0.1014218009478673 0.09004739336492891 0.0947867298578199
9 0.5393364928909953 0.27061611374407585 0.07109004739336493 0.07109004739336493
9 0.5080568720379147 0.23222748815165878 0.06350710900473934 0.06635071090047394
8 0.7099526066350711 0.09289099526066351 0.07109004739336493 0.07582938388625593
9 0.6630331753554503 0.08483412322274882 0.06824644549763033 0.07298578199052133
9 0.6180094786729858 0.07061611374407582 0.061611374407582936 0.061611374407582936
1 0.4876777251184834 0.1909952606635071 0.05687203791469194 0.05781990521327014
1 0.5729857819905213 0.06350710900473934 0.054976303317535544 0.06445497630331753
6 0.4815165876777251 0.14691943127962084 0.05118483412322275 0.05402843601895735
6 0.4876777251184834 0.11658767772511848 0.05687203791469194 0.058767772511848344
6 0.5090047393364929 0.08767772511848342 0.05687203791469194 0.061611374407582936
6 0.5393364928909953 0.08009478672985781 0.05781990521327014 0.06066350710900474
9 0.26587677725118486 0.6545023696682465 0.06729857819905213 0.08625592417061612
6 0.2843601895734597 0.6170616113744076 0.03033175355450237 0.07962085308056872
8 0.5393364928909953 0.5090047393364929 0.09573459715639811 0.08246445497630332
8 0.814218009478673 0.6369668246445498 0.08341232227488152 0.0947867298578199
8 0.762085308056872 0.6720379146919432 0.0947867298578199 0.1004739336492891
8 0.5393364928909953 0.5706161137440758 0.1004739336492891 0.0909952606635071
9 0.5199052132701422 0.6222748815165877 0.07488151658767772 0.06540284360189573
9 0.5260663507109005 0.671563981042654 0.07772511848341232 0.06729857819905213
9 0.7251184834123223 0.7170616113744076 0.06824644549763033 0.07393364928909953
9 0.6881516587677725 0.74739336492891 0.07298578199052133 0.07677725118483412
2 0.5360189573459716 0.7165876777251184 0.06066350710900474 0.05308056872037915
2 0.6483412322274882 0.7691943127962085 0.055924170616113746 0.061611374407582936
2 0.5981042654028436 0.7777251184834123 0.06824644549763033 0.06540284360189573
2 0.5540284360189573 0.7535545023696683 0.06540284360189573 0.06350710900473934