1 0.14123222748815165 0.3222748815165877 0.06824644549763033 0.034123222748815164
6 0.1843601895734597 0.3061611374407583 0.06540284360189573 0.06635071090047394
6 0.23791469194312795 0.28720379146919434 0.07488151658767772 0.07014218009478673
6 0.29289099526066353 0.2881516587677725 0.06824644549763033 0.07582938388625593
6 0.7701421800947867 0.13317535545023695 0.06350710900473934 0.06540284360189573
6 0.7194312796208531 0.14028436018957346 0.06824644549763033 0.07203791469194312
6 0.8104265402843602 0.11374407582938388 0.054976303317535544 0.06350710900473934
6 0.6744075829383887 0.13507109004739337 0.054976303317535544 0.06255924170616113
1 0.6393364928909953 0.11753554502369669 0.055924170616113746 0.05971563981042654
1 0.8383886255924171 0.08767772511848342 0.05308056872037915 0.05402843601895735
9 0.8507109004739336 0.052132701421800945 0.07109004739336493 0.06540284360189573
9 0.8625592417061612 0.025118483412322274 0.07203791469194312 0.05023696682464455
9 0.614218009478673 0.08909952606635071 0.07014218009478673 0.061611374407582936
9 0.5829383886255924 0.06303317535545024 0.06824644549763033 0.06255924170616113
8 0.2213270142180095 0.5786729857819906 0.08720379146919431 0.08720379146919431
8 0.22369668246445498 0.6483412322274882 0.08436018957345971 0.08436018957345971
8 0.22985781990521326 0.7175355450236967 0.08436018957345971 0.08341232227488152
9 0.22180094786729856 0.771090047393365 0.06066350710900474 0.061611374407582936
9 0.2127962085308057 0.814218009478673 0.05687203791469194 0.05687203791469194
1 0.195260663507109 0.8502369668246446 0.055924170616113746 0.06919431279620854
6 0.16729857819905214 0.8701421800947867 0.046445497630331754 0.06066350710900474
6 0.14075829383886257 0.8900473933649289 0.046445497630331754 0.06255924170616113
6 0.11469194312796209 0.8943127962085308 0.043601895734597156 0.061611374407582936
6 0.08056872037914692 0.8966824644549763 0.05023696682464455 0.061611374407582936
1 0.04834123222748815 0.8791469194312796 0.05402843601895735 0.06350710900473934
9 0.02132701421800948 0.8582938388625593 0.04265402843601896 0.055924170616113746
4 0.0042654028436018955 0.8232227488151659 0.008530805687203791 0.03696682464454976
1 0.7459715639810427 0.5654028436018957 0.05781990521327014 0.08720379146919431
6 0.7981042654028436 0.5725118483412323 0.07109004739336493 0.08056872037914692
6 0.8549763033175355 0.5701421800947867 0.08720379146919431 0.0995260663507109
6 0.9203791469194312 0.5729857819905213 0.08056872037914692 0.0966824644549763
6 0.9691943127962085 0.5729857819905213 0.04834123222748815 0.07582938388625593
1 0.9862559241706161 0.5644549763033175 0.027488151658767772 0.08056872037914692
9 0.7161137440758294 0.5758293838862559 0.034123222748815164 0.06635071090047394
9 0.6943127962085308 0.5786729857819906 0.035071090047393366 0.05781990521327014
8 0.6753554502369669 0.576303317535545 0.034123222748815164 0.05118483412322275