8 0.17535545023696683 0.32701421800947866 0.08056872037914692 0.08341232227488152
9 0.2014218009478673 0.3767772511848341 0.06635071090047394 0.06066350710900474
9 0.22322274881516588 0.4165876777251185 0.06445497630331753 0.06540284360189573
1 0.25829383886255924 0.44976303317535543 0.058767772511848344 0.06445497630331753
6 0.2990521327014218 0.4549763033175355 0.046445497630331754 0.05308056872037915
6 0.3303317535545024 0.45829383886255926 0.03981042654028436 0.04454976303317536
6 0.35924170616113743 0.45355450236966827 0.04075829383886256 0.04739336492890995
1 0.4246445497630332 0.4308056872037915 0.06540284360189573 0.06729857819905213
9 0.4483412322274882 0.3872037914691943 0.061611374407582936 0.06255924170616113
9 0.4606635071090047 0.3459715639810427 0.061611374407582936 0.05971563981042654
8 0.4710900473933649 0.2957345971563981 0.07677725118483412 0.07488151658767772
8 0.7924170616113744 0.09573459715639811 0.09004739336492891 0.09004739336492891
8 0.7663507109004739 0.16492890995260664 0.08436018957345971 0.08436018957345971
9 0.75260663507109 0.22464454976303316 0.05971563981042654 0.06066350710900474
9 0.7421800947867299 0.27061611374407585 0.061611374407582936 0.06350710900473934
9 0.9744075829383886 0.37203791469194314 0.05118483412322275 0.07488151658767772
9 0.9436018957345972 0.4009478672985782 0.054976303317535544 0.06445497630331753
1 0.74739336492891 0.3170616113744076 0.06919431279620854 0.05781990521327014
1 0.8995260663507109 0.4137440758293839 0.058767772511848344 0.06350710900473934
6 0.8545023696682464 0.4199052132701422 0.05308056872037915 0.054976303317535544
6 0.7663507109004739 0.3578199052132701 0.06919431279620854 0.054976303317535544
6 0.7872037914691943 0.3867298578199052 0.058767772511848344 0.046445497630331754
6 0.8161137440758294 0.4080568720379147 0.05023696682464455 0.04928909952606635
8 0.14170616113744075 0.9658767772511848 0.08056872037914692 0.06824644549763033
9 0.08388625592417062 0.9729857819905213 0.055924170616113746 0.05402843601895735
9 0.046445497630331754 0.9838862559241706 0.05308056872037915 0.03222748815165877
1 0.017061611374407582 0.9867298578199052 0.034123222748815164 0.026540284360189573
8 0.6838862559241706 0.9606635071090047 0.0976303317535545 0.07867298578199051
1 0.7744075829383886 0.8753554502369668 0.07203791469194312 0.08436018957345971
1 0.9834123222748815 0.9483412322274881 0.03317535545023697 0.07298578199052133
6 0.9739336492890995 0.9014218009478673 0.052132701421800945 0.07772511848341232
6 0.8260663507109005 0.852132701421801 0.06729857819905213 0.08909952606635071
6 0.8805687203791469 0.8578199052132701 0.07962085308056872 0.0909952606635071
6 0.9436018957345972 0.8696682464454977 0.08436018957345971 0.0881516587677725