6 0.3644549763033175 0.2886255924170616 0.07582938388625593 0.07298578199052133
6 0.3042654028436019 0.2881516587677725 0.07014218009478673 0.07677725118483412
6 0.26398104265402844 0.3085308056872038 0.061611374407582936 0.061611374407582936
1 0.23886255924170616 0.34549763033175357 0.07298578199052133 0.06540284360189573
3 0.24265402843601896 0.3924170616113744 0.037914691943127965 0.03696682464454976
6 0.4014218009478673 0.2985781990521327 0.03696682464454976 0.04739336492890995
8 0.8459715639810427 0.5018957345971564 0.11469194312796209 0.055924170616113746
8 0.8132701421800947 0.46824644549763034 0.08720379146919431 0.07488151658767772
9 0.7900473933649289 0.4184834123222749 0.08056872037914692 0.06824644549763033
1 0.7625592417061612 0.36018957345971564 0.08530805687203792 0.07962085308056872
1 0.8947867298578199 0.2009478672985782 0.07393364928909953 0.08151658767772511
6 0.7843601895734598 0.32085308056872036 0.06066350710900474 0.06919431279620854
6 0.8090047393364929 0.24928909952606634 0.08246445497630332 0.07677725118483412
6 0.8578199052132701 0.22511848341232227 0.054976303317535544 0.06635071090047394
6 0.7563981042654029 0.26872037914691943 0.06635071090047394 0.07109004739336493
9 0.9753554502369668 0.1957345971563981 0.04928909952606635 0.0938388625592417
8 0.03981042654028436 0.5530805687203791 0.07962085308056872 0.046445497630331754
9 0.1037914691943128 0.5521327014218009 0.06729857819905213 0.04454976303317536
9 0.15545023696682464 0.5601895734597157 0.06824644549763033 0.06066350710900474
1 0.21516587677725119 0.5502369668246445 0.06635071090047394 0.04075829383886256
6 0.25971563981042656 0.5374407582938389 0.06635071090047394 0.015165876777251185
9 0.7388625592417062 0.861611374407583 0.07488151658767772 0.08056872037914692
9 0.771563981042654 0.8265402843601896 0.07582938388625593 0.08246445497630332
3 0.7 0.9725118483412323 0.04454976303317536 0.04454976303317536
1 0.7976303317535545 0.7824644549763033 0.06540284360189573 0.07298578199052133
6 0.9815165876777251 0.7516587677725118 0.03696682464454976 0.07203791469194312