4 0.15260663507109004 0.2213270142180095 0.03601895734597156 0.03222748815165877
8 0.08436018957345971 0.25308056872037915 0.07582938388625593 0.06729857819905213
9 0.03744075829383886 0.26966824644549764 0.046445497630331754 0.05402843601895735
9 0.010900473933649289 0.2777251184834123 0.021800947867298578 0.05118483412322275
2 0.518957345971564 0.4075829383886256 0.07677725118483412 0.06350710900473934
2 0.5364928909952607 0.46350710900473935 0.07582938388625593 0.06350710900473934
9 0.5516587677725119 0.5156398104265403 0.06635071090047394 0.04739336492890995
8 0.8734597156398104 0.3881516587677725 0.09194312796208531 0.08625592417061612
8 0.862085308056872 0.45260663507109006 0.08625592417061612 0.08625592417061612
9 0.8507109004739336 0.5080568720379147 0.07203791469194312 0.05687203791469194
9 0.828436018957346 0.5279620853080569 0.07014218009478673 0.022748815165876776
8 0.3052132701421801 0.8369668246445497 0.0947867298578199 0.08341232227488152
8 0.3104265402843602 0.7649289099526067 0.0947867298578199 0.0909952606635071
9 0.3127962085308057 0.7023696682464455 0.07772511848341232 0.06540284360189573
9 0.32654028436018956 0.6502369668246446 0.08625592417061612 0.07203791469194312
1 0.33933649289099527 0.5976303317535545 0.06066350710900474 0.07298578199052133
6 0.3582938388625592 0.5649289099526066 0.022748815165876776 0.05118483412322275
3 0.5819905213270142 0.9345971563981043 0.07582938388625593 0.07488151658767772
3 0.6559241706161137 0.7990521327014218 0.05308056872037915 0.05402843601895735
3 0.6687203791469194 0.7431279620853081 0.05023696682464455 0.05118483412322275
3 0.704265402843602 0.6876777251184835 0.05118483412322275 0.061611374407582936
4 0.9355450236966825 0.70521327014218 0.054976303317535544 0.06255924170616113
3 0.9748815165876777 0.7450236966824645 0.05023696682464455 0.06445497630331753