8 0.27440758293838863 0.30995260663507107 0.09289099526066351 0.09573459715639811
9 0.25355450236966826 0.3691943127962085 0.06540284360189573 0.06066350710900474
9 0.24312796208530807 0.4127962085308057 0.055924170616113746 0.055924170616113746
1 0.218957345971564 0.45165876777251185 0.06255924170616113 0.061611374407582936
6 0.1928909952606635 0.4772511848341232 0.05402843601895735 0.06066350710900474
6 0.16303317535545023 0.490521327014218 0.04928909952606635 0.05687203791469194
6 0.13317535545023695 0.495260663507109 0.04928909952606635 0.061611374407582936
6 0.1014218009478673 0.4772511848341232 0.052132701421800945 0.05781990521327014
1 0.061611374407582936 0.45876777251184836 0.061611374407582936 0.06635071090047394
9 0.02985781990521327 0.43507109004739336 0.05971563981042654 0.06066350710900474
9 0.02085308056872038 0.3924170616113744 0.04170616113744076 0.06635071090047394
8 0.015639810426540283 0.33791469194312795 0.031279620853080566 0.1033175355450237
8 0.8004739336492891 0.11232227488151658 0.07488151658767772 0.08341232227488152
3 0.8563981042654029 0.11421800947867299 0.046445497630331754 0.04454976303317536
4 0.8971563981042654 0.095260663507109 0.04170616113744076 0.04265402843601896
9 0.9549763033175356 0.09289099526066351 0.06540284360189573 0.07677725118483412
1 0.9872037914691943 0.0909952606635071 0.025592417061611375 0.07393364928909953
8 0.1938388625592417 0.6260663507109004 0.07298578199052133 0.052132701421800945
8 0.24739336492890995 0.6180094786729858 0.06445497630331753 0.03601895734597156
9 0.2886255924170616 0.614691943127962 0.055924170616113746 0.029383886255924172
9 0.3289099526066351 0.6123222748815166 0.06635071090047394 0.024644549763033177
6 0.4260663507109005 0.6085308056872037 0.05781990521327014 0.017061611374407582
6 0.46303317535545024 0.6227488151658768 0.07488151658767772 0.04549763033175355
6 0.4943127962085308 0.6407582938388625 0.07109004739336493 0.07962085308056872
8 0.8710900473933649 0.6919431279620853 0.08909952606635071 0.08530805687203792
8 0.9052132701421801 0.6440758293838863 0.08909952606635071 0.0881516587677725
9 0.928436018957346 0.6061611374407583 0.07109004739336493 0.012322274881516588