4 0.25118483412322273 0.007582938388625593 0.04170616113744076 0.015165876777251185
3 0.25260663507109005 0.047867298578199054 0.04170616113744076 0.037914691943127965
4 0.27109004739336495 0.0938388625592417 0.04454976303317536 0.037914691943127965
4 0.4137440758293839 0.13981042654028436 0.037914691943127965 0.03886255924170616
4 0.46824644549763034 0.12037914691943127 0.03696682464454976 0.03696682464454976
3 0.5246445497630332 0.07109004739336493 0.037914691943127965 0.03696682464454976
9 0.5644549763033175 0.05687203791469194 0.029383886255924172 0.06824644549763033
9 0.5928909952606635 0.08104265402843602 0.06350710900473934 0.07677725118483412
1 0.6492890995260664 0.08767772511848342 0.06729857819905213 0.07109004739336493
6 0.6914691943127962 0.07677725118483412 0.06066350710900474 0.06635071090047394
6 0.7218009478672985 0.06113744075829384 0.06255924170616113 0.061611374407582936
8 0.022748815165876776 0.5080568720379147 0.04549763033175355 0.07772511848341232
9 0.029383886255924172 0.5592417061611374 0.058767772511848344 0.07014218009478673
9 0.054502369668246446 0.6075829383886255 0.07203791469194312 0.07962085308056872
1 0.08767772511848342 0.6578199052132702 0.06824644549763033 0.07677725118483412
6 0.13127962085308056 0.6748815165876777 0.05781990521327014 0.07298578199052133
6 0.16919431279620853 0.6815165876777252 0.055924170616113746 0.061611374407582936
6 0.2028436018957346 0.6786729857819905 0.05687203791469194 0.05971563981042654
6 0.23649289099526066 0.6677725118483412 0.06729857819905213 0.06445497630331753
1 0.26255924170616113 0.6393364928909953 0.07677725118483412 0.06919431279620854
9 0.3 0.6028436018957346 0.08530805687203792 0.07677725118483412
9 0.3170616113744076 0.5421800947867299 0.0909952606635071 0.08246445497630332
8 0.3350710900473934 0.4990521327014218 0.0881516587677725 0.05971563981042654
6 0.5843601895734597 0.490521327014218 0.05781990521327014 0.04265402843601896
6 0.6322274881516587 0.4966824644549763 0.07393364928909953 0.054976303317535544
6 0.680568720379147 0.5061611374407583 0.06635071090047394 0.07393364928909953
6 0.7 0.5445497630331754 0.06540284360189573 0.07014218009478673
1 0.7113744075829384 0.590521327014218 0.07298578199052133 0.07298578199052133
9 0.704739336492891 0.6369668246445498 0.07772511848341232 0.06350710900473934
9 0.7037914691943128 0.6800947867298578 0.07772511848341232 0.061611374407582936
8 0.6909952606635071 0.7341232227488151 0.1014218009478673 0.08625592417061612
8 0.6687203791469194 0.7962085308056872 0.1014218009478673 0.08246445497630332