4 0.17772511848341233 0.2184834123222749 0.03696682464454976 0.04170616113744076
3 0.16635071090047393 0.2777251184834123 0.03222748815165877 0.034123222748815164
4 0.15355450236966825 0.34739336492890993 0.034123222748815164 0.029383886255924172
1 0.14407582938388624 0.4052132701421801 0.06066350710900474 0.052132701421800945
1 0.2829383886255924 0.48104265402843605 0.05118483412322275 0.054976303317535544
6 0.23981042654028437 0.47440758293838864 0.04170616113744076 0.05118483412322275
6 0.204739336492891 0.4791469194312796 0.04170616113744076 0.052132701421800945
6 0.1734597156398104 0.45639810426540284 0.043601895734597156 0.05023696682464455
6 0.16398104265402844 0.43554502369668247 0.05023696682464455 0.061611374407582936
9 0.3251184834123223 0.46350710900473935 0.05402843601895735 0.058767772511848344
9 0.36066350710900474 0.43886255924170614 0.052132701421800945 0.058767772511848344
8 0.4056872037914692 0.4090047393364929 0.07014218009478673 0.06919431279620854
8 0.45592417061611373 0.37251184834123224 0.06729857819905213 0.06350710900473934
8 0.9473933649289099 0.4876777251184834 0.06919431279620854 0.06919431279620854
8 0.9270142180094787 0.42843601895734595 0.07298578199052133 0.08151658767772511
9 0.9123222748815166 0.36587677725118484 0.06635071090047394 0.058767772511848344
9 0.8919431279620853 0.3194312796208531 0.06919431279620854 0.07298578199052133
1 0.8611374407582938 0.26445497630331755 0.07203791469194312 0.07393364928909953
1 0.6208530805687204 0.26919431279620853 0.022748815165876776 0.07393364928909953