8 0.6445497630331753 0.295260663507109 0.03033175355450237 0.14881516587677726
9 0.6270142180094787 0.218957345971564 0.06540284360189573 0.09289099526066351
9 0.5843601895734597 0.1734597156398104 0.11658767772511848 0.10426540284360189
1 0.5317535545023697 0.12606635071090047 0.09194312796208531 0.10900473933649289
6 0.4658767772511848 0.109478672985782 0.07867298578199051 0.1004739336492891
6 0.390521327014218 0.12322274881516587 0.10710900473933649 0.11563981042654028
6 0.31563981042654027 0.15781990521327013 0.10995260663507109 0.11753554502369669
6 0.2672985781990521 0.20853080568720378 0.08909952606635071 0.1033175355450237
1 0.24502369668246446 0.27014218009478674 0.0985781990521327 0.0976303317535545
9 0.25260663507109005 0.34502369668246446 0.10900473933649289 0.09289099526066351
9 0.262085308056872 0.4213270142180095 0.10995260663507109 0.09004739336492891
8 0.28104265402843603 0.5028436018957346 0.13175355450236967 0.11279620853080569
8 0.2957345971563981 0.5469194312796208 0.12132701421800948 0.024644549763033177
4 0.8260663507109005 0.295260663507109 0.046445497630331754 0.04549763033175355
2 0.6800947867298578 0.5303317535545023 0.04075829383886256 0.05781990521327014
2 0.8213270142180095 0.48530805687203793 0.05118483412322275 0.05687203791469194
9 0.8388625592417062 0.44028436018957345 0.06350710900473934 0.058767772511848344
9 0.8421800947867298 0.39478672985781993 0.06635071090047394 0.05687203791469194
4 0.8308056872037914 0.35165876777251187 0.04739336492890995 0.04549763033175355
8 0.0995260663507109 0.8582938388625593 0.0938388625592417 0.08530805687203792
8 0.0990521327014218 0.7995260663507109 0.09004739336492891 0.08625592417061612
9 0.0924170616113744 0.7436018957345971 0.07677725118483412 0.061611374407582936
9 0.0985781990521327 0.6962085308056872 0.07962085308056872 0.07014218009478673
1 0.10853080568720379 0.6355450236966824 0.06635071090047394 0.07109004739336493
6 0.13933649289099526 0.6018957345971564 0.06255924170616113 0.06255924170616113
3 0.1848341232227488 0.5791469194312796 0.03981042654028436 0.03981042654028436
6 0.24407582938388625 0.5767772511848341 0.07109004739336493 0.035071090047393366
6 0.3009478672985782 0.5781990521327014 0.06350710900473934 0.037914691943127965
1 0.34549763033175357 0.5890995260663507 0.06919431279620854 0.05971563981042654
9 0.37725118483412323 0.6303317535545023 0.08246445497630332 0.07203791469194312
9 0.4004739336492891 0.6744075829383887 0.07677725118483412 0.06540284360189573
8 0.42227488151658765 0.7251184834123223 0.09004739336492891 0.09194312796208531
8 0.45213270142180095 0.7772511848341233 0.09289099526066351 0.0881516587677725
1 0.6677725118483412 0.6317535545023697 0.016113744075829384 0.06540284360189573
6 0.6928909952606636 0.6085308056872037 0.06635071090047394 0.06066350710900474
6 0.7175355450236967 0.5843601895734597 0.07772511848341232 0.05023696682464455