8 0.26066350710900477 0.6227488151658768 0.1080568720379147 0.0909952606635071
8 0.27677725118483415 0.5488151658767773 0.1061611374407583 0.0966824644549763
9 0.2876777251184834 0.4924170616113744 0.09004739336492891 0.06919431279620854
9 0.2890995260663507 0.4327014218009479 0.08625592417061612 0.07488151658767772
1 0.2881516587677725 0.37203791469194314 0.09289099526066351 0.08151658767772511
9 0.026066350710900472 0.28672985781990523 0.052132701421800945 0.07488151658767772
1 0.06729857819905213 0.25355450236966826 0.0881516587677725 0.08625592417061612
6 0.12085308056872038 0.24454976303317535 0.055924170616113746 0.05687203791469194
6 0.1791469194312796 0.23744075829383887 0.09004739336492891 0.08530805687203792
6 0.24218009478672986 0.2725118483412322 0.08436018957345971 0.08720379146919431
6 0.27630331753554505 0.32180094786729857 0.06066350710900474 0.054976303317535544
4 0.6521327014218009 0.3289099526066351 0.04075829383886256 0.03886255924170616
8 0.714218009478673 0.34739336492890993 0.08056872037914692 0.09004739336492891
9 0.7625592417061612 0.36066350710900474 0.04549763033175355 0.06824644549763033
9 0.7962085308056872 0.37156398104265403 0.05781990521327014 0.06824644549763033
1 0.8412322274881516 0.381042654028436 0.05687203791469194 0.06255924170616113
6 0.8819905213270142 0.37203791469194314 0.046445497630331754 0.04549763033175355
6 0.895260663507109 0.35118483412322277 0.05308056872037915 0.037914691943127965
6 0.9123222748815166 0.32654028436018956 0.04454976303317536 0.035071090047393366
6 0.9308056872037914 0.3075829383886256 0.05118483412322275 0.03317535545023697
9 0.4184834123222749 0.9838862559241706 0.04265402843601896 0.03222748815165877
1 0.4127962085308057 0.95260663507109 0.05402843601895735 0.06255924170616113
6 0.3981042654028436 0.9104265402843602 0.05402843601895735 0.058767772511848344
6 0.3644549763033175 0.8805687203791469 0.07014218009478673 0.07772511848341232
6 0.30947867298578197 0.871563981042654 0.06824644549763033 0.07488151658767772
6 0.2663507109004739 0.8658767772511848 0.06066350710900474 0.061611374407582936
1 0.22796208530805687 0.8938388625592417 0.06729857819905213 0.06919431279620854
9 0.1990521327014218 0.9232227488151659 0.06445497630331753 0.06255924170616113
9 0.17962085308056872 0.9601895734597157 0.07393364928909953 0.07298578199052133
8 0.15829383886255924 0.9786729857819905 0.07203791469194312 0.04265402843601896
8 0.9739336492890995 0.7758293838862559 0.052132701421800945 0.09573459715639811
9 0.928436018957346 0.7777251184834123 0.055924170616113746 0.06445497630331753
9 0.8725118483412322 0.7663507109004739 0.06255924170616113 0.07014218009478673
8 0.9175355450236967 0.9862559241706161 0.07772511848341232 0.027488151658767772
9 0.8625592417061612 0.9796208530805687 0.058767772511848344 0.04075829383886256
9 0.8203791469194313 0.9687203791469194 0.06540284360189573 0.06255924170616113
1 0.8265402843601896 0.7796208530805687 0.05781990521327014 0.055924170616113746
1 0.7881516587677725 0.9402843601895735 0.05308056872037915 0.05402843601895735
6 0.7976303317535545 0.8066350710900474 0.058767772511848344 0.055924170616113746
6 0.7720379146919432 0.8374407582938389 0.05687203791469194 0.05023696682464455
6 0.7720379146919432 0.9113744075829384 0.05402843601895735 0.054976303317535544
6 0.762085308056872 0.876303317535545 0.05971563981042654 0.052132701421800945