6 0.009478672985781991 0.22464454976303316 0.018957345971563982 0.06824644549763033
6 0.04075829383886256 0.24786729857819906 0.08151658767772511 0.06919431279620854
6 0.07914691943127962 0.27440758293838863 0.07867298578199051 0.029383886255924172
3 0.7625592417061612 0.16682464454976303 0.04075829383886256 0.03317535545023697
8 0.70521327014218 0.11184834123222749 0.07488151658767772 0.0938388625592417
9 0.6516587677725119 0.08909952606635071 0.04834123222748815 0.07393364928909953
9 0.6090047393364929 0.08578199052132701 0.046445497630331754 0.07393364928909953
1 0.566350710900474 0.08909952606635071 0.05971563981042654 0.06729857819905213
6 0.5194312796208531 0.09146919431279621 0.043601895734597156 0.05402843601895735
6 0.4834123222748815 0.11800947867298578 0.06729857819905213 0.06729857819905213
6 0.44360189573459713 0.15829383886255924 0.06824644549763033 0.06919431279620854
8 0.0938388625592417 0.7530805687203791 0.07203791469194312 0.07677725118483412
8 0.12180094786729857 0.7009478672985782 0.07393364928909953 0.07677725118483412
9 0.14644549763033177 0.657345971563981 0.04739336492890995 0.05402843601895735
9 0.17535545023696683 0.6289099526066351 0.054976303317535544 0.052132701421800945
1 0.2033175355450237 0.6023696682464454 0.04739336492890995 0.05687203791469194
6 0.24502369668246446 0.5867298578199052 0.04834123222748815 0.054976303317535544
6 0.2720379146919431 0.5853080568720379 0.015165876777251185 0.05971563981042654
8 0.5706161137440758 0.6649289099526067 0.07203791469194312 0.07677725118483412
8 0.9052132701421801 0.7374407582938388 0.07203791469194312 0.06824644549763033
8 0.8990521327014218 0.6791469194312796 0.07109004739336493 0.06729857819905213
8 0.5985781990521327 0.6127962085308057 0.07393364928909953 0.07677725118483412
9 0.6232227488151659 0.5691943127962086 0.04739336492890995 0.05402843601895735
9 0.6521327014218009 0.5407582938388625 0.054976303317535544 0.052132701421800945
9 0.9033175355450237 0.6308056872037915 0.04739336492890995 0.03886255924170616
9 0.8976303317535546 0.5985781990521327 0.046445497630331754 0.04075829383886256
1 0.6800947867298578 0.514218009478673 0.04739336492890995 0.05687203791469194
1 0.8843601895734597 0.5620853080568721 0.05118483412322275 0.05308056872037915
6 0.7218009478672985 0.4985781990521327 0.04834123222748815 0.054976303317535544
6 0.7682464454976303 0.49715639810426543 0.05308056872037915 0.05971563981042654
6 0.8246445497630331 0.5127962085308057 0.054976303317535544 0.06066350710900474
6 0.8592417061611375 0.5317535545023697 0.05023696682464455 0.052132701421800945