3 0.26066350710900477 0.2729857819905213 0.05781990521327014 0.054976303317535544
3 0.2886255924170616 0.17440758293838862 0.05023696682464455 0.05781990521327014
3 0.3170616113744076 0.09194312796208531 0.054976303317535544 0.054976303317535544
9 0.34360189573459715 0.030805687203791468 0.09194312796208531 0.061611374407582936
8 0.5886255924170616 0.25829383886255924 0.08056872037914692 0.07867298578199051
8 0.5843601895734597 0.1900473933649289 0.08151658767772511 0.0881516587677725
8 0.8672985781990521 0.13175355450236967 0.07772511848341232 0.07772511848341232
8 0.8270142180094787 0.08388625592417062 0.07582938388625593 0.08056872037914692
9 0.5819905213270142 0.12985781990521328 0.05971563981042654 0.055924170616113746
9 0.5800947867298578 0.08388625592417062 0.054976303317535544 0.05402843601895735
9 0.7895734597156399 0.04928909952606635 0.055924170616113746 0.058767772511848344
9 0.7592417061611374 0.02227488151658768 0.05308056872037915 0.04454976303317536
1 0.5924170616113744 0.046445497630331754 0.06729857819905213 0.058767772511848344
1 0.728909952606635 0.009478672985781991 0.04170616113744076 0.018957345971563982
6 0.6971563981042654 0.014218009478672985 0.03886255924170616 0.02843601895734597
6 0.6677725118483412 0.015165876777251185 0.04075829383886256 0.03033175355450237
6 0.6393364928909953 0.02037914691943128 0.04265402843601896 0.04075829383886256
6 0.6161137440758294 0.02843601895734597 0.04739336492890995 0.05687203791469194
9 0.9587677725118483 0.5995260663507109 0.08246445497630332 0.08436018957345971
9 0.9241706161137441 0.6549763033175355 0.08530805687203792 0.0881516587677725
9 0.5834123222748815 0.5843601895734597 0.08151658767772511 0.08056872037914692
1 0.6189573459715639 0.6526066350710901 0.09004739336492891 0.09004739336492891
1 0.8706161137440759 0.6995260663507109 0.07582938388625593 0.0995260663507109
6 0.8118483412322275 0.7260663507109004 0.06919431279620854 0.08436018957345971
6 0.7554502369668247 0.728909952606635 0.06445497630331753 0.0881516587677725
6 0.7018957345971564 0.718957345971564 0.07298578199052133 0.08056872037914692
6 0.6507109004739337 0.6928909952606636 0.07772511848341232 0.08246445497630332