9 0.3009478672985782 0.04170616113744076 0.10900473933649289 0.08341232227488152
1 0.01848341232227488 0.13222748815165877 0.03696682464454976 0.12037914691943127
6 0.05545023696682464 0.14976303317535544 0.08341232227488152 0.1061611374407583
6 0.1009478672985782 0.16255924170616115 0.07772511848341232 0.10710900473933649
6 0.15260663507109004 0.16066350710900473 0.08436018957345971 0.11279620853080569
6 0.2123222748815166 0.13886255924170615 0.08246445497630332 0.10900473933649289
1 0.26398104265402844 0.1 0.0909952606635071 0.11563981042654028
3 0.6279620853080569 0.4876777251184834 0.03317535545023697 0.023696682464454975
9 0.437914691943128 0.4090047393364929 0.017061611374407582 0.06540284360189573
1 0.44786729857819907 0.37345971563981045 0.03696682464454976 0.06255924170616113
6 0.47393364928909953 0.35165876777251187 0.05118483412322275 0.055924170616113746
6 0.5184834123222749 0.34360189573459715 0.05971563981042654 0.06635071090047394
6 0.5654028436018957 0.35592417061611376 0.06350710900473934 0.06540284360189573
6 0.5981042654028436 0.3701421800947867 0.05687203791469194 0.06066350710900474
1 0.6175355450236967 0.404739336492891 0.06255924170616113 0.05781990521327014
9 0.6298578199052133 0.45023696682464454 0.06540284360189573 0.054976303317535544
8 0.3118483412322275 0.771090047393365 0.08625592417061612 0.07962085308056872
8 0.02085308056872038 0.8037914691943128 0.04170616113744076 0.08530805687203792
9 0.02085308056872038 0.7502369668246446 0.04170616113744076 0.055924170616113746
9 0.02843601895734597 0.7066350710900474 0.05687203791469194 0.05781990521327014
9 0.2947867298578199 0.7180094786729858 0.07109004739336493 0.058767772511848344
9 0.26255924170616113 0.6815165876777252 0.07203791469194312 0.06255924170616113
1 0.23649289099526066 0.6412322274881517 0.06445497630331753 0.06350710900473934
1 0.03317535545023697 0.6597156398104266 0.06540284360189573 0.06255924170616113
6 0.05829383886255924 0.6327014218009479 0.05781990521327014 0.058767772511848344
6 0.14834123222748816 0.6080568720379147 0.06919431279620854 0.06066350710900474
6 0.195260663507109 0.6180094786729858 0.05308056872037915 0.05402843601895735
3 0.10568720379146919 0.623696682464455 0.04075829383886256 0.043601895734597156
8 0.956872037914692 0.5090047393364929 0.07298578199052133 0.018957345971563982
8 0.6597156398104266 0.5436018957345972 0.08056872037914692 0.07677725118483412
8 0.7085308056872038 0.6009478672985782 0.07582938388625593 0.08056872037914692
9 0.7464454976303317 0.6336492890995261 0.05402843601895735 0.05781990521327014
9 0.7744075829383886 0.6625592417061611 0.04739336492890995 0.05118483412322275
9 0.9507109004739337 0.5317535545023697 0.05687203791469194 0.05023696682464455
9 0.956872037914692 0.5734597156398105 0.05118483412322275 0.05023696682464455
1 0.9478672985781991 0.6180094786729858 0.052132701421800945 0.05687203791469194
1 0.8023696682464455 0.6791469194312796 0.04454976303317536 0.05971563981042654
6 0.8369668246445497 0.6843601895734597 0.04170616113744076 0.055924170616113746
6 0.8720379146919431 0.6819905213270142 0.043601895734597156 0.05402843601895735
6 0.9028436018957346 0.671090047393365 0.04454976303317536 0.055924170616113746
6 0.9289099526066351 0.6516587677725119 0.043601895734597156 0.05781990521327014