9 0.5658767772511848 0.15497630331753554 0.14123222748815165 0.13838862559241707
9 0.5113744075829384 0.22559241706161137 0.11848341232227488 0.12037914691943127
9 0.13412322274881516 0.054976303317535544 0.12417061611374408 0.10995260663507109
9 0.15592417061611374 0.13364928909952606 0.11279620853080569 0.11658767772511848
1 0.1843601895734597 0.2 0.1052132701421801 0.12701421800947868
6 0.23744075829383887 0.24123222748815165 0.09289099526066351 0.11279620853080569
6 0.27440758293838863 0.27061611374407585 0.0881516587677725 0.11279620853080569
6 0.3227488151658768 0.2890995260663507 0.0947867298578199 0.11848341232227488
6 0.385781990521327 0.2919431279620853 0.09289099526066351 0.11469194312796209
1 0.4488151658767773 0.27677725118483415 0.1014218009478673 0.12227488151658768
9 0.6815165876777252 0.15971563981042655 0.06445497630331753 0.08056872037914692
9 0.7308056872037915 0.1815165876777251 0.06919431279620854 0.07677725118483412
1 0.7725118483412322 0.2052132701421801 0.07014218009478673 0.06540284360189573
8 0.15308056872037915 0.6308056872037915 0.11090047393364928 0.061611374407582936
8 0.22274881516587677 0.6132701421800948 0.11563981042654028 0.026540284360189573
6 0.5303317535545023 0.6109004739336493 0.07488151658767772 0.021800947867298578
6 0.5535545023696683 0.6246445497630332 0.07393364928909953 0.04928909952606635
1 0.5559241706161138 0.6554502369668247 0.09289099526066351 0.0881516587677725
9 0.5587677725118484 0.7137440758293839 0.08151658767772511 0.08151658767772511
9 0.5492890995260663 0.7758293838862559 0.08720379146919431 0.08341232227488152
8 0.5218009478672986 0.8402843601895734 0.08625592417061612 0.09289099526066351
8 0.4938388625592417 0.909478672985782 0.0909952606635071 0.09194312796208531
9 0.8170616113744076 0.9658767772511848 0.0909952606635071 0.06824644549763033
9 0.8710900473933649 0.9436018957345972 0.08530805687203792 0.08720379146919431
1 0.9265402843601895 0.9255924170616113 0.08530805687203792 0.0947867298578199
6 0.9739336492890995 0.9251184834123223 0.052132701421800945 0.08151658767772511