5 0.42369668246445497 0.2127962085308057 0.06066350710900474 0.06350710900473934
5 0.42938388625592416 0.4137440758293839 0.04265402843601896 0.04265402843601896
9 0.04265402843601896 0.4791469194312796 0.08530805687203792 0.0881516587677725
9 0.07535545023696683 0.5251184834123223 0.08720379146919431 0.0881516587677725
1 0.12843601895734597 0.542654028436019 0.09194312796208531 0.07298578199052133
6 0.190521327014218 0.557345971563981 0.08151658767772511 0.043601895734597156
6 0.25687203791469193 0.5606635071090047 0.0985781990521327 0.03696682464454976
6 0.3293838862559242 0.557345971563981 0.0995260663507109 0.043601895734597156
6 0.381042654028436 0.5483412322274882 0.0947867298578199 0.061611374407582936
1 0.41753554502369666 0.5213270142180095 0.1004739336492891 0.0976303317535545
0 0.4492890995260663 0.2981042654028436 0.07488151658767772 0.06540284360189573
0 0.44597156398104265 0.36824644549763036 0.06919431279620854 0.05687203791469194
8 0.7459715639810427 0.05023696682464455 0.0966824644549763 0.1004739336492891
9 0.7303317535545024 0.10710900473933649 0.07298578199052133 0.06445497630331753
9 0.704265402843602 0.14454976303317535 0.06255924170616113 0.06066350710900474
1 0.6909952606635071 0.17772511848341233 0.07014218009478673 0.07393364928909953
0 0.6554502369668247 0.1881516587677725 0.03696682464454976 0.046445497630331754
8 0.07677725118483412 0.7180094786729858 0.0985781990521327 0.0909952606635071
8 0.1009478672985782 0.6644549763033175 0.09573459715639811 0.0909952606635071
9 0.11848341232227488 0.6118483412322275 0.07962085308056872 0.06540284360189573
9 0.14407582938388624 0.5933649289099526 0.08341232227488152 0.02843601895734597
1 0.4156398104265403 0.5947867298578199 0.07298578199052133 0.031279620853080566
9 0.4246445497630332 0.6289099526066351 0.08530805687203792 0.07677725118483412
9 0.42748815165876775 0.6786729857819905 0.07962085308056872 0.07014218009478673
8 0.4251184834123223 0.7336492890995261 0.09573459715639811 0.0966824644549763
8 0.43033175355450237 0.7933649289099526 0.0976303317535545 0.09289099526066351
8 0.7227488151658767 0.7331753554502369 0.13459715639810427 0.12985781990521328
9 0.6582938388625592 0.6170616113744076 0.07677725118483412 0.07582938388625593