1 0.15450236966824646 0.026540284360189573 0.08909952606635071 0.05308056872037915
6 0.12559241706161137 0.06919431279620854 0.08625592417061612 0.1004739336492891
6 0.08578199052132701 0.11374407582938388 0.08530805687203792 0.1052132701421801
6 0.035545023696682464 0.15260663507109004 0.07109004739336493 0.1080568720379147
9 0.4606635071090047 0.45545023696682463 0.07014218009478673 0.04834123222748815
1 0.6687203791469194 0.4725118483412322 0.05781990521327014 0.014218009478672985
9 0.6791469194312796 0.45071090047393364 0.06540284360189573 0.05781990521327014
9 0.6800947867298578 0.4052132701421801 0.06919431279620854 0.061611374407582936
1 0.03175355450236967 0.6853080568720379 0.06350710900473934 0.07962085308056872
6 0.07251184834123223 0.6914691943127962 0.06635071090047394 0.05687203791469194
6 0.11563981042654028 0.6971563981042654 0.0938388625592417 0.07014218009478673
6 0.13554502369668248 0.7417061611374408 0.08720379146919431 0.07014218009478673
4 0.6725118483412322 0.7459715639810427 0.05023696682464455 0.046445497630331754
3 0.6255924170616114 0.7014218009478673 0.04739336492890995 0.05023696682464455
8 0.38909952606635073 0.9009478672985782 0.07582938388625593 0.07582938388625593
8 0.3767772511848341 0.8374407582938389 0.07677725118483412 0.07867298578199051
9 0.3701421800947867 0.781042654028436 0.06919431279620854 0.05971563981042654
9 0.37203791469194314 0.7303317535545024 0.07109004739336493 0.06066350710900474
1 0.36635071090047394 0.6843601895734597 0.052132701421800945 0.054976303317535544
6 0.38293838862559243 0.6554502369668247 0.04075829383886256 0.04928909952606635
6 0.4109004739336493 0.638388625592417 0.034123222748815164 0.04739336492890995
6 0.43933649289099524 0.6274881516587678 0.03886255924170616 0.05023696682464455
6 0.4710900473933649 0.6227488151658768 0.043601895734597156 0.05118483412322275
1 0.5061611374407583 0.6312796208530805 0.054976303317535544 0.05308056872037915
9 0.543127962085308 0.6582938388625592 0.06066350710900474 0.06350710900473934
9 0.5786729857819906 0.6786729857819905 0.06255924170616113 0.06635071090047394