9 0.5947867298578199 0.4156398104265403 0.05023696682464455 0.07488151658767772
9 0.5881516587677725 0.47014218009478675 0.06350710900473934 0.07582938388625593
1 0.5644549763033175 0.5284360189573459 0.06824644549763033 0.08151658767772511
6 0.5184834123222749 0.5559241706161138 0.06255924170616113 0.07298578199052133
6 0.46729857819905213 0.5744075829383887 0.06350710900473934 0.06824644549763033
6 0.4156398104265403 0.5838862559241706 0.06445497630331753 0.06445497630331753
6 0.36113744075829385 0.5853080568720379 0.07014218009478673 0.06445497630331753
1 0.2976303317535545 0.5677725118483412 0.08246445497630332 0.08341232227488152
9 0.26919431279620853 0.5132701421800948 0.08056872037914692 0.08909952606635071
9 0.24928909952606634 0.46161137440758293 0.06729857819905213 0.06824644549763033
8 0.595260663507109 0.3587677725118483 0.04928909952606635 0.06350710900473934
8 0.9796208530805687 0.11327014218009479 0.04075829383886256 0.0938388625592417
9 0.9748815165876777 0.17109004739336492 0.05023696682464455 0.055924170616113746
9 0.9587677725118483 0.2184834123222749 0.05308056872037915 0.05308056872037915
1 0.9469194312796209 0.2677725118483412 0.04549763033175355 0.05023696682464455
6 0.9445497630331754 0.30947867298578197 0.05118483412322275 0.058767772511848344
6 0.9606635071090047 0.34739336492890993 0.05118483412322275 0.04928909952606635
6 0.9853080568720379 0.37203791469194314 0.029383886255924172 0.052132701421800945
4 0.061611374407582936 0.6981042654028436 0.05402843601895735 0.05023696682464455
8 0.13317535545023695 0.7265402843601896 0.08909952606635071 0.0881516587677725
9 0.18625592417061612 0.7507109004739336 0.061611374407582936 0.06729857819905213
9 0.22559241706161137 0.7729857819905214 0.05781990521327014 0.06445497630331753
1 0.27014218009478674 0.7786729857819905 0.058767772511848344 0.05971563981042654
6 0.31516587677725116 0.776303317535545 0.04739336492890995 0.04549763033175355
6 0.3355450236966825 0.7559241706161137 0.05687203791469194 0.04170616113744076
6 0.36113744075829385 0.7355450236966825 0.05023696682464455 0.04549763033175355
6 0.37109004739336493 0.704265402843602 0.052132701421800945 0.03981042654028436
5 0.9843601895734597 0.6350710900473934 0.031279620853080566 0.03033175355450237
9 0.9829383886255925 0.6796208530805687 0.034123222748815164 0.05687203791469194