4 0.22606635071090048 0.25260663507109005 0.05971563981042654 0.05687203791469194
3 0.2616113744075829 0.32796208530805687 0.054976303317535544 0.043601895734597156
8 0.623696682464455 0.13886255924170615 0.07203791469194312 0.11090047393364928
8 0.6412322274881517 0.2127962085308057 0.03696682464454976 0.061611374407582936
9 0.6360189573459716 0.26966824644549764 0.04739336492890995 0.08056872037914692
9 0.6374407582938388 0.32132701421800947 0.04454976303317536 0.05687203791469194
1 0.6886255924170616 0.3232227488151659 0.055924170616113746 0.05308056872037915
9 0.7156398104265402 0.3132701421800948 0.06255924170616113 0.07014218009478673
9 0.7497630331753554 0.290521327014218 0.06729857819905213 0.08436018957345971
5 0.13507109004739337 0.74739336492891 0.05308056872037915 0.054976303317535544
5 0.1943127962085308 0.7369668246445498 0.04834123222748815 0.055924170616113746
5 0.3113744075829384 0.7109004739336493 0.04928909952606635 0.054976303317535544
5 0.35308056872037913 0.718957345971564 0.054976303317535544 0.054976303317535544
5 0.4137440758293839 0.9545023696682464 0.04834123222748815 0.05308056872037915
5 0.42227488151658765 0.9042654028436019 0.05118483412322275 0.04928909952606635
5 0.45924170616113746 0.8677725118483413 0.04739336492890995 0.043601895734597156
6 0.42890995260663506 0.7118483412322275 0.07393364928909953 0.06919431279620854
6 0.5052132701421801 0.7981042654028436 0.1023696682464455 0.07867298578199051
6 0.4777251184834123 0.7312796208530805 0.1004739336492891 0.08246445497630332
8 0.7625592417061612 0.7317535545023697 0.09573459715639811 0.1004739336492891
3 0.6933649289099526 0.7232227488151659 0.04549763033175355 0.061611374407582936