8 0.24691943127962085 0.30947867298578197 0.11279620853080569 0.11279620853080569
9 0.21421800947867298 0.25260663507109005 0.08436018957345971 0.08151658767772511
9 0.17061611374407584 0.21990521327014217 0.07867298578199051 0.07677725118483412
1 0.12985781990521328 0.1791469194312796 0.06635071090047394 0.06350710900473934
6 0.07440758293838863 0.15971563981042655 0.06445497630331753 0.061611374407582936
6 0.027014218009478674 0.15118483412322276 0.05402843601895735 0.07109004739336493
8 0.6232227488151659 0.15876777251184834 0.08246445497630332 0.08151658767772511
8 0.8995260663507109 0.23744075829383887 0.08436018957345971 0.0881516587677725
9 0.8924170616113745 0.1819905213270142 0.06635071090047394 0.06255924170616113
9 0.8800947867298579 0.13744075829383887 0.061611374407582936 0.05971563981042654
9 0.656872037914692 0.11611374407582939 0.06635071090047394 0.061611374407582936
9 0.6853080568720379 0.08199052132701422 0.07014218009478673 0.07393364928909953
1 0.718957345971564 0.05071090047393365 0.06540284360189573 0.07298578199052133
1 0.8630331753554502 0.09289099526066351 0.05971563981042654 0.06540284360189573
3 0.7635071090047393 0.05971563981042654 0.03601895734597156 0.03886255924170616
3 0.8312796208530806 0.07819905213270142 0.03601895734597156 0.03317535545023697
3 0.21658767772511847 0.7554502369668247 0.04834123222748815 0.054976303317535544
8 0.15781990521327013 0.7796208530805687 0.0995260663507109 0.1080568720379147
9 0.08341232227488152 0.785781990521327 0.08436018957345971 0.0976303317535545
9 0.03175355450236967 0.7824644549763033 0.06350710900473934 0.0976303317535545
3 0.8563981042654029 0.6227488151658768 0.03981042654028436 0.04549763033175355
1 0.8938388625592417 0.6592417061611374 0.06350710900473934 0.06635071090047394
9 0.9042654028436019 0.7208530805687203 0.08151658767772511 0.06729857819905213
9 0.9146919431279621 0.7663507109004739 0.06540284360189573 0.052132701421800945
6 0.8317535545023697 0.5843601895734597 0.06729857819905213 0.07393364928909953
6 0.7734597156398104 0.5739336492890995 0.07203791469194312 0.07677725118483412
6 0.7170616113744076 0.5786729857819906 0.05118483412322275 0.055924170616113746
1 0.6654028436018957 0.6099526066350711 0.07109004739336493 0.06445497630331753
9 0.6293838862559241 0.64739336492891 0.06445497630331753 0.06066350710900474