3 0.17298578199052134 0.23222748815165878 0.061611374407582936 0.06350710900473934
3 0.1966824644549763 0.15687203791469195 0.058767772511848344 0.058767772511848344
9 0.2132701421800948 0.08246445497630332 0.09194312796208531 0.09004739336492891
9 0.24123222748815165 0.03364928909952607 0.08246445497630332 0.06729857819905213
8 0.633175355450237 0.25071090047393363 0.12796208530805686 0.12606635071090047
8 0.6104265402843602 0.16398104265402844 0.08720379146919431 0.08436018957345971
9 0.5734597156398105 0.04028436018957346 0.08909952606635071 0.08056872037914692
9 0.5928909952606635 0.1004739336492891 0.07298578199052133 0.07488151658767772
1 0.5469194312796208 0.014691943127962086 0.08909952606635071 0.029383886255924172
1 0.2786729857819905 0.014218009478672985 0.07772511848341232 0.02843601895734597
1 0.9123222748815166 0.4156398104265403 0.08246445497630332 0.08246445497630332
6 0.957345971563981 0.4322274881516588 0.058767772511848344 0.06445497630331753
6 0.990521327014218 0.43507109004739336 0.018957345971563982 0.06824644549763033
3 0.3805687203791469 0.8104265402843602 0.052132701421800945 0.05023696682464455
8 0.44075829383886256 0.8099526066350711 0.07772511848341232 0.09004739336492891
9 0.32037914691943126 0.8009478672985783 0.05971563981042654 0.07867298578199051
9 0.27582938388625594 0.8052132701421801 0.05971563981042654 0.07582938388625593
1 0.22654028436018958 0.8203791469194313 0.06635071090047394 0.07488151658767772
6 0.1843601895734597 0.8459715639810427 0.055924170616113746 0.06540284360189573
6 0.14881516587677726 0.8734597156398104 0.08341232227488152 0.08151658767772511
8 0.4981042654028436 0.8146919431279621 0.07014218009478673 0.07298578199052133
8 0.9635071090047393 0.533175355450237 0.07298578199052133 0.08625592417061612
8 0.8976303317535546 0.5364928909952607 0.0909952606635071 0.0909952606635071
9 0.8360189573459715 0.5436018957345972 0.054976303317535544 0.058767772511848344
9 0.8052132701421801 0.5459715639810426 0.01042654028436019 0.05687203791469194