8 0.13222748815165877 0.26540284360189575 0.09573459715639811 0.0985781990521327
8 0.06492890995260664 0.3075829383886256 0.0995260663507109 0.0985781990521327
9 0.017535545023696683 0.3402843601895735 0.035071090047393366 0.07393364928909953
8 0.737914691943128 0.16729857819905214 0.0985781990521327 0.0976303317535545
8 0.6838862559241706 0.11469194312796209 0.10710900473933649 0.10900473933649289
9 0.6388625592417062 0.06729857819905213 0.07109004739336493 0.06919431279620854
9 0.6004739336492891 0.03601895734597156 0.06919431279620854 0.06729857819905213
8 0.46492890995260666 0.3355450236966825 0.0947867298578199 0.0947867298578199
8 0.44028436018957345 0.26303317535545023 0.09289099526066351 0.09289099526066351
9 0.4137440758293839 0.2037914691943128 0.06919431279620854 0.06445497630331753
9 0.41137440758293836 0.15165876777251186 0.06445497630331753 0.06445497630331753
1 0.41232227488151657 0.1052132701421801 0.061611374407582936 0.058767772511848344
1 0.5620853080568721 0.026540284360189573 0.05687203791469194 0.05308056872037915
6 0.5208530805687204 0.027962085308056873 0.055924170616113746 0.055924170616113746
6 0.48104265402843605 0.029383886255924172 0.05402843601895735 0.058767772511848344
6 0.45071090047393364 0.046445497630331754 0.06066350710900474 0.06350710900473934
6 0.4246445497630332 0.07156398104265403 0.05971563981042654 0.06066350710900474
9 0.02227488151658768 0.9127962085308057 0.04454976303317536 0.07014218009478673
9 0.21421800947867298 0.7431279620853081 0.07488151658767772 0.06824644549763033
9 0.21469194312796208 0.7914691943127962 0.07014218009478673 0.06729857819905213
1 0.1985781990521327 0.8308056872037914 0.07203791469194312 0.06729857819905213
6 0.1819905213270142 0.8677725118483413 0.06350710900473934 0.06729857819905213
6 0.16540284360189572 0.8962085308056872 0.05402843601895735 0.07298578199052133
6 0.12890995260663507 0.9061611374407583 0.05308056872037915 0.08151658767772511
6 0.1014218009478673 0.9142180094786729 0.05687203791469194 0.07109004739336493
1 0.05687203791469194 0.923696682464455 0.061611374407582936 0.07014218009478673