3 0.1843601895734597 0.4962085308056872 0.055924170616113746 0.027488151658767772
9 0.19194312796208532 0.45639810426540284 0.0947867298578199 0.09289099526066351
9 0.5208530805687204 0.4824644549763033 0.09573459715639811 0.054976303317535544
9 0.4962085308056872 0.44123222748815166 0.0995260663507109 0.07867298578199051
1 0.21374407582938387 0.4090047393364929 0.07677725118483412 0.07867298578199051
1 0.4710900473933649 0.3971563981042654 0.07867298578199051 0.07582938388625593
6 0.25829383886255924 0.3706161137440758 0.07014218009478673 0.08056872037914692
6 0.31516587677725116 0.34786729857819904 0.08246445497630332 0.08720379146919431
6 0.3767772511848341 0.3464454976303318 0.08625592417061612 0.0938388625592417
6 0.42938388625592416 0.36255924170616116 0.08151658767772511 0.08436018957345971
8 0.8943127962085308 0.44075829383886256 0.08436018957345971 0.0909952606635071
8 0.842654028436019 0.3981042654028436 0.09194312796208531 0.0966824644549763
2 0.7601895734597156 0.33127962085308055 0.04739336492890995 0.05308056872037915
3 0.7943127962085308 0.36729857819905215 0.04739336492890995 0.04928909952606635
6 0.595260663507109 0.3132701421800948 0.03222748815165877 0.07298578199052133
6 0.6255924170616114 0.2829383886255924 0.06635071090047394 0.07677725118483412
6 0.6739336492890995 0.2786729857819905 0.05781990521327014 0.07298578199052133
1 0.7170616113744076 0.3004739336492891 0.058767772511848344 0.06635071090047394
5 0.5753554502369668 0.7881516587677725 0.007582938388625593 0.03696682464454976
5 0.49715639810426543 0.8867298578199052 0.04075829383886256 0.043601895734597156
5 0.41184834123222747 0.8933649289099526 0.03886255924170616 0.03886255924170616
5 0.37298578199052135 0.8777251184834123 0.04075829383886256 0.03981042654028436
5 0.33838862559241706 0.8516587677725118 0.04075829383886256 0.03886255924170616
4 0.3023696682464455 0.8042654028436019 0.04454976303317536 0.04549763033175355
4 0.2786729857819905 0.7668246445497631 0.043601895734597156 0.043601895734597156
8 0.8436018957345972 0.8279620853080568 0.14028436018957346 0.14028436018957346
8 0.9142180094786729 0.8748815165876778 0.1033175355450237 0.10710900473933649
9 0.9611374407582939 0.9056872037914692 0.07772511848341232 0.09194312796208531
9 0.9886255924170616 0.9440758293838862 0.022748815165876776 0.1023696682464455