3 0.2099526066350711 0.3251184834123223 0.03981042654028436 0.03886255924170616
3 0.26066350710900477 0.31990521327014215 0.058767772511848344 0.054976303317535544
3 0.3137440758293839 0.33127962085308055 0.046445497630331754 0.04549763033175355
8 0.047867298578199054 0.3753554502369668 0.09573459715639811 0.04928909952606635
9 0.0962085308056872 0.3635071090047393 0.0938388625592417 0.07298578199052133
9 0.13981042654028436 0.33080568720379144 0.0995260663507109 0.0985781990521327
1 0.4042654028436019 0.3706161137440758 0.09194312796208531 0.058767772511848344
2 0.3582938388625592 0.35734597156398107 0.054976303317535544 0.055924170616113746
8 0.6218009478672986 0.12274881516587678 0.06445497630331753 0.08436018957345971
9 0.6677725118483412 0.13649289099526066 0.06350710900473934 0.07109004739336493
9 0.7109004739336493 0.15308056872037915 0.05971563981042654 0.06350710900473934
1 0.7582938388625592 0.14454976303317535 0.061611374407582936 0.06635071090047394
6 0.7981042654028436 0.13507109004739337 0.06066350710900474 0.06445497630331753
6 0.8279620853080568 0.11990521327014218 0.06540284360189573 0.061611374407582936
8 0.3758293838862559 0.7630331753554502 0.08056872037914692 0.08341232227488152
8 0.32132701421800947 0.7341232227488151 0.07772511848341232 0.08530805687203792
9 0.27109004739336495 0.70521327014218 0.06350710900473934 0.06919431279620854
9 0.22890995260663508 0.6848341232227488 0.054976303317535544 0.06635071090047394
1 0.18672985781990523 0.6739336492890995 0.04739336492890995 0.04928909952606635
6 0.14928909952606634 0.6772511848341233 0.04739336492890995 0.04928909952606635
6 0.11137440758293839 0.6914691943127962 0.06919431279620854 0.07014218009478673
6 0.08483412322274882 0.7199052132701422 0.06445497630331753 0.06729857819905213
3 0.9090047393364928 0.6317535545023697 0.05308056872037915 0.055924170616113746
3 0.9549763033175356 0.571563981042654 0.04834123222748815 0.05118483412322275
9 0.9781990521327014 0.514218009478673 0.043601895734597156 0.09194312796208531