8 0.15687203791469195 0.44786729857819907 0.12796208530805686 0.13459715639810427
8 0.5829383886255924 0.5052132701421801 0.12322274881516587 0.1080568720379147
9 0.5654028436018957 0.4374407582938389 0.1023696682464455 0.08341232227488152
9 0.5516587677725119 0.376303317535545 0.0966824644549763 0.08530805687203792
9 0.2 0.38436018957345974 0.1004739336492891 0.0976303317535545
9 0.23507109004739338 0.33791469194312795 0.1023696682464455 0.0976303317535545
3 0.2947867298578199 0.37819905213270144 0.03317535545023697 0.03696682464454976
3 0.42890995260663506 0.3696682464454976 0.04265402843601896 0.04265402843601896
3 0.4772511848341232 0.3943127962085308 0.043601895734597156 0.04454976303317536
3 0.8824644549763033 0.014218009478672985 0.04549763033175355 0.02843601895734597
3 0.8796208530805687 0.0909952606635071 0.05308056872037915 0.04834123222748815
6 0.9781990521327014 0.2554502369668246 0.03886255924170616 0.037914691943127965
6 0.9497630331753555 0.24360189573459715 0.04739336492890995 0.04454976303317536
6 0.9199052132701422 0.22085308056872038 0.04454976303317536 0.04834123222748815
6 0.9009478672985782 0.2052132701421801 0.054976303317535544 0.04928909952606635
1 0.8805687203791469 0.16255924170616115 0.05971563981042654 0.07203791469194312
8 0.5184834123222749 0.8981042654028436 0.07014218009478673 0.07582938388625593
8 0.4606635071090047 0.8815165876777251 0.07203791469194312 0.07488151658767772
9 0.4071090047393365 0.8691943127962085 0.05402843601895735 0.061611374407582936
9 0.36066350710900474 0.862085308056872 0.055924170616113746 0.06445497630331753
1 0.3132701421800948 0.8592417061611375 0.054976303317535544 0.05781990521327014
6 0.27582938388625594 0.8654028436018958 0.05308056872037915 0.04928909952606635
6 0.25071090047393363 0.8819905213270142 0.054976303317535544 0.04549763033175355
6 0.23507109004739338 0.9123222748815166 0.05781990521327014 0.04549763033175355
4 0.24218009478672986 0.9459715639810427 0.034123222748815164 0.03317535545023697
5 0.24834123222748816 0.976303317535545 0.03601895734597156 0.034123222748815164
8 0.8393364928909952 0.7090047393364929 0.0881516587677725 0.0881516587677725
9 0.809478672985782 0.762085308056872 0.06255924170616113 0.055924170616113746
2 0.7251184834123223 0.8341232227488151 0.011374407582938388 0.04170616113744076
1 0.7530805687203791 0.8246445497630331 0.052132701421800945 0.06255924170616113