8 0.13459715639810427 0.36161137440758295 0.10710900473933649 0.10426540284360189
9 0.2004739336492891 0.3824644549763033 0.08151658767772511 0.08720379146919431
7 0.04597156398104266 0.34454976303317536 0.07488151658767772 0.06066350710900474
3 0.7004739336492891 0.33127962085308055 0.04454976303317536 0.04170616113744076
8 0.64739336492891 0.33696682464454975 0.07393364928909953 0.08341232227488152
9 0.5962085308056873 0.33933649289099527 0.05971563981042654 0.07203791469194312
9 0.5616113744075829 0.3345971563981043 0.04454976303317536 0.06824644549763033
8 0.5203791469194313 0.923696682464455 0.037914691943127965 0.11658767772511848
5 0.4890995260663507 0.9402843601895735 0.054976303317535544 0.055924170616113746
9 0.43507109004739336 0.9772511848341232 0.07203791469194312 0.04549763033175355
9 0.38341232227488153 0.9876777251184834 0.07109004739336493 0.024644549763033177
6 0.22511848341232227 0.9824644549763033 0.055924170616113746 0.035071090047393366
6 0.1881516587677725 0.9720379146919431 0.06919431279620854 0.055924170616113746
1 0.15545023696682464 0.9507109004739337 0.07014218009478673 0.06919431279620854
9 0.15734597156398103 0.9 0.07582938388625593 0.07962085308056872
9 0.14739336492890995 0.8492890995260663 0.07772511848341232 0.07203791469194312
3 0.7924170616113744 0.9355450236966825 0.052132701421800945 0.05687203791469194
8 0.8545023696682464 0.9255924170616113 0.07677725118483412 0.08530805687203792
9 0.9075829383886256 0.9180094786729858 0.05687203791469194 0.07109004739336493
9 0.9563981042654028 0.918957345971564 0.058767772511848344 0.07393364928909953
1 0.9853080568720379 0.9246445497630332 0.029383886255924172 0.07109004739336493