8 0.418957345971564 0.26872037914691943 0.09004739336492891 0.08151658767772511
8 0.08862559241706161 0.28199052132701424 0.09004739336492891 0.0909952606635071
9 0.1004739336492891 0.33838862559241706 0.07109004739336493 0.07203791469194312
9 0.4161137440758294 0.33080568720379144 0.06729857819905213 0.06919431279620854
9 0.3853080568720379 0.3819905213270142 0.06824644549763033 0.07014218009478673
1 0.3587677725118483 0.4308056872037915 0.06540284360189573 0.06919431279620854
9 0.11943127962085308 0.3881516587677725 0.06824644549763033 0.07014218009478673
1 0.15308056872037915 0.43364928909952605 0.07014218009478673 0.06445497630331753
6 0.3246445497630332 0.45592417061611373 0.04834123222748815 0.04075829383886256
6 0.2800947867298578 0.46445497630331756 0.052132701421800945 0.03033175355450237
6 0.23459715639810427 0.46492890995260666 0.04834123222748815 0.029383886255924172
6 0.19146919431279621 0.46303317535545024 0.05118483412322275 0.03317535545023697
2 0.6393364928909953 0.47440758293838864 0.052132701421800945 0.01042654028436019
2 0.6592417061611374 0.4545023696682464 0.04834123222748815 0.03886255924170616
2 0.6815165876777252 0.4165876777251185 0.04265402843601896 0.04265402843601896
3 0.728909952606635 0.4042654028436019 0.03317535545023697 0.031279620853080566
3 0.8109004739336493 0.4090047393364929 0.03601895734597156 0.025592417061611375
3 0.10853080568720379 0.8246445497630331 0.043601895734597156 0.043601895734597156
8 0.15829383886255924 0.8639810426540284 0.08436018957345971 0.08720379146919431
9 0.1976303317535545 0.9052132701421801 0.055924170616113746 0.061611374407582936
9 0.23364928909952606 0.933175355450237 0.05402843601895735 0.06066350710900474
8 0.4037914691943128 0.6729857819905213 0.08341232227488152 0.08625592417061612
8 0.409478672985782 0.7469194312796209 0.08720379146919431 0.08151658767772511
9 0.4146919431279621 0.8037914691943128 0.06445497630331753 0.05402843601895735
9 0.418957345971564 0.8497630331753554 0.06066350710900474 0.052132701421800945
1 0.4090047393364929 0.8876777251184834 0.05781990521327014 0.055924170616113746
1 0.2677725118483412 0.952132701421801 0.04739336492890995 0.05781990521327014
6 0.3066350710900474 0.9554502369668246 0.04928909952606635 0.061611374407582936
6 0.3407582938388626 0.9516587677725118 0.04739336492890995 0.05781990521327014
6 0.37109004739336493 0.9417061611374408 0.04928909952606635 0.05687203791469194
6 0.3928909952606635 0.9199052132701422 0.05308056872037915 0.052132701421800945
3 0.7398104265402844 0.8886255924170616 0.04928909952606635 0.05118483412322275
9 0.7962085308056872 0.8824644549763033 0.06255924170616113 0.08341232227488152
9 0.8511848341232228 0.8914691943127963 0.058767772511848344 0.08530805687203792
1 0.9085308056872038 0.9028436018957346 0.06255924170616113 0.05687203791469194
8 0.6734597156398104 0.8677725118483413 0.08246445497630332 0.0947867298578199
6 0.952132701421801 0.8767772511848341 0.05308056872037915 0.046445497630331754
6 0.9734597156398104 0.8407582938388626 0.05308056872037915 0.043601895734597156