3 0.404739336492891 0.15450236966824646 0.04739336492890995 0.04928909952606635
4 0.34407582938388626 0.1853080568720379 0.04549763033175355 0.04170616113744076
3 0.295260663507109 0.1981042654028436 0.04549763033175355 0.04454976303317536
9 0.09289099526066351 0.035545023696682464 0.07582938388625593 0.07109004739336493
9 0.24407582938388625 0.21469194312796208 0.07014218009478673 0.07109004739336493
1 0.1895734597156398 0.22796208530805687 0.06635071090047394 0.07014218009478673
1 0.07345971563981042 0.09336492890995261 0.05971563981042654 0.06445497630331753
6 0.16729857819905214 0.1966824644549763 0.055924170616113746 0.06350710900473934
6 0.12748815165876778 0.1895734597156398 0.05971563981042654 0.06350710900473934
6 0.1018957345971564 0.16066350710900473 0.055924170616113746 0.05971563981042654
6 0.08625592417061612 0.12654028436018958 0.06729857819905213 0.06729857819905213
8 0.8573459715639811 0.12890995260663507 0.0881516587677725 0.08530805687203792
8 0.8819905213270142 0.18293838862559242 0.09004739336492891 0.0881516587677725
9 0.8881516587677725 0.23601895734597156 0.06919431279620854 0.06445497630331753
9 0.8971563981042654 0.2777251184834123 0.06635071090047394 0.061611374407582936
1 0.9090047393364928 0.32180094786729857 0.04454976303317536 0.054976303317535544
6 0.8815165876777251 0.34265402843601894 0.03886255924170616 0.04739336492890995
6 0.8706161137440759 0.36255924170616116 0.04075829383886256 0.014218009478672985
6 0.8383886255924171 0.3644549763033175 0.04075829383886256 0.01042654028436019
9 0.7421800947867299 0.3587677725118483 0.06255924170616113 0.021800947867298578
9 0.7037914691943128 0.3464454976303318 0.05971563981042654 0.046445497630331754
8 0.6516587677725119 0.3289099526066351 0.09194312796208531 0.08151658767772511
8 0.6023696682464454 0.2962085308056872 0.08625592417061612 0.09004739336492891
8 0.25355450236966826 0.5042654028436019 0.1014218009478673 0.10426540284360189
8 0.3251184834123223 0.542654028436019 0.10426540284360189 0.1061611374407583
9 0.3796208530805687 0.5781990521327014 0.07488151658767772 0.07867298578199051
9 0.43033175355450237 0.6071090047393365 0.06919431279620854 0.07582938388625593
1 0.4872037914691943 0.6137440758293838 0.07582938388625593 0.07867298578199051
6 0.5289099526066351 0.6014218009478673 0.06066350710900474 0.05781990521327014
6 0.5421800947867299 0.5853080568720379 0.034123222748815164 0.055924170616113746
9 0.9914691943127962 0.6507109004739337 0.017061611374407582 0.08056872037914692
9 0.9654028436018958 0.6308056872037915 0.06919431279620854 0.08625592417061612
1 0.9090047393364928 0.6336492890995261 0.07677725118483412 0.07677725118483412
6 0.8635071090047394 0.6085308056872037 0.07109004739336493 0.06445497630331753
6 0.8298578199052132 0.5744075829383887 0.0947867298578199 0.08246445497630332