6 0.01990521327014218 0.36777251184834125 0.03981042654028436 0.05118483412322275
6 0.04123222748815166 0.3582938388625592 0.054976303317535544 0.04739336492890995
1 0.07156398104265403 0.32748815165876777 0.061611374407582936 0.06255924170616113
9 0.1037914691943128 0.2834123222748815 0.05781990521327014 0.06540284360189573
9 0.13317535545023695 0.23554502369668245 0.06540284360189573 0.07014218009478673
8 0.15497630331753554 0.1791469194312796 0.07962085308056872 0.0881516587677725
8 0.26255924170616113 0.9900473933649289 0.08341232227488152 0.01990521327014218
9 0.2109004739336493 0.9815165876777251 0.06350710900473934 0.03696682464454976
9 0.16540284360189572 0.9729857819905213 0.061611374407582936 0.05402843601895735
1 0.11895734597156397 0.9682464454976303 0.06350710900473934 0.061611374407582936
6 0.07393364928909953 0.9654028436018958 0.05781990521327014 0.05402843601895735
6 0.03601895734597156 0.9744075829383886 0.07203791469194312 0.05118483412322275
9 0.6853080568720379 0.9734597156398104 0.08720379146919431 0.05308056872037915
9 0.685781990521327 0.9350710900473934 0.08341232227488152 0.07488151658767772
4 0.571563981042654 0.8184834123222748 0.03981042654028436 0.04170616113744076
3 0.6170616113744076 0.8393364928909952 0.03696682464454976 0.031279620853080566
4 0.6578199052132702 0.9090047393364928 0.03981042654028436 0.03601895734597156