9 0.2838862559241706 0.3578199052132701 0.09194312796208531 0.04265402843601896
9 0.31563981042654027 0.328436018957346 0.0947867298578199 0.0976303317535545
1 0.35545023696682465 0.28151658767772514 0.08341232227488152 0.0909952606635071
6 0.4090047393364929 0.24218009478672986 0.07203791469194312 0.07203791469194312
6 0.46824644549763034 0.22559241706161137 0.08246445497630332 0.07488151658767772
6 0.5265402843601896 0.22890995260663508 0.06540284360189573 0.07488151658767772
8 0.5777251184834123 0.22606635071090048 0.03696682464454976 0.1014218009478673
9 0.6018957345971564 0.1924170616113744 0.06540284360189573 0.08530805687203792
9 0.64739336492891 0.16445497630331754 0.08625592417061612 0.09194312796208531
1 0.6815165876777252 0.11990521327014218 0.07488151658767772 0.06919431279620854
6 0.7061611374407583 0.06682464454976303 0.07772511848341232 0.07014218009478673
6 0.6947867298578199 0.026540284360189573 0.07582938388625593 0.05308056872037915
8 0.3464454976303318 0.5407582938388625 0.08151658767772511 0.08530805687203792
4 0.28056872037914693 0.5720379146919431 0.046445497630331754 0.04454976303317536
9 0.23175355450236967 0.590047393364929 0.06066350710900474 0.06445497630331753
9 0.1876777251184834 0.6056872037914692 0.05781990521327014 0.061611374407582936
1 0.14312796208530806 0.6071090047393365 0.054976303317535544 0.054976303317535544
6 0.10853080568720379 0.6028436018957346 0.055924170616113746 0.04834123222748815
6 0.08530805687203792 0.5886255924170616 0.05308056872037915 0.043601895734597156
8 0.7540284360189573 0.8203791469194313 0.1014218009478673 0.0938388625592417
8 0.9691943127962085 0.5218009478672986 0.061611374407582936 0.0938388625592417
8 0.9246445497630332 0.4900473933649289 0.0909952606635071 0.0909952606635071
8 0.709478672985782 0.7554502369668247 0.1052132701421801 0.09289099526066351
9 0.6758293838862559 0.704739336492891 0.07772511848341232 0.05971563981042654
9 0.6549763033175355 0.6616113744075829 0.07203791469194312 0.055924170616113746
9 0.8744075829383886 0.46161137440758293 0.05971563981042654 0.06255924170616113
9 0.8308056872037914 0.45308056872037916 0.06350710900473934 0.06824644549763033
1 0.7829383886255924 0.44407582938388623 0.055924170616113746 0.06255924170616113
1 0.6355450236966824 0.6184834123222749 0.06445497630331753 0.061611374407582936
6 0.6388625592417062 0.5644549763033175 0.055924170616113746 0.058767772511848344
6 0.7364928909952607 0.45924170616113746 0.058767772511848344 0.05402843601895735
6 0.6876777251184835 0.4815165876777251 0.06445497630331753 0.06540284360189573
6 0.6535545023696683 0.5194312796208531 0.05971563981042654 0.05781990521327014