9 0.027962085308056873 0.36208530805687206 0.055924170616113746 0.034123222748815164
8 0.2066350710900474 0.17725118483412322 0.0909952606635071 0.0938388625592417
9 0.21374407582938387 0.24265402843601896 0.07109004739336493 0.07203791469194312
9 0.20568720379146918 0.295260663507109 0.06540284360189573 0.06824644549763033
6 0.18293838862559242 0.36824644549763036 0.04928909952606635 0.021800947867298578
1 0.1966824644549763 0.34360189573459715 0.05971563981042654 0.06635071090047394
8 0.919431279620853 0.016587677725118485 0.07203791469194312 0.03317535545023697
3 0.12132701421800948 0.8260663507109005 0.05308056872037915 0.05118483412322275
8 0.1815165876777251 0.8232227488151659 0.07962085308056872 0.09194312796208531
9 0.06066350710900474 0.818957345971564 0.061611374407582936 0.07962085308056872
9 0.023696682464454975 0.8241706161137441 0.04739336492890995 0.07677725118483412
8 0.23886255924170616 0.8260663507109005 0.07203791469194312 0.07488151658767772
2 0.9872037914691943 0.6454976303317536 0.025592417061611375 0.06635071090047394
8 0.9502369668246445 0.6763033175355451 0.0881516587677725 0.08909952606635071
9 0.9037914691943127 0.6976303317535545 0.055924170616113746 0.06445497630331753
9 0.8663507109004739 0.7099526066350711 0.05781990521327014 0.05971563981042654
1 0.8274881516587678 0.7170616113744076 0.055924170616113746 0.054976303317535544
6 0.7924170616113744 0.7061611374407583 0.054976303317535544 0.03981042654028436
6 0.7658767772511849 0.690521327014218 0.06445497630331753 0.04549763033175355
6 0.7497630331753554 0.671563981042654 0.04928909952606635 0.029383886255924172