8 0.027014218009478674 0.13981042654028436 0.05402843601895735 0.11658767772511848
9 0.03317535545023697 0.21137440758293838 0.06635071090047394 0.07203791469194312
9 0.06066350710900474 0.25165876777251184 0.07109004739336493 0.07867298578199051
8 0.285781990521327 0.07582938388625593 0.07962085308056872 0.08341232227488152
9 0.28151658767772514 0.14123222748815165 0.06255924170616113 0.06350710900473934
9 0.26398104265402844 0.19146919431279621 0.05687203791469194 0.06066350710900474
1 0.095260663507109 0.2938388625592417 0.054976303317535544 0.05971563981042654
6 0.13649289099526066 0.3023696682464455 0.04739336492890995 0.06255924170616113
6 0.17061611374407584 0.3061611374407583 0.037914691943127965 0.04928909952606635
6 0.2009478672985782 0.2957345971563981 0.04265402843601896 0.046445497630331754
6 0.22748815165876776 0.2739336492890995 0.043601895734597156 0.04454976303317536
1 0.24739336492890995 0.23838862559241705 0.05118483412322275 0.05971563981042654
3 0.8184834123222748 0.43886255924170614 0.055924170616113746 0.05687203791469194
8 0.828909952606635 0.37156398104265403 0.06824644549763033 0.07109004739336493
8 0.8440758293838863 0.31516587677725116 0.06824644549763033 0.07298578199052133
3 0.866824644549763 0.2611374407582938 0.04170616113744076 0.03981042654028436
1 0.8890995260663507 0.1938388625592417 0.07298578199052133 0.07488151658767772
6 0.9109004739336493 0.15165876777251186 0.061611374407582936 0.07677725118483412
6 0.957345971563981 0.13412322274881516 0.054976303317535544 0.07488151658767772
6 0.9881516587677726 0.12890995260663507 0.023696682464454975 0.07393364928909953
4 0.12037914691943127 0.8706161137440759 0.04549763033175355 0.043601895734597156
3 0.07819905213270142 0.8459715639810427 0.03981042654028436 0.037914691943127965
4 0.03933649289099526 0.8222748815165877 0.03033175355450237 0.034123222748815164
4 0.005687203791469194 0.7568720379146919 0.011374407582938388 0.03317535545023697
2 0.012796208530805687 0.795260663507109 0.025592417061611375 0.03981042654028436
8 0.9696682464454977 0.9819905213270143 0.06066350710900474 0.03601895734597156
8 0.6232227488151659 0.9895734597156398 0.09004739336492891 0.02085308056872038
9 0.6312796208530805 0.9677725118483412 0.07582938388625593 0.06445497630331753
9 0.6445497630331753 0.9255924170616113 0.07488151658767772 0.06919431279620854
1 0.8578199052132701 0.861611374407583 0.06540284360189573 0.06919431279620854
6 0.8080568720379147 0.8492890995260663 0.058767772511848344 0.06635071090047394
6 0.7677725118483413 0.8336492890995261 0.06350710900473934 0.07014218009478673
6 0.7132701421800948 0.8507109004739336 0.06635071090047394 0.06635071090047394
6 0.6843601895734597 0.8781990521327014 0.06066350710900474 0.06350710900473934
1 0.6360189573459716 0.8900473933649289 0.06350710900473934 0.055924170616113746
9 0.9085308056872038 0.9104265402843602 0.07867298578199051 0.07582938388625593
7 0.9388625592417061 0.9516587677725118 0.06540284360189573 0.07298578199052133