9 0.36492890995260663 0.11469194312796209 0.058767772511848344 0.061611374407582936
9 0.07109004739336493 0.15023696682464455 0.06350710900473934 0.06066350710900474
9 0.35118483412322277 0.16777251184834124 0.055924170616113746 0.058767772511848344
9 0.09004739336492891 0.2004739336492891 0.055924170616113746 0.054976303317535544
1 0.3165876777251185 0.21184834123222748 0.058767772511848344 0.07109004739336493
6 0.2909952606635071 0.24549763033175356 0.05308056872037915 0.07109004739336493
6 0.24454976303317535 0.2563981042654028 0.04549763033175355 0.06255924170616113
6 0.2023696682464455 0.26303317535545023 0.046445497630331754 0.06540284360189573
6 0.16350710900473933 0.24834123222748816 0.04834123222748815 0.06445497630331753
1 0.12890995260663507 0.23080568720379147 0.055924170616113746 0.06824644549763033
8 0.6909952606635071 0.43933649289099524 0.07867298578199051 0.07962085308056872
8 0.6279620853080569 0.466824644549763 0.08056872037914692 0.08246445497630332
9 0.5725118483412323 0.47962085308056873 0.05023696682464455 0.06540284360189573
9 0.5303317535545023 0.48530805687203793 0.04454976303317536 0.055924170616113746
1 0.4909952606635071 0.48578199052132703 0.04834123222748815 0.04928909952606635
6 0.45876777251184836 0.46919431279620855 0.05402843601895735 0.03886255924170616
6 0.4483412322274882 0.44786729857819907 0.037914691943127965 0.04075829383886256
8 0.28672985781990523 0.9895734597156398 0.07109004739336493 0.02085308056872038
6 0.01990521327014218 0.9815165876777251 0.03981042654028436 0.029383886255924172
6 0.023222748815165877 0.9909952606635071 0.046445497630331754 0.01800947867298578
8 0.5080568720379147 0.9507109004739337 0.07014218009478673 0.07014218009478673
8 0.5701421800947867 0.9369668246445497 0.07109004739336493 0.07203791469194312
9 0.6251184834123222 0.919431279620853 0.05687203791469194 0.06635071090047394
9 0.6734597156398104 0.9175355450236967 0.04928909952606635 0.06350710900473934
1 0.7170616113744076 0.9180094786729858 0.055924170616113746 0.07298578199052133
6 0.761611374407583 0.919431279620853 0.04834123222748815 0.06255924170616113
6 0.7933649289099526 0.9293838862559242 0.05118483412322275 0.06824644549763033
6 0.819431279620853 0.9563981042654028 0.05308056872037915 0.06824644549763033