9 0.25924170616113745 0.4886255924170616 0.08625592417061612 0.04265402843601896
9 0.25450236966824646 0.45213270142180095 0.08909952606635071 0.07582938388625593
1 0.24786729857819906 0.3943127962085308 0.08056872037914692 0.08056872037914692
6 0.2184834123222749 0.3469194312796208 0.07203791469194312 0.07677725118483412
6 0.1023696682464455 0.3033175355450237 0.0909952606635071 0.0938388625592417
3 0.16350710900473933 0.3469194312796208 0.04739336492890995 0.05118483412322275
6 0.04549763033175355 0.3184834123222749 0.07582938388625593 0.07582938388625593
1 0.016113744075829384 0.34502369668246446 0.03222748815165877 0.07962085308056872
9 0.6052132701421801 0.1848341232227488 0.08056872037914692 0.07393364928909953
9 0.9 0.25924170616113745 0.07109004739336493 0.07488151658767772
9 0.862085308056872 0.2919431279620853 0.06824644549763033 0.07298578199052133
9 0.6066350710900474 0.23507109004739338 0.07014218009478673 0.07298578199052133
1 0.818957345971564 0.32085308056872036 0.07203791469194312 0.08530805687203792
1 0.6341232227488152 0.27582938388625594 0.07203791469194312 0.09573459715639811
6 0.7838862559241706 0.33270142180094786 0.06635071090047394 0.0966824644549763
6 0.7388625592417062 0.33175355450236965 0.06255924170616113 0.08341232227488152
6 0.6976303317535545 0.3246445497630332 0.06255924170616113 0.08246445497630332
6 0.6658767772511849 0.3061611374407583 0.06255924170616113 0.08246445497630332
8 0.1061611374407583 0.5450236966824644 0.0909952606635071 0.07014218009478673
8 0.16966824644549763 0.5393364928909953 0.11184834123222749 0.058767772511848344
6 0.44075829383886256 0.533175355450237 0.07772511848341232 0.046445497630331754
6 0.46492890995260666 0.5644549763033175 0.06445497630331753 0.06824644549763033
1 0.46492890995260666 0.6132701421800948 0.06919431279620854 0.07203791469194312
2 0.45402843601895737 0.6630331753554503 0.06066350710900474 0.04834123222748815
9 0.44170616113744077 0.7080568720379147 0.07772511848341232 0.06824644549763033
8 0.404739336492891 0.7582938388625592 0.1033175355450237 0.0966824644549763
8 0.37109004739336493 0.819431279620853 0.0976303317535545 0.0909952606635071
3 0.990521327014218 0.5758293838862559 0.018957345971563982 0.04265402843601896
3 0.9056872037914692 0.556872037914692 0.03981042654028436 0.03981042654028436
5 0.8578199052132701 0.5635071090047393 0.04454976303317536 0.04265402843601896
8 0.7308056872037915 0.7933649289099526 0.08720379146919431 0.07772511848341232
8 0.7459715639810427 0.7279620853080568 0.0995260663507109 0.07962085308056872
9 0.762085308056872 0.6748815165876777 0.08341232227488152 0.06445497630331753
9 0.7824644549763033 0.6298578199052133 0.06635071090047394 0.05781990521327014
1 0.8090047393364929 0.5829383886255924 0.07109004739336493 0.06350710900473934