8 0.14170616113744075 0.2682464454976303 0.08056872037914692 0.08530805687203792
8 0.2123222748815166 0.2663507109004739 0.0881516587677725 0.0995260663507109
9 0.27630331753554505 0.26540284360189575 0.06824644549763033 0.07962085308056872
9 0.32701421800947866 0.271563981042654 0.06350710900473934 0.07867298578199051
1 0.3767772511848341 0.28104265402843603 0.06824644549763033 0.07677725118483412
8 0.8075829383886256 0.2914691943127962 0.08341232227488152 0.0995260663507109
8 0.8725118483412322 0.3071090047393365 0.0909952606635071 0.1052132701421801
3 0.9270142180094787 0.3194312796208531 0.03981042654028436 0.04075829383886256
9 0.9748815165876777 0.2990521327014218 0.05023696682464455 0.08436018957345971
8 0.11895734597156397 0.64739336492891 0.0995260663507109 0.09194312796208531
8 0.14644549763033177 0.5758293838862559 0.09004739336492891 0.09004739336492891
8 0.4071090047393365 0.7109004739336493 0.08909952606635071 0.08909952606635071
8 0.4071090047393365 0.6364928909952606 0.08246445497630332 0.08341232227488152
9 0.17393364928909952 0.5251184834123223 0.06635071090047394 0.06445497630331753
9 0.2004739336492891 0.4981042654028436 0.055924170616113746 0.03696682464454976
9 0.4156398104265403 0.5777251184834123 0.06255924170616113 0.05781990521327014
9 0.4033175355450237 0.5345971563981042 0.055924170616113746 0.058767772511848344
1 0.23270142180094786 0.4881516587677725 0.052132701421800945 0.017061611374407582
1 0.3848341232227488 0.5037914691943128 0.05308056872037915 0.04834123222748815
6 0.35450236966824644 0.4957345971563981 0.05118483412322275 0.03222748815165877
5 0.4966824644549763 0.9180094786729858 0.034123222748815164 0.03696682464454976
5 0.5317535545023697 0.9450236966824644 0.037914691943127965 0.037914691943127965
5 0.566350710900474 0.9559241706161138 0.035071090047393366 0.03981042654028436
5 0.6682464454976303 0.9061611374407583 0.03981042654028436 0.037914691943127965
4 0.6777251184834123 0.8748815165876778 0.03222748815165877 0.03317535545023697
4 0.6966824644549763 0.8317535545023697 0.03696682464454976 0.035071090047393366
4 0.7099526066350711 0.747867298578199 0.04170616113744076 0.04265402843601896