8 0.190521327014218 0.032701421800947865 0.07203791469194312 0.06540284360189573
8 0.23507109004739338 0.06255924170616113 0.07109004739336493 0.07488151658767772
9 0.28104265402843603 0.0909952606635071 0.06824644549763033 0.06919431279620854
9 0.318957345971564 0.12417061611374408 0.05402843601895735 0.05781990521327014
1 0.5014218009478673 0.026066350710900472 0.05308056872037915 0.052132701421800945
1 0.3582938388625592 0.13080568720379146 0.04928909952606635 0.054976303317535544
6 0.4023696682464455 0.12511848341232226 0.04739336492890995 0.058767772511848344
6 0.43317535545023694 0.10853080568720379 0.04549763033175355 0.05402843601895735
6 0.4606635071090047 0.08530805687203792 0.04454976303317536 0.04834123222748815
6 0.48578199052132703 0.05971563981042654 0.05402843601895735 0.05402843601895735
8 0.3170616113744076 0.6616113744075829 0.0976303317535545 0.10426540284360189
3 0.2725118483412322 0.690521327014218 0.04265402843601896 0.043601895734597156
9 0.2023696682464455 0.7241706161137441 0.08151658767772511 0.08530805687203792
1 0.15308056872037915 0.7587677725118483 0.07014218009478673 0.07298578199052133
6 0.0981042654028436 0.7592417061611374 0.06824644549763033 0.06540284360189573
6 0.05402843601895735 0.7597156398104266 0.07582938388625593 0.06824644549763033
6 0.027014218009478674 0.7184834123222749 0.05402843601895735 0.06635071090047394
6 0.9867298578199052 0.7374407582938388 0.026540284360189573 0.05687203791469194
6 0.9616113744075829 0.7440758293838863 0.04549763033175355 0.05402843601895735
1 0.9218009478672986 0.7412322274881517 0.05687203791469194 0.055924170616113746
2 0.8777251184834123 0.723696682464455 0.034123222748815164 0.043601895734597156
3 0.8511848341232228 0.7014218009478673 0.03696682464454976 0.03696682464454976
3 0.8042654028436019 0.671090047393365 0.043601895734597156 0.04454976303317536