8 0.44123222748815166 0.33981042654028437 0.06350710900473934 0.06350710900473934
8 0.500473933649289 0.3469194312796208 0.06350710900473934 0.06824644549763033
9 0.556872037914692 0.34881516587677724 0.05781990521327014 0.07582938388625593
9 0.6066350710900474 0.35734597156398107 0.04834123222748815 0.055924170616113746
1 0.6502369668246446 0.34739336492890993 0.04739336492890995 0.05687203791469194
0 0.7867298578199052 0.22606635071090048 0.04834123222748815 0.05023696682464455
0 0.776303317535545 0.3232227488151659 0.04549763033175355 0.04170616113744076
1 0.7786729857819905 0.3758293838862559 0.07298578199052133 0.08056872037914692
6 0.7151658767772512 0.44170616113744077 0.01042654028436019 0.07393364928909953
6 0.7317535545023697 0.43412322274881515 0.04170616113744076 0.06824644549763033
6 0.7573459715639811 0.4151658767772512 0.05308056872037915 0.061611374407582936
8 0.2052132701421801 0.6364928909952606 0.06919431279620854 0.08151658767772511
9 0.24834123222748816 0.6123222748815166 0.04454976303317536 0.06729857819905213
9 0.285781990521327 0.6009478672985782 0.04834123222748815 0.06255924170616113
1 0.33080568720379144 0.5933649289099526 0.04928909952606635 0.04739336492890995
6 0.37772511848341234 0.5933649289099526 0.05402843601895735 0.04739336492890995
6 0.418957345971564 0.6056872037914692 0.06635071090047394 0.06445497630331753
6 0.45734597156398105 0.6431279620853081 0.07203791469194312 0.06919431279620854
6 0.7227488151658767 0.6203791469194313 0.025592417061611375 0.1014218009478673
6 0.7691943127962085 0.6199052132701421 0.07109004739336493 0.0985781990521327
6 0.8255924170616113 0.6270142180094787 0.05118483412322275 0.07109004739336493
1 0.8720379146919431 0.6218009478672986 0.054976303317535544 0.09004739336492891