8 0.28056872037914693 0.17156398104265402 0.07772511848341232 0.08151658767772511
8 0.35118483412322277 0.16635071090047393 0.08341232227488152 0.0966824644549763
9 0.4146919431279621 0.16208530805687205 0.06540284360189573 0.07677725118483412
9 0.4658767772511848 0.16540284360189572 0.06066350710900474 0.07582938388625593
1 0.5156398104265403 0.17203791469194313 0.06540284360189573 0.07393364928909953
8 0.8345971563981043 0.24691943127962085 0.07203791469194312 0.07867298578199051
3 0.8028436018957346 0.2962085308056872 0.03886255924170616 0.03601895734597156
6 0.6279620853080569 0.40616113744075827 0.016113744075829384 0.052132701421800945
6 0.6388625592417062 0.4203791469194313 0.037914691943127965 0.052132701421800945
6 0.666824644549763 0.4213270142180095 0.046445497630331754 0.05118483412322275
6 0.6976303317535545 0.4194312796208531 0.04265402843601896 0.04928909952606635
1 0.7241706161137441 0.4033175355450237 0.04549763033175355 0.055924170616113746
9 0.7578199052132701 0.3824644549763033 0.04928909952606635 0.05308056872037915
3 0.7848341232227488 0.34312796208530805 0.03696682464454976 0.035071090047393366
8 0.318957345971564 0.866824644549763 0.07582938388625593 0.07772511848341232
8 0.25260663507109005 0.875829383886256 0.08530805687203792 0.08341232227488152
9 0.1938388625592417 0.8810426540284361 0.06066350710900474 0.07109004739336493
9 0.14407582938388624 0.8829383886255924 0.055924170616113746 0.05781990521327014
1 0.109478672985782 0.8687203791469195 0.061611374407582936 0.05781990521327014
6 0.07677725118483412 0.8530805687203792 0.05687203791469194 0.043601895734597156
6 0.06777251184834124 0.818957345971564 0.05308056872037915 0.04075829383886256
6 0.05023696682464455 0.7962085308056872 0.05687203791469194 0.04549763033175355