8 0.25402843601895736 0.3819905213270142 0.07582938388625593 0.07203791469194312
8 0.2682464454976303 0.3165876777251185 0.07772511848341232 0.08341232227488152
9 0.2824644549763033 0.26066350710900477 0.07393364928909953 0.058767772511848344
9 0.3009478672985782 0.22037914691943128 0.07109004739336493 0.061611374407582936
1 0.3222748815165877 0.17677725118483412 0.06635071090047394 0.06540284360189573
6 0.385781990521327 0.13649289099526066 0.02843601895734597 0.08151658767772511
6 0.35308056872037913 0.15213270142180094 0.05781990521327014 0.05971563981042654
8 0.75260663507109 0.26255924170616113 0.10426540284360189 0.0985781990521327
9 0.771090047393365 0.18578199052132702 0.0938388625592417 0.07203791469194312
1 0.7928909952606635 0.11137440758293839 0.0938388625592417 0.07488151658767772
3 0.4165876777251185 0.12037914691943127 0.03317535545023697 0.03981042654028436
3 0.4654028436018957 0.08056872037914692 0.04549763033175355 0.043601895734597156
3 0.5540284360189573 0.023696682464454975 0.035071090047393366 0.04739336492890995
3 0.6037914691943128 0.027488151658767772 0.03601895734597156 0.03601895734597156
3 0.6767772511848341 0.03933649289099526 0.037914691943127965 0.03696682464454976
3 0.7355450236966825 0.0938388625592417 0.04170616113744076 0.03601895734597156
3 0.6943127962085308 0.3241706161137441 0.04265402843601896 0.04549763033175355
8 0.23554502369668245 0.8161137440758294 0.07298578199052133 0.07488151658767772
9 0.2132701421800948 0.8625592417061612 0.058767772511848344 0.055924170616113746
9 0.1933649289099526 0.895260663507109 0.05687203791469194 0.06066350710900474
1 0.16824644549763032 0.9345971563981043 0.05402843601895735 0.06255924170616113
6 0.013744075829383886 0.95260663507109 0.027488151658767772 0.054976303317535544
6 0.045023696682464455 0.9687203791469194 0.052132701421800945 0.06255924170616113
6 0.09194312796208531 0.9696682464454977 0.04928909952606635 0.06066350710900474
6 0.13317535545023695 0.9620853080568721 0.04549763033175355 0.054976303317535544
8 0.8445497630331753 0.9867298578199052 0.06824644549763033 0.026540284360189573
6 0.5327014218009478 0.9914691943127962 0.06066350710900474 0.017061611374407582