6 0.4881516587677725 0.2672985781990521 0.07772511848341232 0.024644549763033177
6 0.4492890995260663 0.24454976303317535 0.08341232227488152 0.07014218009478673
6 0.3815165876777251 0.23696682464454977 0.08625592417061612 0.08530805687203792
6 0.33270142180094786 0.24691943127962085 0.07393364928909953 0.06540284360189573
9 0.866824644549763 0.02132701421800948 0.06919431279620854 0.04265402843601896
9 0.8630331753554502 0.058767772511848344 0.06255924170616113 0.055924170616113746
1 0.8815165876777251 0.0985781990521327 0.058767772511848344 0.06255924170616113
6 0.9109004739336493 0.11943127962085308 0.04739336492890995 0.05308056872037915
6 0.9355450236966825 0.13412322274881516 0.043601895734597156 0.05118483412322275
6 0.9696682464454977 0.14123222748815165 0.04834123222748815 0.05687203791469194
6 0.9886255924170616 0.14407582938388624 0.022748815165876776 0.054976303317535544
8 0.10995260663507109 0.5981042654028436 0.08625592417061612 0.1004739336492891
8 0.18056872037914692 0.6137440758293838 0.0938388625592417 0.08530805687203792
9 0.24928909952606634 0.6270142180094787 0.054976303317535544 0.061611374407582936
9 0.2957345971563981 0.6431279620853081 0.058767772511848344 0.06445497630331753
1 0.3464454976303318 0.6469194312796208 0.06255924170616113 0.06635071090047394
6 0.3876777251184834 0.6393364928909953 0.06350710900473934 0.05402843601895735
6 0.4014218009478673 0.6109004739336493 0.061611374407582936 0.04739336492890995
6 0.4218009478672986 0.5872037914691943 0.06445497630331753 0.04170616113744076
6 0.4255924170616114 0.5587677725118484 0.058767772511848344 0.04928909952606635
3 0.8317535545023697 0.7246445497630332 0.04454976303317536 0.04739336492890995
4 0.7734597156398104 0.7597156398104266 0.043601895734597156 0.03981042654028436
3 0.7255924170616114 0.776303317535545 0.043601895734597156 0.04265402843601896