8 0.5895734597156398 0.3175355450236967 0.08625592417061612 0.1004739336492891
8 0.5265402843601896 0.2909952606635071 0.0909952606635071 0.0985781990521327
9 0.47014218009478675 0.2616113744075829 0.06919431279620854 0.08341232227488152
9 0.42322274881516586 0.24502369668246446 0.06824644549763033 0.08436018957345971
1 0.3701421800947867 0.23270142180094786 0.06350710900473934 0.07962085308056872
6 0.3161137440758294 0.22796208530805687 0.06824644549763033 0.07677725118483412
6 0.26540284360189575 0.23791469194312795 0.09194312796208531 0.08341232227488152
6 0.23317535545023696 0.2796208530805687 0.09194312796208531 0.07867298578199051
6 0.22180094786729856 0.33744075829383885 0.07772511848341232 0.06255924170616113
9 0.24075829383886255 0.4369668246445498 0.09289099526066351 0.08246445497630332
9 0.25165876777251184 0.4895734597156398 0.07772511848341232 0.07109004739336493
8 0.2834123222748815 0.5374407582938389 0.0947867298578199 0.0938388625592417
8 0.3246445497630332 0.5838862559241706 0.1052132701421801 0.07203791469194312
3 0.23933649289099526 0.385781990521327 0.03601895734597156 0.03696682464454976
8 0.6483412322274882 0.16066350710900473 0.017061611374407582 0.07488151658767772
8 0.6748815165876777 0.18625592417061612 0.07014218009478673 0.07298578199052133
9 0.7213270142180095 0.2004739336492891 0.046445497630331754 0.05308056872037915
9 0.7601895734597156 0.21137440758293838 0.04739336492890995 0.054976303317535544
1 0.8009478672985783 0.21658767772511847 0.052132701421800945 0.05971563981042654
6 0.8327014218009479 0.2184834123222749 0.05781990521327014 0.054976303317535544
6 0.8573459715639811 0.2042654028436019 0.052132701421800945 0.05023696682464455
4 0.23317535545023696 0.8241706161137441 0.046445497630331754 0.046445497630331754
8 0.1876777251184834 0.8374407582938389 0.06729857819905213 0.08246445497630332
8 0.2876777251184834 0.8023696682464455 0.07867298578199051 0.0976303317535545
9 0.3407582938388626 0.7995260663507109 0.055924170616113746 0.07772511848341232
9 0.3876777251184834 0.8071090047393364 0.06445497630331753 0.08625592417061612
1 0.4374407582938389 0.8037914691943128 0.06350710900473934 0.07298578199052133
6 0.476303317535545 0.8246445497630331 0.06540284360189573 0.06445497630331753
6 0.5222748815165876 0.8516587677725118 0.08246445497630332 0.07298578199052133
8 0.9848341232227488 0.8222748815165877 0.03033175355450237 0.0995260663507109
9 0.9497630331753555 0.828436018957346 0.06350710900473934 0.06919431279620854
9 0.9018957345971564 0.8488151658767773 0.06350710900473934 0.06824644549763033
1 0.8502369668246446 0.8436018957345972 0.06350710900473934 0.07014218009478673
6 0.8260663507109005 0.814218009478673 0.06919431279620854 0.05687203791469194
6 0.8099526066350711 0.7843601895734598 0.06729857819905213 0.05023696682464455
6 0.7909952606635071 0.7663507109004739 0.07298578199052133 0.05023696682464455