2 0.32180094786729857 0.21943127962085307 0.08056872037914692 0.08436018957345971
9 0.26066350710900477 0.26492890995260665 0.06824644549763033 0.07298578199052133
9 0.2123222748815166 0.290521327014218 0.061611374407582936 0.07014218009478673
1 0.16540284360189572 0.3028436018957346 0.05687203791469194 0.08625592417061612
8 0.013744075829383886 0.06350710900473934 0.027488151658767772 0.08720379146919431
9 0.013270142180094787 0.12559241706161137 0.026540284360189573 0.06919431279620854
9 0.013744075829383886 0.18009478672985782 0.027488151658767772 0.06445497630331753
1 0.03033175355450237 0.22701421800947869 0.06066350710900474 0.06540284360189573
6 0.12511848341232226 0.3056872037914692 0.05023696682464455 0.07488151658767772
6 0.08862559241706161 0.3004739336492891 0.05687203791469194 0.07677725118483412
6 0.05639810426540284 0.2909952606635071 0.054976303317535544 0.06540284360189573
6 0.03175355450236967 0.262085308056872 0.06350710900473934 0.07298578199052133
8 0.4601895734597156 0.352132701421801 0.08056872037914692 0.07488151658767772
9 0.4943127962085308 0.3180094786729858 0.06919431279620854 0.07109004739336493
9 0.5255924170616114 0.2834123222748815 0.07677725118483412 0.07867298578199051
9 0.7701421800947867 0.37203791469194314 0.08625592417061612 0.035071090047393366
1 0.5687203791469194 0.25924170616113745 0.06445497630331753 0.07393364928909953
1 0.7540284360189573 0.34312796208530805 0.08625592417061612 0.08056872037914692
6 0.6113744075829384 0.24502369668246446 0.05023696682464455 0.06255924170616113
6 0.6616113744075829 0.24360189573459715 0.06919431279620854 0.07203791469194312
6 0.7123222748815166 0.25971563981042656 0.07488151658767772 0.061611374407582936
6 0.7469194312796209 0.2933649289099526 0.054976303317535544 0.055924170616113746
8 0.07109004739336493 0.6890995260663507 0.06729857819905213 0.07014218009478673
8 0.023222748815165877 0.6886255924170616 0.046445497630331754 0.06540284360189573
8 0.476303317535545 0.9554502369668246 0.07867298578199051 0.08056872037914692
8 0.48104265402843605 0.8886255924170616 0.07582938388625593 0.07298578199052133
8 0.7886255924170616 0.895260663507109 0.07298578199052133 0.07772511848341232
8 0.7649289099526067 0.8412322274881516 0.07109004739336493 0.07488151658767772
4 0.4886255924170616 0.8218009478672986 0.03886255924170616 0.037914691943127965
8 0.7436018957345971 0.7843601895734598 0.07298578199052133 0.07772511848341232
9 0.7175355450236967 0.7421800947867299 0.05118483412322275 0.05023696682464455
9 0.5018957345971564 0.7796208530805687 0.06066350710900474 0.05308056872037915
9 0.5118483412322274 0.7369668246445498 0.055924170616113746 0.05402843601895735
9 0.6995260663507109 0.7061611374407583 0.05118483412322275 0.052132701421800945
1 0.6744075829383887 0.6824644549763034 0.04928909952606635 0.058767772511848344
6 0.6469194312796208 0.6649289099526067 0.046445497630331754 0.05781990521327014
6 0.6151658767772512 0.6563981042654028 0.04075829383886256 0.05402843601895735
6 0.5829383886255924 0.6606635071090048 0.04265402843601896 0.05308056872037915
6 0.5549763033175356 0.6767772511848341 0.04549763033175355 0.04928909952606635
1 0.533649289099526 0.704265402843602 0.055924170616113746 0.05402843601895735