9 0.012322274881516588 0.03222748815165877 0.024644549763033177 0.06445497630331753
9 0.03886255924170616 0.023696682464454975 0.05687203791469194 0.04739336492890995
1 0.09289099526066351 0.02085308056872038 0.06255924170616113 0.04170616113744076
6 0.15023696682464455 0.02037914691943128 0.052132701421800945 0.04075829383886256
6 0.2028436018957346 0.02890995260663507 0.07393364928909953 0.05781990521327014
6 0.23127962085308057 0.06208530805687204 0.07393364928909953 0.07488151658767772
8 0.8127962085308057 0.13744075829383887 0.06540284360189573 0.09004739336492891
8 0.7511848341232228 0.12843601895734597 0.06729857819905213 0.08436018957345971
9 0.6981042654028436 0.11706161137440758 0.04928909952606635 0.07298578199052133
9 0.6549763033175355 0.1009478672985782 0.05402843601895735 0.07109004739336493
1 0.609478672985782 0.0924170616113744 0.055924170616113746 0.06635071090047394
6 0.5601895734597157 0.0976303317535545 0.05308056872037915 0.054976303317535544
6 0.5099526066350711 0.11611374407582939 0.06635071090047394 0.06635071090047394
6 0.12180094786729857 0.9909952606635071 0.04265402843601896 0.01800947867298578
6 0.13744075829383887 0.9772511848341232 0.04739336492890995 0.04549763033175355
8 0.5554502369668246 0.985781990521327 0.0985781990521327 0.02843601895734597
9 0.5924170616113744 0.9677725118483412 0.06445497630331753 0.06255924170616113
9 0.6345971563981042 0.9312796208530806 0.05781990521327014 0.06350710900473934
3 0.6928909952606636 0.9260663507109005 0.037914691943127965 0.04928909952606635
3 0.737914691943128 0.8919431279620853 0.035071090047393366 0.07772511848341232
3 0.871563981042654 0.9578199052132701 0.052132701421800945 0.05971563981042654
3 0.8829383886255924 0.9957345971563981 0.035071090047393366 0.008530805687203791