8 0.45545023696682463 0.16872037914691942 0.027488151658767772 0.08720379146919431
8 0.21706161137440758 0.33649289099526064 0.07488151658767772 0.07962085308056872
8 0.26350710900473934 0.37345971563981045 0.07867298578199051 0.08436018957345971
9 0.304739336492891 0.4052132701421801 0.06255924170616113 0.07203791469194312
9 0.34502369668246446 0.4308056872037915 0.05687203791469194 0.06635071090047394
1 0.38436018957345974 0.45687203791469194 0.05687203791469194 0.06350710900473934
6 0.42322274881516586 0.45876777251184836 0.05687203791469194 0.06540284360189573
6 0.45308056872037916 0.45876777251184836 0.03222748815165877 0.05308056872037915
6 0.46208530805687204 0.44123222748815166 0.014218009478672985 0.05402843601895735
3 0.9644549763033176 0.2075829383886256 0.046445497630331754 0.052132701421800945
3 0.9649289099526066 0.14075829383886257 0.055924170616113746 0.054976303317535544
3 0.9559241706161138 0.08104265402843602 0.043601895734597156 0.04454976303317536
2 0.9421800947867298 0.03033175355450237 0.05118483412322275 0.06066350710900474
6 0.9014218009478673 0.011374407582938388 0.06824644549763033 0.022748815165876776
1 0.666824644549763 0.011848341232227487 0.06729857819905213 0.023696682464454975
9 0.6440758293838863 0.04028436018957346 0.07014218009478673 0.06066350710900474
9 0.6232227488151659 0.0867298578199052 0.07109004739336493 0.06255924170616113
8 0.6052132701421801 0.14360189573459717 0.07962085308056872 0.07677725118483412
8 0.385781990521327 0.7265402843601896 0.07203791469194312 0.07203791469194312
8 0.4364928909952607 0.7061611374407583 0.06540284360189573 0.07393364928909953
8 0.9895734597156398 0.7900473933649289 0.02085308056872038 0.09573459715639811
2 0.6815165876777252 0.7834123222748816 0.07582938388625593 0.07298578199052133
8 0.9829383886255925 0.7241706161137441 0.034123222748815164 0.09289099526066351
2 0.7 0.7265402843601896 0.07677725118483412 0.06824644549763033
2 0.7127962085308057 0.6800947867298578 0.05781990521327014 0.046445497630331754
9 0.7227488151658767 0.6402843601895735 0.07109004739336493 0.06066350710900474
9 0.9805687203791469 0.6758293838862559 0.03886255924170616 0.06824644549763033
9 0.9691943127962085 0.6407582938388625 0.061611374407582936 0.06824644549763033
1 0.7516587677725118 0.6090047393364929 0.06350710900473934 0.06255924170616113
1 0.9407582938388626 0.6109004739336493 0.05781990521327014 0.06635071090047394
6 0.9118483412322275 0.5862559241706161 0.04739336492890995 0.05781990521327014
6 0.8706161137440759 0.5796208530805688 0.061611374407582936 0.05971563981042654
6 0.8213270142180095 0.5791469194312796 0.06350710900473934 0.058767772511848344
6 0.7834123222748816 0.5867298578199052 0.05402843601895735 0.05971563981042654