4 0.3298578199052133 0.13412322274881516 0.04834123222748815 0.05118483412322275
5 0.37109004739336493 0.17298578199052134 0.04075829383886256 0.05023696682464455
9 0.41706161137440756 0.24123222748815165 0.06540284360189573 0.07677725118483412
1 0.4654028436018957 0.26066350710900477 0.05308056872037915 0.06540284360189573
3 0.4919431279620853 0.24265402843601896 0.03601895734597156 0.06635071090047394
8 0.9388625592417061 0.17677725118483412 0.07488151658767772 0.07109004739336493
8 0.666824644549763 0.23601895734597156 0.07677725118483412 0.07488151658767772
8 0.6947867298578199 0.28672985781990523 0.07393364928909953 0.08151658767772511
9 0.9440758293838862 0.22796208530805687 0.058767772511848344 0.04834123222748815
9 0.942654028436019 0.27014218009478674 0.05781990521327014 0.05023696682464455
1 0.9383886255924171 0.3132701421800948 0.05687203791469194 0.05308056872037915
6 0.9298578199052133 0.35308056872037913 0.04928909952606635 0.04928909952606635
1 0.7824644549763033 0.3900473933649289 0.05308056872037915 0.055924170616113746
9 0.7227488151658767 0.328436018957346 0.05971563981042654 0.055924170616113746
9 0.75260663507109 0.35971563981042654 0.05971563981042654 0.052132701421800945
6 0.8203791469194313 0.4037914691943128 0.04928909952606635 0.052132701421800945
6 0.8639810426540284 0.404739336492891 0.058767772511848344 0.05971563981042654
6 0.9109004739336493 0.38388625592417064 0.058767772511848344 0.05687203791469194
8 0.4161137440758294 0.9369668246445497 0.08151658767772511 0.07772511848341232
9 0.34881516587677724 0.9412322274881516 0.055924170616113746 0.06635071090047394
9 0.29289099526066353 0.9502369668246445 0.055924170616113746 0.055924170616113746
1 0.25734597156398104 0.9417061611374408 0.04075829383886256 0.06540284360189573
6 0.22890995260663508 0.9635071090047393 0.04739336492890995 0.061611374407582936
6 0.2014218009478673 0.9706161137440759 0.052132701421800945 0.058767772511848344
3 0.7308056872037915 0.957345971563981 0.043601895734597156 0.04739336492890995
3 0.6862559241706161 0.9459715639810427 0.04454976303317536 0.05023696682464455
9 0.6312796208530805 0.9364928909952607 0.055924170616113746 0.07298578199052133
9 0.5829383886255924 0.9298578199052133 0.061611374407582936 0.07582938388625593
1 0.5360189573459716 0.9246445497630332 0.052132701421800945 0.07109004739336493