8 0.2132701421800948 0.03459715639810427 0.1023696682464455 0.06919431279620854
9 0.6990521327014217 0.3056872037914692 0.061611374407582936 0.04834123222748815
9 0.7492890995260664 0.3066350710900474 0.05023696682464455 0.046445497630331754
1 0.7990521327014218 0.3061611374407583 0.06255924170616113 0.04739336492890995
6 0.843127962085308 0.3227488151658768 0.061611374407582936 0.014218009478672985
8 0.5530805687203791 0.7758293838862559 0.08720379146919431 0.0909952606635071
2 0.209478672985782 0.7924170616113744 0.07203791469194312 0.06919431279620854
8 0.5317535545023697 0.7104265402843601 0.07962085308056872 0.08909952606635071
2 0.2241706161137441 0.7345971563981043 0.07393364928909953 0.06445497630331753
2 0.23364928909952606 0.6872037914691943 0.055924170616113746 0.04265402843601896
9 0.24075829383886255 0.6469194312796208 0.06824644549763033 0.055924170616113746
9 0.5127962085308057 0.6639810426540285 0.058767772511848344 0.06445497630331753
9 0.4867298578199052 0.6303317535545023 0.05781990521327014 0.06445497630331753
1 0.2672985781990521 0.6137440758293838 0.05971563981042654 0.058767772511848344
1 0.45592417061611373 0.6028436018957346 0.05402843601895735 0.06350710900473934
6 0.4255924170616114 0.5800947867298578 0.04454976303317536 0.055924170616113746
6 0.38388625592417064 0.5734597156398105 0.058767772511848344 0.06350710900473934
6 0.3345971563981043 0.5739336492890995 0.05971563981042654 0.06635071090047394
6 0.2971563981042654 0.5890995260663507 0.05023696682464455 0.05781990521327014
8 0.8374407582938389 0.7260663507109004 0.07867298578199051 0.07962085308056872
8 0.9085308056872038 0.7222748815165877 0.08151658767772511 0.08056872037914692
3 0.9672985781990522 0.709478672985782 0.043601895734597156 0.046445497630331754