8 0.3104265402843602 0.262085308056872 0.08246445497630332 0.08909952606635071
8 0.32559241706161135 0.34407582938388626 0.07677725118483412 0.0909952606635071
8 0.34407582938388626 0.4255924170616114 0.07582938388625593 0.0938388625592417
8 0.009478672985781991 0.5037914691943128 0.018957345971563982 0.0938388625592417
8 0.036492890995260666 0.5635071090047393 0.07298578199052133 0.09194312796208531
9 0.07345971563981042 0.595260663507109 0.05971563981042654 0.02843601895734597
9 0.34834123222748814 0.4938388625592417 0.06540284360189573 0.06066350710900474
9 0.34502369668246446 0.5464454976303318 0.05687203791469194 0.055924170616113746
6 0.3080568720379147 0.6023696682464454 0.05118483412322275 0.014218009478672985
1 0.33127962085308055 0.5857819905213271 0.05971563981042654 0.04739336492890995
3 0.776303317535545 0.352132701421801 0.04170616113744076 0.05118483412322275
3 0.7336492890995261 0.42322274881516586 0.04454976303317536 0.05308056872037915
5 0.690521327014218 0.4848341232227488 0.04739336492890995 0.05308056872037915
9 0.48625592417061614 0.47393364928909953 0.013270142180094787 0.058767772511848344
1 0.6691943127962086 0.5383886255924171 0.058767772511848344 0.07582938388625593
6 0.637914691943128 0.5535545023696683 0.04170616113744076 0.06824644549763033
6 0.5957345971563981 0.5559241706161138 0.046445497630331754 0.06729857819905213
6 0.556872037914692 0.557345971563981 0.03696682464454976 0.07014218009478673
6 0.5227488151658768 0.5497630331753555 0.054976303317535544 0.07298578199052133
1 0.5009478672985782 0.5213270142180095 0.04265402843601896 0.06635071090047394
8 0.09194312796208531 0.6521327014218009 0.07772511848341232 0.08530805687203792
8 0.41184834123222747 0.7322274881516587 0.1014218009478673 0.08151658767772511
9 0.4099526066350711 0.6696682464454976 0.09004739336492891 0.05971563981042654
9 0.12085308056872038 0.6199052132701421 0.06350710900473934 0.02085308056872038
9 0.404739336492891 0.6293838862559241 0.08151658767772511 0.03981042654028436
8 0.7156398104265402 0.9113744075829384 0.052132701421800945 0.06066350710900474
8 0.7744075829383886 0.9056872037914692 0.058767772511848344 0.06824644549763033
9 0.8274881516587678 0.9052132701421801 0.043601895734597156 0.05687203791469194
9 0.8725118483412322 0.8976303317535546 0.04454976303317536 0.05118483412322275
1 0.9161137440758294 0.9080568720379147 0.05687203791469194 0.05308056872037915