8 0.45639810426540284 0.04454976303317536 0.08056872037914692 0.08530805687203792
9 0.43838862559241704 0.1080568720379147 0.06350710900473934 0.06066350710900474
9 0.41753554502369666 0.15450236966824646 0.05402843601895735 0.058767772511848344
8 0.08293838862559241 0.02132701421800948 0.08436018957345971 0.04265402843601896
8 0.11611374407582939 0.07725118483412323 0.08436018957345971 0.0881516587677725
9 0.14265402843601896 0.13601895734597155 0.061611374407582936 0.05971563981042654
9 0.16635071090047393 0.1791469194312796 0.052132701421800945 0.05687203791469194
1 0.390521327014218 0.1933649289099526 0.04928909952606635 0.06445497630331753
6 0.35924170616113743 0.21658767772511847 0.04549763033175355 0.06350710900473934
6 0.31990521327014215 0.22559241706161137 0.04454976303317536 0.06255924170616113
6 0.2791469194312796 0.23270142180094786 0.03886255924170616 0.05781990521327014
6 0.24170616113744076 0.23033175355450236 0.04739336492890995 0.06255924170616113
1 0.2009478672985782 0.2123222748815166 0.04739336492890995 0.06635071090047394
8 0.9625592417061611 0.41232227488151657 0.061611374407582936 0.061611374407582936
8 0.9706161137440759 0.36255924170616116 0.058767772511848344 0.06350710900473934
9 0.9805687203791469 0.32085308056872036 0.03886255924170616 0.05023696682464455
9 0.9886255924170616 0.2843601895734597 0.022748815165876776 0.054976303317535544
8 0.44502369668246444 0.638388625592417 0.07582938388625593 0.06919431279620854
8 0.37725118483412323 0.6507109004739337 0.07488151658767772 0.06635071090047394
9 0.3227488151658768 0.6654028436018957 0.046445497630331754 0.05402843601895735
9 0.2791469194312796 0.6687203791469194 0.04928909952606635 0.05781990521327014
1 0.23838862559241705 0.6578199052132702 0.05118483412322275 0.054976303317535544
6 0.2004739336492891 0.64739336492891 0.055924170616113746 0.05118483412322275
6 0.17867298578199053 0.6298578199052133 0.05687203791469194 0.05308056872037915
3 0.6530805687203791 0.837914691943128 0.034123222748815164 0.03696682464454976
1 0.7464454976303317 0.8587677725118483 0.05308056872037915 0.06635071090047394
9 0.785781990521327 0.8407582938388626 0.054976303317535544 0.054976303317535544
8 0.8037914691943128 0.7853080568720379 0.06824644549763033 0.07488151658767772
8 0.8507109004739336 0.738388625592417 0.08151658767772511 0.07772511848341232
3 0.7099526066350711 0.8492890995260663 0.03222748815165877 0.04075829383886256