8 0.42938388625592416 0.3137440758293839 0.1033175355450237 0.1033175355450237
8 0.46824644549763034 0.3753554502369668 0.0947867298578199 0.0938388625592417
9 0.49146919431279623 0.4312796208530806 0.06540284360189573 0.05971563981042654
9 0.5018957345971564 0.45592417061611373 0.055924170616113746 0.026540284360189573
5 0.861611374407583 0.45308056872037916 0.043601895734597156 0.03222748815165877
8 0.5644549763033175 0.3232227488151659 0.06919431279620854 0.06635071090047394
8 0.9170616113744076 0.22464454976303316 0.07298578199052133 0.06350710900473934
8 0.9199052132701422 0.2720379146919431 0.08151658767772511 0.08246445497630332
9 0.9170616113744076 0.32180094786729857 0.07677725118483412 0.06635071090047394
9 0.9052132701421801 0.3691943127962085 0.07677725118483412 0.07582938388625593
8 0.5819905213270142 0.3739336492890995 0.09289099526066351 0.09289099526066351
9 0.6004739336492891 0.4246445497630332 0.08246445497630332 0.06635071090047394
9 0.6270142180094787 0.44691943127962086 0.08436018957345971 0.04454976303317536
1 0.6701421800947868 0.46208530805687204 0.07203791469194312 0.014218009478672985
1 0.8933649289099526 0.41753554502369666 0.06919431279620854 0.07488151658767772
8 0.4834123222748815 0.876303317535545 0.09289099526066351 0.09573459715639811
9 0.4203791469194313 0.9 0.06635071090047394 0.07298578199052133
9 0.3805687203791469 0.9208530805687204 0.05971563981042654 0.06350710900473934
1 0.3402843601895735 0.9279620853080569 0.061611374407582936 0.07014218009478673
6 0.3028436018957346 0.9180094786729858 0.06729857819905213 0.06350710900473934
6 0.27109004739336495 0.8990521327014218 0.07203791469194312 0.06255924170616113
6 0.24834123222748816 0.8739336492890996 0.07298578199052133 0.055924170616113746
8 0.9748815165876777 0.5853080568720379 0.05023696682464455 0.07677725118483412
9 0.9350710900473934 0.6056872037914692 0.06066350710900474 0.06445497630331753
9 0.8895734597156398 0.6203791469194313 0.054976303317535544 0.054976303317535544
1 0.8478672985781991 0.6189573459715639 0.05687203791469194 0.05687203791469194
6 0.8118483412322275 0.6099526066350711 0.05971563981042654 0.05687203791469194
6 0.7919431279620853 0.5876777251184834 0.054976303317535544 0.04834123222748815