8 0.42227488151658765 0.34454976303317536 0.0938388625592417 0.0938388625592417
8 0.08625592417061612 0.36161137440758295 0.1061611374407583 0.10426540284360189
9 0.4023696682464455 0.404739336492891 0.08056872037914692 0.07014218009478673
9 0.11042654028436019 0.409478672985782 0.08625592417061612 0.06066350710900474
9 0.37819905213270144 0.42938388625592416 0.07582938388625593 0.02085308056872038
3 0.9597156398104265 0.016113744075829384 0.05402843601895735 0.03222748815165877
3 0.9834123222748815 0.07061611374407582 0.03317535545023697 0.05781990521327014
0 0.6189573459715639 0.6037914691943128 0.04170616113744076 0.04928909952606635
0 0.5919431279620853 0.662085308056872 0.05308056872037915 0.054976303317535544
0 0.5355450236966824 0.7336492890995261 0.04739336492890995 0.04739336492890995
8 0.27440758293838863 0.5696682464454976 0.0947867298578199 0.0947867298578199
8 0.2962085308056872 0.6360189573459716 0.0909952606635071 0.0976303317535545
1 0.5056872037914691 0.7758293838862559 0.06066350710900474 0.07867298578199051
9 0.31563981042654027 0.6924170616113744 0.06824644549763033 0.07109004739336493
9 0.3345971563981043 0.7355450236966825 0.06919431279620854 0.07393364928909953
1 0.35971563981042654 0.7644549763033175 0.05971563981042654 0.07772511848341232
6 0.4706161137440758 0.7843601895734598 0.05023696682464455 0.07203791469194312
6 0.3914691943127962 0.7781990521327015 0.04454976303317536 0.07203791469194312
6 0.41706161137440756 0.7928909952606635 0.04265402843601896 0.06445497630331753
6 0.44644549763033176 0.7933649289099526 0.04265402843601896 0.06635071090047394
3 0.8644549763033176 0.7293838862559242 0.043601895734597156 0.04170616113744076
3 0.8203791469194313 0.7800947867298578 0.04075829383886256 0.04170616113744076
9 0.7995260663507109 0.8341232227488151 0.06540284360189573 0.07203791469194312
1 0.7345971563981043 0.8587677725118483 0.05308056872037915 0.05971563981042654
6 0.6654028436018957 0.8554502369668247 0.04265402843601896 0.05781990521327014
6 0.6469194312796208 0.8473933649289099 0.014218009478672985 0.054976303317535544
9 0.771563981042654 0.8587677725118483 0.05308056872037915 0.05971563981042654
6 0.7014218009478673 0.8611374407582938 0.04265402843601896 0.05023696682464455