3 0.28056872037914693 0.24928909952606634 0.05781990521327014 0.05687203791469194
3 0.5061611374407583 0.33886255924170616 0.026540284360189573 0.04834123222748815
3 0.4255924170616114 0.34454976303317536 0.052132701421800945 0.05402843601895735
3 0.3791469194312796 0.3194312796208531 0.054976303317535544 0.055924170616113746
8 0.8691943127962085 0.13033175355450238 0.07677725118483412 0.07867298578199051
8 0.8341232227488151 0.0938388625592417 0.08056872037914692 0.08246445497630332
9 0.7990521327014218 0.06066350710900474 0.07298578199052133 0.07298578199052133
9 0.7606635071090048 0.036492890995260666 0.07298578199052133 0.07298578199052133
1 0.7227488151658767 0.01990521327014218 0.06540284360189573 0.03981042654028436
6 0.6763033175355451 0.017061611374407582 0.055924170616113746 0.034123222748815164
6 0.6298578199052133 0.027014218009478674 0.07109004739336493 0.05402843601895735
6 0.581042654028436 0.042180094786729856 0.06824644549763033 0.06824644549763033
6 0.5511848341232227 0.07251184834123223 0.052132701421800945 0.05971563981042654
1 0.5488151658767773 0.11611374407582939 0.058767772511848344 0.07488151658767772
8 0.14786729857819905 0.5976303317535545 0.09194312796208531 0.09194312796208531
8 0.07962085308056872 0.5933649289099526 0.08909952606635071 0.0947867298578199
9 0.027014218009478674 0.5938388625592417 0.05402843601895735 0.06919431279620854
2 0.7800947867298578 0.7507109004739336 0.08246445497630332 0.08625592417061612
3 0.8151658767772512 0.6824644549763034 0.04834123222748815 0.04834123222748815
2 0.9739336492890995 0.9838862559241706 0.052132701421800945 0.03222748815165877
9 0.7502369668246446 0.8175355450236966 0.07109004739336493 0.07203791469194312
9 0.7388625592417062 0.8725118483412322 0.07203791469194312 0.06445497630331753
1 0.7388625592417062 0.9218009478672986 0.08341232227488152 0.06729857819905213
6 0.7369668246445498 0.9701421800947867 0.07867298578199051 0.05971563981042654
6 0.7578199052132701 0.9876777251184834 0.07298578199052133 0.024644549763033177