8 0.2672985781990521 0.6327014218009479 0.1023696682464455 0.08341232227488152
9 0.26445497630331755 0.5701421800947867 0.0909952606635071 0.061611374407582936
9 0.017535545023696683 0.46303317535545024 0.035071090047393366 0.07488151658767772
9 0.25829383886255924 0.5213270142180095 0.08246445497630332 0.05781990521327014
1 0.03744075829383886 0.4317535545023697 0.06066350710900474 0.07014218009478673
1 0.23459715639810427 0.4819905213270142 0.08151658767772511 0.07488151658767772
6 0.07725118483412323 0.4104265402843602 0.046445497630331754 0.05971563981042654
6 0.12654028436018958 0.4004739336492891 0.06540284360189573 0.06824644549763033
6 0.1791469194312796 0.4071090047393365 0.07203791469194312 0.05781990521327014
6 0.218957345971564 0.43459715639810426 0.052132701421800945 0.05308056872037915
3 0.9635071090047393 0.44786729857819907 0.04454976303317536 0.04170616113744076
8 0.11800947867298578 0.9691943127962085 0.08056872037914692 0.061611374407582936