8 0.44028436018957345 0.3412322274881517 0.0938388625592417 0.08341232227488152
8 0.3909952606635071 0.3791469194312796 0.0947867298578199 0.09289099526066351
8 0.5398104265402843 0.6274881516587678 0.0909952606635071 0.09004739336492891
8 0.4767772511848341 0.6251184834123222 0.0909952606635071 0.08909952606635071
9 0.41753554502369666 0.6322274881516587 0.061611374407582936 0.07014218009478673
9 0.37251184834123224 0.6336492890995261 0.06540284360189573 0.07203791469194312
1 0.3184834123222749 0.637914691943128 0.06635071090047394 0.06540284360189573
9 0.3407582938388626 0.4085308056872038 0.06729857819905213 0.07014218009478673
9 0.3014218009478673 0.43317535545023694 0.06635071090047394 0.07014218009478673
1 0.26255924170616113 0.45402843601895737 0.06445497630331753 0.06635071090047394
6 0.23981042654028437 0.495260663507109 0.06066350710900474 0.058767772511848344
6 0.23270142180094786 0.542654028436019 0.07109004739336493 0.06824644549763033
6 0.24597156398104264 0.5924170616113744 0.06540284360189573 0.06635071090047394
6 0.27630331753554505 0.6274881516587678 0.06350710900473934 0.05971563981042654
9 0.9796208530805687 0.41753554502369666 0.04075829383886256 0.07109004739336493
9 0.9805687203791469 0.46445497630331756 0.03886255924170616 0.06635071090047394
9 0.7440758293838863 0.5232227488151658 0.07298578199052133 0.07298578199052133
9 0.7895734597156399 0.5469194312796208 0.06729857819905213 0.06824644549763033
1 0.9777251184834124 0.5018957345971564 0.04454976303317536 0.05781990521327014
6 0.9654028436018958 0.5355450236966824 0.05308056872037915 0.05781990521327014
6 0.9417061611374408 0.5563981042654028 0.04739336492890995 0.04928909952606635
6 0.9071090047393365 0.5658767772511848 0.04549763033175355 0.052132701421800945
6 0.8710900473933649 0.5701421800947867 0.052132701421800945 0.055924170616113746
1 0.8317535545023697 0.5620853080568721 0.05971563981042654 0.06540284360189573