1 0.4018957345971564 0.24881516587677724 0.03601895734597156 0.05781990521327014
6 0.36208530805687206 0.25402843601895736 0.06255924170616113 0.061611374407582936
6 0.3137440758293839 0.27440758293838863 0.07677725118483412 0.07109004739336493
6 0.43838862559241704 0.24407582938388625 0.03696682464454976 0.06729857819905213
6 0.46966824644549765 0.23744075829383887 0.05687203791469194 0.07867298578199051
6 0.5251184834123223 0.23649289099526066 0.06445497630331753 0.07488151658767772
3 0.5597156398104265 0.26398104265402844 0.03033175355450237 0.03317535545023697
1 0.6 0.2725118483412322 0.054976303317535544 0.061611374407582936
9 0.6203791469194313 0.3137440758293839 0.07203791469194312 0.06729857819905213
9 0.6426540284360189 0.35592417061611376 0.06729857819905213 0.06350710900473934
8 0.6540284360189573 0.4004739336492891 0.08056872037914692 0.06066350710900474
4 0.6981042654028436 0.8919431279620853 0.04454976303317536 0.04549763033175355
4 0.6890995260663507 0.8180094786729858 0.03317535545023697 0.03601895734597156
4 0.6848341232227488 0.7511848341232228 0.03317535545023697 0.034123222748815164
1 0.6639810426540285 0.6753554502369669 0.06919431279620854 0.07014218009478673
6 0.6990521327014217 0.6374407582938388 0.06066350710900474 0.06066350710900474
6 0.7293838862559242 0.6066350710900474 0.07488151658767772 0.07393364928909953
6 0.7805687203791469 0.5971563981042654 0.05402843601895735 0.054976303317535544
6 0.8327014218009479 0.6014218009478673 0.05971563981042654 0.06350710900473934
1 0.8781990521327014 0.6099526066350711 0.05781990521327014 0.08056872037914692
9 0.919431279620853 0.6345971563981042 0.06635071090047394 0.08720379146919431
9 0.9563981042654028 0.6654028436018957 0.07203791469194312 0.08341232227488152
8 0.9739336492890995 0.7009478672985782 0.052132701421800945 0.09004739336492891
8 0.9914691943127962 0.7454976303317535 0.017061611374407582 0.08436018957345971