9 0.4658767772511848 0.3995260663507109 0.027488151658767772 0.05971563981042654
9 0.43838862559241704 0.41184834123222747 0.05781990521327014 0.035071090047393366
1 0.3924170616113744 0.4132701421800948 0.06066350710900474 0.03222748815165877
6 0.34786729857819904 0.41137440758293836 0.06066350710900474 0.03601895734597156
6 0.3180094786729858 0.3995260663507109 0.06540284360189573 0.05308056872037915
9 0.8184834123222748 0.008530805687203791 0.05781990521327014 0.017061611374407582
9 0.7772511848341233 0.011848341232227487 0.05118483412322275 0.023696682464454975
1 0.737914691943128 0.013270142180094787 0.05402843601895735 0.026540284360189573
6 0.7037914691943128 0.005213270142180095 0.05781990521327014 0.01042654028436019
8 0.13886255924170615 0.5407582938388625 0.0995260663507109 0.1004739336492891
9 0.10853080568720379 0.5966824644549763 0.06824644549763033 0.06635071090047394
9 0.08293838862559241 0.6417061611374407 0.06729857819905213 0.07203791469194312
1 0.06350710900473934 0.681042654028436 0.05023696682464455 0.061611374407582936
6 0.03222748815165877 0.7028436018957346 0.05023696682464455 0.05971563981042654
6 0.012322274881516588 0.7127962085308057 0.024644549763033177 0.058767772511848344
8 0.9777251184834124 0.9184834123222749 0.04454976303317536 0.07772511848341232
9 0.9407582938388626 0.9199052132701422 0.052132701421800945 0.05781990521327014
9 0.9037914691943127 0.9227488151658768 0.054976303317535544 0.05781990521327014
1 0.8635071090047394 0.9364928909952607 0.05308056872037915 0.06255924170616113
6 0.8355450236966825 0.9459715639810427 0.05308056872037915 0.058767772511848344
6 0.8170616113744076 0.9582938388625593 0.05118483412322275 0.05308056872037915
6 0.79478672985782 0.975829383886256 0.05402843601895735 0.04834123222748815