9 0.6308056872037915 0.36161137440758295 0.03696682464454976 0.061611374407582936
9 0.6090047393364929 0.3341232227488152 0.06540284360189573 0.055924170616113746
1 0.5720379146919431 0.3056872037914692 0.055924170616113746 0.06350710900473934
6 0.5265402843601896 0.2895734597156398 0.04739336492890995 0.052132701421800945
6 0.4786729857819905 0.2933649289099526 0.05971563981042654 0.06445497630331753
6 0.4308056872037915 0.3075829383886256 0.061611374407582936 0.06445497630331753
6 0.4018957345971564 0.3402843601895735 0.04928909952606635 0.04834123222748815
1 0.385781990521327 0.3867298578199052 0.058767772511848344 0.05687203791469194
9 0.3853080568720379 0.44170616113744077 0.06540284360189573 0.05687203791469194
9 0.3867298578199052 0.4881516587677725 0.061611374407582936 0.04928909952606635
3 0.38909952606635073 0.5312796208530806 0.04075829383886256 0.03601895734597156
8 0.4023696682464455 0.5658767772511848 0.08625592417061612 0.026540284360189573
3 0.771563981042654 0.23649289099526066 0.03696682464454976 0.034123222748815164
8 0.8350710900473933 0.19194312796208532 0.07298578199052133 0.08341232227488152
9 0.8900473933649289 0.1791469194312796 0.05023696682464455 0.06540284360189573
9 0.9322274881516588 0.17582938388625594 0.05023696682464455 0.06824644549763033
1 0.9748815165876777 0.16872037914691942 0.05023696682464455 0.06255924170616113
8 0.12606635071090047 0.8374407582938389 0.07772511848341232 0.07488151658767772
3 0.16587677725118483 0.8132701421800947 0.03886255924170616 0.04075829383886256
3 0.22511848341232227 0.7649289099526067 0.034123222748815164 0.03222748815165877
1 0.27014218009478674 0.7374407582938388 0.06066350710900474 0.052132701421800945
6 0.2890995260663507 0.7018957345971564 0.05308056872037915 0.04834123222748815
6 0.2895734597156398 0.6502369668246446 0.05971563981042654 0.061611374407582936
6 0.27440758293838863 0.6018957345971564 0.06540284360189573 0.04549763033175355
6 0.24407582938388625 0.5843601895734597 0.05023696682464455 0.01042654028436019
9 0.9322274881516588 0.7071090047393365 0.06729857819905213 0.055924170616113746
9 0.9436018957345972 0.7545023696682465 0.06540284360189573 0.054976303317535544
1 0.9545023696682464 0.8 0.052132701421800945 0.05402843601895735
6 0.9838862559241706 0.85260663507109 0.03222748815165877 0.046445497630331754
6 0.9635071090047393 0.8350710900473933 0.04454976303317536 0.04454976303317536