3 0.2109004739336493 0.05165876777251185 0.043601895734597156 0.04454976303317536
8 0.13981042654028436 0.09146919431279621 0.09289099526066351 0.07962085308056872
9 0.0867298578199052 0.12037914691943127 0.05118483412322275 0.05781990521327014
9 0.042180094786729856 0.13507109004739337 0.04834123222748815 0.05308056872037915
1 0.009478672985781991 0.13554502369668248 0.018957345971563982 0.05687203791469194
8 0.7398104265402844 0.34739336492890993 0.07488151658767772 0.07488151658767772
8 0.7208530805687203 0.2843601895734597 0.07488151658767772 0.08341232227488152
9 0.6985781990521327 0.22227488151658767 0.06919431279620854 0.06350710900473934
1 0.6360189573459716 0.13649289099526066 0.07203791469194312 0.08436018957345971
6 0.44644549763033176 0.12748815165876778 0.013270142180094787 0.07298578199052133
6 0.5909952606635072 0.11137440758293839 0.05971563981042654 0.06540284360189573
6 0.5303317535545023 0.0981042654028436 0.06635071090047394 0.07393364928909953
6 0.4654028436018957 0.0985781990521327 0.05118483412322275 0.07014218009478673
9 0.671563981042654 0.17819905213270143 0.08530805687203792 0.08056872037914692
8 0.4132701421800948 0.5777251184834123 0.05308056872037915 0.03696682464454976
8 0.5843601895734597 0.7199052132701422 0.061611374407582936 0.05781990521327014
9 0.5966824644549763 0.6734597156398104 0.05118483412322275 0.04928909952606635
9 0.6061611374407583 0.6289099526066351 0.052132701421800945 0.04834123222748815
9 0.8279620853080568 0.6440758293838863 0.05308056872037915 0.061611374407582936
9 0.8009478672985783 0.6023696682464454 0.055924170616113746 0.058767772511848344
1 0.624170616113744 0.5909952606635072 0.052132701421800945 0.054976303317535544
1 0.771563981042654 0.581042654028436 0.04928909952606635 0.043601895734597156
2 0.6530805687203791 0.5767772511848341 0.03222748815165877 0.035071090047393366
2 0.7412322274881517 0.5687203791469194 0.02843601895734597 0.018957345971563982
3 0.843127962085308 0.6933649289099526 0.03981042654028436 0.03696682464454976