8 0.15450236966824646 0.3582938388625592 0.08341232227488152 0.08341232227488152
3 0.16255924170616115 0.2900473933649289 0.04549763033175355 0.04170616113744076
9 0.9635071090047393 0.3791469194312796 0.07298578199052133 0.04170616113744076
9 0.9644549763033176 0.33981042654028437 0.06919431279620854 0.05971563981042654
1 0.9715639810426541 0.2796208530805687 0.05687203791469194 0.06445497630331753
6 0.9881516587677726 0.24075829383886255 0.023696682464454975 0.05308056872037915
4 0.15734597156398103 0.7374407582938388 0.04170616113744076 0.04075829383886256
3 0.2080568720379147 0.6597156398104266 0.031279620853080566 0.03601895734597156
9 0.25165876777251184 0.6222748815165877 0.06445497630331753 0.07109004739336493
9 0.4597156398104265 0.7886255924170616 0.07014218009478673 0.05971563981042654
1 0.46824644549763034 0.7336492890995261 0.07014218009478673 0.058767772511848344
6 0.46350710900473935 0.6824644549763034 0.05402843601895735 0.052132701421800945
6 0.44786729857819907 0.6317535545023697 0.054976303317535544 0.06635071090047394
6 0.4023696682464455 0.5976303317535545 0.06066350710900474 0.055924170616113746
6 0.35118483412322277 0.5895734597156398 0.05781990521327014 0.05402843601895735
1 0.2995260663507109 0.6009478672985782 0.05402843601895735 0.06350710900473934
8 0.8146919431279621 0.9658767772511848 0.09194312796208531 0.06824644549763033
8 0.8511848341232228 0.9218009478672986 0.07962085308056872 0.08246445497630332
9 0.8909952606635071 0.8748815165876778 0.07298578199052133 0.07014218009478673
9 0.9350710900473934 0.8469194312796209 0.06824644549763033 0.06919431279620854
1 0.9729857819905213 0.8113744075829384 0.05402843601895735 0.06824644549763033