8 0.2720379146919431 0.16635071090047393 0.07772511848341232 0.08530805687203792
8 0.22322274881516588 0.12985781990521328 0.08151658767772511 0.08909952606635071
8 0.026540284360189573 0.3876777251184834 0.05308056872037915 0.06445497630331753
8 0.00995260663507109 0.33649289099526064 0.01990521327014218 0.07582938388625593
9 0.14170616113744075 0.07298578199052133 0.06350710900473934 0.061611374407582936
9 0.1819905213270142 0.09336492890995261 0.05781990521327014 0.06066350710900474
1 0.1004739336492891 0.054502369668246446 0.055924170616113746 0.06066350710900474
6 0.05260663507109005 0.053554502369668244 0.04928909952606635 0.05118483412322275
6 0.017535545023696683 0.058767772511848344 0.035071090047393366 0.06635071090047394
8 0.9715639810426541 0.45213270142180095 0.05687203791469194 0.06824644549763033
9 0.956872037914692 0.4985781990521327 0.06066350710900474 0.06255924170616113
9 0.933175355450237 0.5345971563981042 0.055924170616113746 0.04928909952606635
1 0.9085308056872038 0.5507109004739337 0.046445497630331754 0.017061611374407582
0 0.7023696682464455 0.4924170616113744 0.043601895734597156 0.06729857819905213
0 0.7345971563981043 0.5246445497630332 0.043601895734597156 0.06066350710900474
8 0.018957345971563982 0.9706161137440759 0.037914691943127965 0.058767772511848344
3 0.05165876777251185 0.9867298578199052 0.031279620853080566 0.026540284360189573
9 0.09336492890995261 0.9739336492890995 0.05023696682464455 0.052132701421800945
1 0.14028436018957346 0.9815165876777251 0.05687203791469194 0.03696682464454976
6 0.1853080568720379 0.9772511848341232 0.054976303317535544 0.043601895734597156
6 0.21706161137440758 0.9436018957345972 0.06919431279620854 0.043601895734597156
6 0.23222748815165878 0.9066350710900474 0.06066350710900474 0.04928909952606635
8 0.9834123222748815 0.7492890995260664 0.03317535545023697 0.05781990521327014
9 0.9454976303317536 0.7644549763033175 0.043601895734597156 0.05402843601895735
9 0.9028436018957346 0.7772511848341233 0.04454976303317536 0.05118483412322275
1 0.8601895734597157 0.7734597156398104 0.052132701421800945 0.05781990521327014
6 0.8298578199052132 0.7663507109004739 0.04739336492890995 0.06066350710900474
6 0.7990521327014218 0.7492890995260664 0.04928909952606635 0.058767772511848344