8 0.4146919431279621 0.11753554502369669 0.06919431279620854 0.08720379146919431
8 0.4246445497630332 0.17867298578199053 0.04928909952606635 0.07677725118483412
9 0.43459715639810426 0.22890995260663508 0.029383886255924172 0.06350710900473934
3 0.9142180094786729 0.00900473933649289 0.04834123222748815 0.01800947867298578
3 0.6440758293838863 0.2004739336492891 0.04739336492890995 0.046445497630331754
4 0.6156398104265403 0.11279620853080569 0.04075829383886256 0.03886255924170616
5 0.5843601895734597 0.06729857819905213 0.04075829383886256 0.037914691943127965
1 0.5725118483412323 0.023222748815165877 0.06824644549763033 0.046445497630331754
1 0.21137440758293838 0.6928909952606636 0.05402843601895735 0.058767772511848344
1 0.39478672985781993 0.7516587677725118 0.05402843601895735 0.05971563981042654
6 0.24502369668246446 0.7056872037914692 0.04075829383886256 0.046445497630331754
6 0.2824644549763033 0.7203791469194313 0.058767772511848344 0.05023696682464455
6 0.32796208530805687 0.7331753554502369 0.054976303317535544 0.04549763033175355
6 0.3639810426540284 0.7436018957345971 0.046445497630331754 0.043601895734597156
3 0.4037914691943128 0.7843601895734598 0.03317535545023697 0.024644549763033177
3 0.4255924170616114 0.809478672985782 0.03601895734597156 0.022748815165876776
3 0.17582938388625594 0.7180094786729858 0.031279620853080566 0.01990521327014218
3 0.16161137440758294 0.7251184834123223 0.03033175355450237 0.02085308056872038
3 0.14075829383886257 0.7218009478672985 0.03696682464454976 0.021800947867298578
8 0.5341232227488152 0.4758293838862559 0.09004739336492891 0.03222748815165877
8 0.509478672985782 0.5146919431279621 0.08151658767772511 0.0881516587677725
8 0.7777251184834123 0.6014218009478673 0.09573459715639811 0.0966824644549763
5 0.7293838862559242 0.6758293838862559 0.04265402843601896 0.04454976303317536
9 0.6824644549763034 0.6943127962085308 0.06540284360189573 0.06445497630331753
9 0.6407582938388625 0.7170616113744076 0.05781990521327014 0.05971563981042654
9 0.5317535545023697 0.5658767772511848 0.06824644549763033 0.061611374407582936
9 0.4981042654028436 0.5857819905213271 0.06066350710900474 0.06066350710900474
1 0.4909952606635071 0.6322274881516587 0.06255924170616113 0.054976303317535544
1 0.6018957345971564 0.7350710900473933 0.05687203791469194 0.06729857819905213
6 0.5606635071090047 0.7327014218009479 0.05687203791469194 0.06445497630331753
6 0.5317535545023697 0.7170616113744076 0.055924170616113746 0.061611374407582936
6 0.5075829383886256 0.6962085308056872 0.06350710900473934 0.06255924170616113
6 0.4919431279620853 0.6696682464454976 0.06255924170616113 0.06066350710900474