8 0.5080568720379147 0.21753554502369668 0.043601895734597156 0.09004739336492891
9 0.47535545023696685 0.1981042654028436 0.05023696682464455 0.06919431279620854
9 0.43412322274881515 0.1895734597156398 0.052132701421800945 0.06919431279620854
1 0.385781990521327 0.17867298578199053 0.05402843601895735 0.06445497630331753
6 0.34312796208530805 0.1872037914691943 0.05118483412322275 0.05781990521327014
6 0.2943127962085308 0.2014218009478673 0.07867298578199051 0.08151658767772511
8 0.7919431279620853 0.4308056872037915 0.06540284360189573 0.01800947867298578
8 0.7592417061611374 0.40616113744075827 0.07203791469194312 0.06729857819905213
8 0.7132701421800948 0.37345971563981045 0.07393364928909953 0.08909952606635071
9 0.6535545023696683 0.3303317535545024 0.05687203791469194 0.055924170616113746
1 0.6213270142180095 0.3061611374407583 0.04739336492890995 0.05687203791469194
6 0.5625592417061611 0.2943127962085308 0.046445497630331754 0.05118483412322275
6 0.5364928909952607 0.2962085308056872 0.013270142180094787 0.061611374407582936
8 0.18056872037914692 0.524170616113744 0.07393364928909953 0.07582938388625593
8 0.23933649289099526 0.5421800947867299 0.07014218009478673 0.08151658767772511
3 0.28672985781990523 0.5559241706161138 0.031279620853080566 0.03222748815165877
9 0.3298578199052133 0.5535545023696683 0.05023696682464455 0.06635071090047394
1 0.3748815165876777 0.5682464454976304 0.05687203791469194 0.05308056872037915
6 0.4213270142180095 0.5620853080568721 0.054976303317535544 0.043601895734597156
6 0.45687203791469194 0.533175355450237 0.06919431279620854 0.043601895734597156
6 0.4767772511848341 0.4985781990521327 0.06066350710900474 0.04928909952606635
8 0.12464454976303317 0.5194312796208531 0.055924170616113746 0.05781990521327014
9 0.6900473933649289 0.7639810426540284 0.06255924170616113 0.04549763033175355
9 0.6720379146919432 0.7971563981042654 0.06729857819905213 0.06066350710900474
1 0.6611374407582938 0.8308056872037914 0.046445497630331754 0.058767772511848344
6 0.5507109004739337 0.8473933649289099 0.04170616113744076 0.058767772511848344
6 0.5947867298578199 0.8511848341232228 0.054976303317535544 0.05781990521327014
6 0.6312796208530805 0.8393364928909952 0.05402843601895735 0.061611374407582936