9 0.1933649289099526 0.48625592417061614 0.06445497630331753 0.06729857819905213
1 0.12890995260663507 0.4052132701421801 0.058767772511848344 0.06255924170616113
6 0.0924170616113744 0.3966824644549763 0.05118483412322275 0.058767772511848344
6 0.008056872037914692 0.4161137440758294 0.016113744075829384 0.054976303317535544
6 0.023222748815165877 0.4 0.046445497630331754 0.05308056872037915
6 0.05639810426540284 0.3914691943127962 0.04834123222748815 0.05687203791469194
9 0.16255924170616115 0.44075829383886256 0.061611374407582936 0.06445497630331753
8 0.8635071090047394 0.3924170616113744 0.07393364928909953 0.07772511848341232
4 0.9407582938388626 0.2834123222748815 0.04454976303317536 0.03601895734597156
4 0.9052132701421801 0.35260663507109 0.04454976303317536 0.04075829383886256
0 0.966824644549763 0.23175355450236967 0.04834123222748815 0.05402843601895735
3 0.1943127962085308 0.9800947867298578 0.043601895734597156 0.03981042654028436
9 0.17298578199052134 0.9317535545023696 0.07298578199052133 0.06824644549763033
1 0.13412322274881516 0.885781990521327 0.06919431279620854 0.06824644549763033
6 0.015639810426540283 0.8563981042654029 0.031279620853080566 0.08246445497630332
6 0.05308056872037915 0.8545023696682464 0.07298578199052133 0.08530805687203792
6 0.0985781990521327 0.8535545023696682 0.054976303317535544 0.06729857819905213