8 0.21137440758293838 0.34881516587677724 0.061611374407582936 0.08246445497630332
8 0.15592417061611374 0.33933649289099527 0.06919431279620854 0.07109004739336493
9 0.1033175355450237 0.32559241706161135 0.04739336492890995 0.058767772511848344
9 0.06018957345971564 0.32037914691943126 0.04739336492890995 0.06445497630331753
1 0.02085308056872038 0.31469194312796206 0.04075829383886256 0.04928909952606635
6 0.005213270142180095 0.323696682464455 0.01042654028436019 0.05402843601895735
8 0.9677725118483412 0.46350710900473935 0.06445497630331753 0.05118483412322275
9 0.9232227488151659 0.45687203791469194 0.055924170616113746 0.054976303317535544
1 0.7308056872037915 0.46919431279620855 0.05118483412322275 0.03981042654028436
9 0.9180094786729858 0.4080568720379147 0.04928909952606635 0.04928909952606635
6 0.7502369668246446 0.442654028436019 0.04549763033175355 0.043601895734597156
6 0.7758293838862559 0.4260663507109005 0.03981042654028436 0.04739336492890995
6 0.8080568720379147 0.4090047393364929 0.03981042654028436 0.046445497630331754
6 0.842654028436019 0.4023696682464455 0.04075829383886256 0.046445497630331754
1 0.8815165876777251 0.4028436018957346 0.04739336492890995 0.05402843601895735
1 0.008530805687203791 0.5881516587677725 0.017061611374407582 0.05023696682464455
6 0.03175355450236967 0.5990521327014218 0.04454976303317536 0.04549763033175355
6 0.06729857819905213 0.6151658767772512 0.054976303317535544 0.04928909952606635
3 0.6374407582938388 0.6777251184834123 0.034123222748815164 0.03696682464454976
8 0.9080568720379147 0.8611374407582938 0.07014218009478673 0.07203791469194312
8 0.9208530805687204 0.7981042654028436 0.07298578199052133 0.06919431279620854
8 0.9184834123222749 0.738388625592417 0.061611374407582936 0.054976303317535544
9 0.919431279620853 0.6919431279620853 0.04928909952606635 0.04454976303317536
9 0.923696682464455 0.6469194312796208 0.05023696682464455 0.05118483412322275
1 0.9180094786729858 0.6056872037914692 0.04454976303317536 0.04834123222748815
6 0.9028436018957346 0.5734597156398105 0.043601895734597156 0.04739336492890995
6 0.8777251184834123 0.5578199052132702 0.03696682464454976 0.04454976303317536
6 0.8516587677725118 0.5407582938388625 0.03696682464454976 0.04928909952606635
6 0.8184834123222748 0.543127962085308 0.04170616113744076 0.04928909952606635
1 0.7796208530805687 0.547867298578199 0.043601895734597156 0.05023696682464455
9 0.7502369668246446 0.5744075829383887 0.05023696682464455 0.04928909952606635
2 0.7085308056872038 0.5947867298578199 0.04265402843601896 0.04834123222748815
2 0.6701421800947868 0.628436018957346 0.06540284360189573 0.06540284360189573