8 0.195260663507109 0.05924170616113744 0.0881516587677725 0.08720379146919431
8 0.21706161137440758 0.12985781990521328 0.07772511848341232 0.08436018957345971
9 0.23127962085308057 0.1853080568720379 0.06255924170616113 0.05971563981042654
9 0.44075829383886256 0.2033175355450237 0.037914691943127965 0.06540284360189573
9 0.4374407582938389 0.24644549763033174 0.04454976303317536 0.054976303317535544
9 0.24170616113744076 0.22748815165876776 0.05687203791469194 0.058767772511848344
1 0.4104265402843602 0.2725118483412322 0.052132701421800945 0.07014218009478673
6 0.3753554502369668 0.2919431279620853 0.04454976303317536 0.06540284360189573
6 0.3469194312796208 0.2966824644549763 0.03696682464454976 0.06824644549763033
6 0.3165876777251185 0.290521327014218 0.034123222748815164 0.06824644549763033
6 0.2876777251184834 0.2791469194312796 0.04739336492890995 0.07014218009478673
1 0.26540284360189575 0.25497630331753557 0.05023696682464455 0.06729857819905213
8 0.5800947867298578 0.17962085308056872 0.07488151658767772 0.0881516587677725
8 0.6464454976303318 0.2018957345971564 0.08436018957345971 0.09194312796208531
9 0.6990521327014217 0.22511848341232227 0.052132701421800945 0.06729857819905213
9 0.7388625592417062 0.23175355450236967 0.04549763033175355 0.061611374407582936
1 0.7767772511848341 0.24170616113744076 0.05402843601895735 0.058767772511848344
6 0.8232227488151659 0.23886255924170616 0.05781990521327014 0.05023696682464455
6 0.8630331753554502 0.2241706161137441 0.07298578199052133 0.06066350710900474
8 0.08720379146919431 0.9369668246445497 0.07109004739336493 0.0938388625592417
8 0.15023696682464455 0.9274881516587677 0.07677725118483412 0.09004739336492891
9 0.1938388625592417 0.9156398104265403 0.03886255924170616 0.06066350710900474
9 0.23175355450236967 0.9208530805687204 0.055924170616113746 0.07488151658767772
1 0.2777251184834123 0.9222748815165877 0.05118483412322275 0.058767772511848344
6 0.3161137440758294 0.9327014218009478 0.05687203791469194 0.05971563981042654
6 0.35023696682464456 0.9649289099526066 0.07109004739336493 0.07014218009478673
6 0.3758293838862559 0.9914691943127962 0.06919431279620854 0.017061611374407582
1 0.9545023696682464 0.9853080568720379 0.07203791469194312 0.029383886255924172
6 0.9118483412322275 0.9715639810426541 0.058767772511848344 0.05687203791469194
6 0.8568720379146919 0.9597156398104265 0.06919431279620854 0.06350710900473934
6 0.795260663507109 0.9710900473933649 0.07014218009478673 0.05781990521327014
6 0.7582938388625592 0.9838862559241706 0.058767772511848344 0.03222748815165877