8 0.16018957345971563 0.054976303317535544 0.0881516587677725 0.09194312796208531
8 0.2018957345971564 0.026540284360189573 0.08909952606635071 0.05308056872037915
3 0.45924170616113746 0.061611374407582936 0.04265402843601896 0.04265402843601896
1 0.4786729857819905 0.018957345971563982 0.06635071090047394 0.037914691943127965
1 0.6957345971563981 0.023222748815165877 0.06255924170616113 0.046445497630331754
9 0.7156398104265402 0.06398104265402843 0.07298578199052133 0.061611374407582936
9 0.7417061611374408 0.1061611374407583 0.07014218009478673 0.06255924170616113
3 0.7345971563981043 0.14691943127962084 0.037914691943127965 0.03981042654028436
8 0.2791469194312796 0.6739336492890995 0.07677725118483412 0.08530805687203792
4 0.23033175355450236 0.6488151658767772 0.04265402843601896 0.046445497630331754
9 0.17725118483412322 0.6165876777251185 0.05971563981042654 0.07488151658767772
9 0.13601895734597155 0.5943127962085308 0.06445497630331753 0.07298578199052133
1 0.09052132701421801 0.5753554502369668 0.06445497630331753 0.07203791469194312
6 0.04123222748815166 0.5744075829383887 0.061611374407582936 0.06824644549763033
6 0.014691943127962086 0.5815165876777251 0.029383886255924172 0.08436018957345971
8 0.7274881516587678 0.7417061611374408 0.08625592417061612 0.0881516587677725
9 0.6834123222748815 0.7701421800947867 0.046445497630331754 0.054976303317535544
9 0.6497630331753554 0.79478672985782 0.054976303317535544 0.05687203791469194
9 0.46161137440758293 0.75260663507109 0.055924170616113746 0.055924170616113746
9 0.45260663507109006 0.7170616113744076 0.06445497630331753 0.06066350710900474
8 0.44549763033175355 0.666824644549763 0.07772511848341232 0.08151658767772511
3 0.4976303317535545 0.75260663507109 0.043601895734597156 0.08341232227488152
3 0.6071090047393365 0.7691943127962085 0.046445497630331754 0.07677725118483412
5 0.5563981042654028 0.7436018957345971 0.043601895734597156 0.04739336492890995