8 0.21421800947867298 0.6218009478672986 0.0947867298578199 0.08246445497630332
9 0.190521327014218 0.5739336492890995 0.07582938388625593 0.07203791469194312
9 0.17772511848341233 0.5289099526066351 0.07014218009478673 0.06350710900473934
1 0.15402843601895735 0.4924170616113744 0.06445497630331753 0.07014218009478673
6 0.11943127962085308 0.4658767772511848 0.054976303317535544 0.06255924170616113
6 0.07582938388625593 0.45023696682464454 0.061611374407582936 0.07393364928909953
6 0.027962085308056873 0.44123222748815166 0.055924170616113746 0.07109004739336493
8 0.6412322274881517 0.5412322274881517 0.08625592417061612 0.07962085308056872
8 0.671563981042654 0.5037914691943128 0.06350710900473934 0.05023696682464455
9 0.6829383886255924 0.47345971563981043 0.06540284360189573 0.04928909952606635
9 0.6900473933649289 0.43554502369668247 0.06919431279620854 0.052132701421800945
9 0.48625592417061614 0.32180094786729857 0.034123222748815164 0.06729857819905213
9 0.5042654028436019 0.2985781990521327 0.07014218009478673 0.07109004739336493
1 0.5360189573459716 0.2781990521327014 0.058767772511848344 0.055924170616113746
1 0.6943127962085308 0.3914691943127962 0.07393364928909953 0.05971563981042654
6 0.7104265402843601 0.35071090047393366 0.05781990521327014 0.054976303317535544
6 0.6819905213270142 0.3303317535545024 0.058767772511848344 0.05781990521327014
6 0.671090047393365 0.2862559241706161 0.07203791469194312 0.07488151658767772
6 0.628436018957346 0.26587677725118486 0.06635071090047394 0.06919431279620854
6 0.5791469194312796 0.26303317535545023 0.055924170616113746 0.06066350710900474
8 0.08009478672985781 0.8663507109004739 0.08246445497630332 0.05308056872037915
8 0.8080568720379147 0.8791469194312796 0.08436018957345971 0.07867298578199051
9 0.8042654028436019 0.9308056872037914 0.07203791469194312 0.06066350710900474
9 0.8056872037914692 0.9715639810426541 0.07393364928909953 0.05687203791469194