3 0.04976303317535545 0.40616113744075827 0.046445497630331754 0.05023696682464455
3 0.06872037914691943 0.4606635071090047 0.04834123222748815 0.037914691943127965
8 0.8459715639810427 0.11706161137440758 0.08151658767772511 0.08246445497630332
8 0.8630331753554502 0.18672985781990523 0.08151658767772511 0.08436018957345971
9 0.8677725118483413 0.24265402843601896 0.05971563981042654 0.05023696682464455
9 0.8725118483412322 0.2853080568720379 0.055924170616113746 0.054976303317535544
1 0.8753554502369668 0.32796208530805687 0.05402843601895735 0.052132701421800945
6 0.8587677725118483 0.35639810426540286 0.04549763033175355 0.05781990521327014
6 0.833175355450237 0.37203791469194314 0.04454976303317536 0.058767772511848344
6 0.8042654028436019 0.3886255924170616 0.04265402843601896 0.06255924170616113
6 0.7687203791469195 0.3933649289099526 0.04739336492890995 0.06350710900473934
1 0.7336492890995261 0.3848341232227488 0.05023696682464455 0.05687203791469194
9 0.6985781990521327 0.36255924170616116 0.055924170616113746 0.06255924170616113
9 0.6644549763033175 0.33886255924170616 0.05781990521327014 0.06255924170616113
8 0.6255924170616114 0.3075829383886256 0.07203791469194312 0.07109004739336493
8 0.5777251184834123 0.26350710900473934 0.08341232227488152 0.08530805687203792
8 0.16540284360189572 0.7535545023696683 0.08909952606635071 0.09004739336492891
9 0.16872037914691942 0.8137440758293839 0.06255924170616113 0.054976303317535544
9 0.17962085308056872 0.862085308056872 0.06445497630331753 0.058767772511848344
6 0.3109004739336493 0.956872037914692 0.037914691943127965 0.05402843601895735
6 0.2824644549763033 0.956872037914692 0.04454976303317536 0.054976303317535544
6 0.24928909952606634 0.9516587677725118 0.04928909952606635 0.05118483412322275
6 0.22606635071090048 0.933175355450237 0.04928909952606635 0.054976303317535544
1 0.1957345971563981 0.9085308056872038 0.05402843601895735 0.06066350710900474
3 0.16824644549763032 0.6838862559241706 0.04739336492890995 0.04454976303317536
4 0.9464454976303317 0.6516587677725119 0.043601895734597156 0.043601895734597156
3 0.9398104265402843 0.704265402843602 0.04170616113744076 0.03981042654028436
4 0.933175355450237 0.7535545023696683 0.03601895734597156 0.03601895734597156
9 0.9265402843601895 0.8042654028436019 0.05971563981042654 0.061611374407582936
3 0.6289099526066351 0.7549763033175355 0.043601895734597156 0.04265402843601896
3 0.6502369668246446 0.795734597156398 0.043601895734597156 0.04075829383886256
9 0.6687203791469194 0.833175355450237 0.058767772511848344 0.05687203791469194
9 0.6995260663507109 0.861611374407583 0.05687203791469194 0.058767772511848344
1 0.9056872037914692 0.85260663507109 0.055924170616113746 0.058767772511848344
1 0.7360189573459716 0.8924170616113745 0.055924170616113746 0.05971563981042654
6 0.8729857819905213 0.8800947867298579 0.04928909952606635 0.054976303317535544
6 0.8421800947867298 0.8962085308056872 0.046445497630331754 0.05023696682464455
6 0.8071090047393364 0.9037914691943127 0.04739336492890995 0.05118483412322275
6 0.7734597156398104 0.8981042654028436 0.04928909952606635 0.05308056872037915