8 0.33696682464454975 0.014218009478672985 0.0881516587677725 0.02843601895734597
9 0.21184834123222748 0.008056872037914692 0.05781990521327014 0.016113744075829384
9 0.16540284360189572 0.008056872037914692 0.05781990521327014 0.016113744075829384
1 0.11753554502369669 0.011848341232227487 0.058767772511848344 0.023696682464454975
6 0.0909952606635071 0.022748815165876776 0.05118483412322275 0.04549763033175355
6 0.06398104265402843 0.04407582938388625 0.054976303317535544 0.05023696682464455
9 0.9497630331753555 0.4009478672985782 0.07582938388625593 0.05687203791469194
9 0.9109004739336493 0.3805687203791469 0.07393364928909953 0.07393364928909953
4 0.8682464454976303 0.3867298578199052 0.031279620853080566 0.03033175355450237
3 0.8037914691943128 0.4109004739336493 0.03981042654028436 0.03696682464454976
9 0.7625592417061612 0.4146919431279621 0.06540284360189573 0.029383886255924172
8 0.4786729857819905 0.5388625592417061 0.02085308056872038 0.09573459715639811
8 0.44691943127962086 0.5696682464454976 0.08436018957345971 0.0909952606635071
9 0.3957345971563981 0.6009478672985782 0.06824644549763033 0.06540284360189573
9 0.34928909952606635 0.614218009478673 0.05118483412322275 0.061611374407582936
1 0.3104265402843602 0.614691943127962 0.043601895734597156 0.04739336492890995
6 0.2796208530805687 0.6052132701421801 0.04739336492890995 0.04739336492890995
6 0.25687203791469193 0.5966824644549763 0.05308056872037915 0.04549763033175355
6 0.24028436018957347 0.5682464454976304 0.05687203791469194 0.04928909952606635
8 0.7336492890995261 0.4938388625592417 0.08436018957345971 0.09194312796208531
9 0.761611374407583 0.5545023696682464 0.07488151658767772 0.06729857819905213
9 0.7739336492890996 0.6071090047393365 0.07014218009478673 0.06350710900473934
5 0.5203791469194313 0.7080568720379147 0.046445497630331754 0.04549763033175355
1 0.7744075829383886 0.6563981042654028 0.06729857819905213 0.061611374407582936
6 0.7587677725118483 0.6966824644549763 0.058767772511848344 0.06540284360189573
6 0.7393364928909952 0.7274881516587678 0.05308056872037915 0.06729857819905213
6 0.7085308056872038 0.7502369668246446 0.06350710900473934 0.07393364928909953
6 0.6635071090047393 0.7606635071090048 0.06066350710900474 0.07298578199052133
1 0.6199052132701421 0.7597156398104266 0.06066350710900474 0.06635071090047394
9 0.5772511848341232 0.7459715639810427 0.06445497630331753 0.06729857819905213