9 0.5014218009478673 0.014218009478672985 0.06635071090047394 0.02843601895734597
9 0.45213270142180095 0.023222748815165877 0.06445497630331753 0.046445497630331754
1 0.4037914691943128 0.027488151658767772 0.058767772511848344 0.054976303317535544
6 0.36729857819905215 0.016113744075829384 0.05971563981042654 0.03222748815165877
6 0.3289099526066351 0.010900473933649289 0.03981042654028436 0.021800947867298578
3 0.9848341232227488 0.13222748815165877 0.03033175355450237 0.03886255924170616
9 0.952132701421801 0.12132701421800948 0.05781990521327014 0.06635071090047394
9 0.904739336492891 0.11848341232227488 0.061611374407582936 0.07109004739336493
1 0.8563981042654029 0.10995260663507109 0.06445497630331753 0.054976303317535544
6 0.8151658767772512 0.13459715639810427 0.06729857819905213 0.07014218009478673
6 0.7725118483412322 0.15308056872037915 0.061611374407582936 0.055924170616113746
6 0.7635071090047393 0.18341232227488152 0.04834123222748815 0.04075829383886256
9 0.13981042654028436 0.862085308056872 0.07014218009478673 0.06635071090047394
9 0.11469194312796209 0.8208530805687204 0.06445497630331753 0.061611374407582936
4 0.16872037914691942 0.9170616113744076 0.046445497630331754 0.046445497630331754
1 0.08199052132701422 0.7890995260663507 0.06066350710900474 0.06729857819905213
6 0.04691943127962085 0.771563981042654 0.054976303317535544 0.06635071090047394
6 0.017061611374407582 0.771090047393365 0.034123222748815164 0.06350710900473934
7 0.2014218009478673 0.9720379146919431 0.05781990521327014 0.055924170616113746
8 0.7867298578199052 0.5203791469194313 0.10995260663507109 0.10426540284360189
8 0.8137440758293839 0.5995260663507109 0.1004739336492891 0.1014218009478673
9 0.8478672985781991 0.6943127962085308 0.06540284360189573 0.06540284360189573
1 0.876303317535545 0.737914691943128 0.06445497630331753 0.06350710900473934
6 0.9772511848341232 0.7744075829383886 0.04549763033175355 0.06066350710900474
6 0.9417061611374408 0.7748815165876777 0.05118483412322275 0.05971563981042654
6 0.9056872037914692 0.7649289099526067 0.05971563981042654 0.06635071090047394