8 0.4056872037914692 0.35639810426540286 0.07962085308056872 0.07772511848341232
4 0.35023696682464456 0.3805687203791469 0.031279620853080566 0.03696682464454976
9 0.2895734597156398 0.3886255924170616 0.05402843601895735 0.06824644549763033
9 0.23744075829383887 0.4004739336492891 0.05402843601895735 0.061611374407582936
1 0.1881516587677725 0.4018957345971564 0.04834123222748815 0.05687203791469194
6 0.15545023696682464 0.37725118483412323 0.05118483412322275 0.04739336492890995
6 0.11943127962085308 0.3644549763033175 0.03222748815165877 0.04075829383886256
6 0.11753554502369669 0.3345971563981043 0.054976303317535544 0.037914691943127965
8 0.6682464454976303 0.3071090047393365 0.08151658767772511 0.08436018957345971
8 0.7360189573459716 0.32606635071090045 0.08436018957345971 0.07109004739336493
2 0.790521327014218 0.3469194312796208 0.034123222748815164 0.05402843601895735
9 0.8355450236966825 0.34834123222748814 0.04739336492890995 0.054976303317535544
1 0.871563981042654 0.3355450236966825 0.05118483412322275 0.054976303317535544
6 0.8985781990521327 0.304739336492891 0.03981042654028436 0.04265402843601896
6 0.9165876777251185 0.2796208530805687 0.043601895734597156 0.037914691943127965
6 0.9355450236966825 0.25213270142180094 0.035071090047393366 0.03886255924170616
8 0.24597156398104264 0.7502369668246446 0.061611374407582936 0.061611374407582936
8 0.5625592417061611 0.9208530805687204 0.03317535545023697 0.07298578199052133
8 0.5360189573459716 0.9611374407582939 0.07298578199052133 0.07772511848341232
8 0.23554502369668245 0.8170616113744076 0.05971563981042654 0.06445497630331753
9 0.22748815165876776 0.8777251184834123 0.05308056872037915 0.05687203791469194
9 0.4834123222748815 0.9815165876777251 0.04739336492890995 0.03696682464454976
6 0.25971563981042656 0.990521327014218 0.04170616113744076 0.018957345971563982
1 0.24407582938388625 0.9744075829383886 0.04454976303317536 0.043601895734597156
9 0.23175355450236967 0.9312796208530806 0.05971563981042654 0.05781990521327014
8 0.6189573459715639 0.9540284360189574 0.07014218009478673 0.08625592417061612
3 0.5824644549763033 0.9436018957345972 0.006635071090047393 0.029383886255924172