1 0.4161137440758294 0.024170616113744076 0.026540284360189573 0.04834123222748815
3 0.6900473933649289 0.01042654028436019 0.05687203791469194 0.02085308056872038
9 0.6758293838862559 0.04881516587677725 0.06066350710900474 0.05781990521327014
9 0.671563981042654 0.09573459715639811 0.06255924170616113 0.05971563981042654
6 0.6834123222748815 0.13791469194312797 0.05402843601895735 0.05781990521327014
6 0.7071090047393365 0.16208530805687205 0.03886255924170616 0.04739336492890995
6 0.7336492890995261 0.1843601895734597 0.043601895734597156 0.04739336492890995
6 0.7639810426540284 0.2014218009478673 0.03981042654028436 0.05118483412322275
6 0.7981042654028436 0.2127962085308057 0.05023696682464455 0.05402843601895735
3 0.885308056872038 0.1815165876777251 0.03601895734597156 0.03886255924170616
3 0.9203791469194312 0.15260663507109004 0.03696682464454976 0.034123222748815164
8 0.25876777251184835 0.5127962085308057 0.07677725118483412 0.07772511848341232
8 0.27677725118483415 0.5649289099526066 0.07772511848341232 0.07772511848341232
9 0.2909952606635071 0.6156398104265403 0.06635071090047394 0.06824644549763033
9 0.31563981042654027 0.6578199052132702 0.058767772511848344 0.06066350710900474
1 0.34549763033175357 0.6876777251184835 0.06255924170616113 0.07109004739336493
6 0.3748815165876777 0.7066350710900474 0.05023696682464455 0.061611374407582936
6 0.4066350710900474 0.7180094786729858 0.04549763033175355 0.05971563981042654
6 0.42274881516587676 0.7137440758293839 0.013270142180094787 0.058767772511848344
9 0.4943127962085308 0.6469194312796208 0.07203791469194312 0.07393364928909953
9 0.5251184834123223 0.680568720379147 0.07677725118483412 0.07772511848341232
1 0.5459715639810426 0.7161137440758294 0.07014218009478673 0.07582938388625593
2 0.5834123222748815 0.7369668246445498 0.03886255924170616 0.05023696682464455
2 0.6308056872037915 0.7582938388625592 0.052132701421800945 0.058767772511848344
3 0.6867298578199053 0.7559241706161137 0.043601895734597156 0.04454976303317536
2 0.7341232227488151 0.7488151658767772 0.04454976303317536 0.052132701421800945
1 0.7658767772511849 0.7175355450236967 0.07109004739336493 0.07014218009478673
9 0.7829383886255924 0.690521327014218 0.06255924170616113 0.055924170616113746
9 0.7971563981042654 0.6701421800947868 0.061611374407582936 0.05971563981042654
8 0.4834123222748815 0.6137440758293838 0.08151658767772511 0.05687203791469194