8 0.46445497630331756 0.047867298578199054 0.07014218009478673 0.08246445497630332
8 0.46445497630331756 0.11516587677725118 0.07014218009478673 0.08246445497630332
9 0.46398104265402845 0.17251184834123223 0.06445497630331753 0.058767772511848344
9 0.4488151658767773 0.20900473933649288 0.055924170616113746 0.05118483412322275
1 0.4312796208530806 0.2554502369668246 0.06729857819905213 0.054976303317535544
3 0.2914691943127962 0.3118483412322275 0.03601895734597156 0.03601895734597156
3 0.35450236966824644 0.2971563981042654 0.04075829383886256 0.03886255924170616
1 0.23412322274881517 0.29241706161137443 0.05402843601895735 0.05687203791469194
9 0.2 0.25071090047393363 0.05687203791469194 0.06350710900473934
9 0.16445497630331754 0.21706161137440758 0.058767772511848344 0.06824644549763033
8 0.13981042654028436 0.16066350710900473 0.08909952606635071 0.09289099526066351
8 0.10900473933649289 0.0971563981042654 0.08151658767772511 0.08530805687203792
8 0.8473933649289099 0.02132701421800948 0.08720379146919431 0.04265402843601896
8 0.8265402843601896 0.06777251184834124 0.07867298578199051 0.08530805687203792
9 0.9886255924170616 0.23838862559241705 0.022748815165876776 0.061611374407582936
9 0.9682464454976303 0.26350710900473934 0.054976303317535544 0.05687203791469194
9 0.8516587677725118 0.11800947867298578 0.06635071090047394 0.058767772511848344
9 0.818957345971564 0.13981042654028436 0.05781990521327014 0.058767772511848344
1 0.814218009478673 0.18625592417061612 0.06066350710900474 0.052132701421800945
1 0.9303317535545024 0.2834123222748815 0.05402843601895735 0.06540284360189573
6 0.8890995260663507 0.2829383886255924 0.05402843601895735 0.061611374407582936
6 0.8597156398104265 0.26872037914691943 0.05308056872037915 0.05971563981042654
6 0.8341232227488151 0.24976303317535545 0.061611374407582936 0.06066350710900474
6 0.8170616113744076 0.22369668246445498 0.06066350710900474 0.05781990521327014
8 0.27535545023696684 0.6649289099526067 0.07393364928909953 0.07393364928909953
8 0.25355450236966826 0.7218009478672985 0.08056872037914692 0.08720379146919431
9 0.23033175355450236 0.7819905213270142 0.06540284360189573 0.06445497630331753
9 0.2014218009478673 0.8279620853080568 0.06635071090047394 0.06635071090047394
1 0.17298578199052134 0.8720379146919431 0.058767772511848344 0.06445497630331753
6 0.12938388625592417 0.8843601895734597 0.05308056872037915 0.061611374407582936
6 0.07251184834123223 0.8890995260663507 0.06635071090047394 0.061611374407582936
6 0.025118483412322274 0.8601895734597157 0.05023696682464455 0.06540284360189573
8 0.8696682464454977 0.7260663507109004 0.07582938388625593 0.08056872037914692
8 0.8099526066350711 0.6995260663507109 0.08436018957345971 0.08151658767772511
9 0.761611374407583 0.6815165876777252 0.058767772511848344 0.07014218009478673
9 0.7156398104265402 0.6777251184834123 0.06729857819905213 0.061611374407582936
1 0.6734597156398104 0.6658767772511849 0.055924170616113746 0.061611374407582936
6 0.6303317535545023 0.6796208530805687 0.06066350710900474 0.05781990521327014
6 0.6033175355450237 0.7066350710900474 0.06066350710900474 0.06445497630331753
6 0.5758293838862559 0.7445497630331753 0.06824644549763033 0.05687203791469194