9 0.017535545023696683 0.38388625592417064 0.035071090047393366 0.06255924170616113
8 0.2786729857819905 0.17440758293838862 0.08436018957345971 0.0881516587677725
8 0.27014218009478674 0.24786729857819906 0.08151658767772511 0.07582938388625593
9 0.26018957345971566 0.3071090047393365 0.061611374407582936 0.05971563981042654
9 0.24549763033175356 0.35071090047393366 0.05308056872037915 0.05971563981042654
3 0.8052132701421801 0.33222748815165876 0.03886255924170616 0.03886255924170616
4 0.7554502369668247 0.3962085308056872 0.03601895734597156 0.034123222748815164
9 0.7398104265402844 0.44407582938388623 0.054976303317535544 0.054976303317535544
1 0.7075829383886256 0.4710900473933649 0.04739336492890995 0.058767772511848344
6 0.671090047393365 0.4834123222748815 0.04834123222748815 0.05023696682464455
6 0.6374407582938388 0.4928909952606635 0.037914691943127965 0.046445497630331754
6 0.6071090047393365 0.4919431279620853 0.04454976303317536 0.05023696682464455
6 0.5781990521327014 0.48578199052132703 0.04928909952606635 0.04928909952606635
1 0.5530805687203791 0.46255924170616114 0.05971563981042654 0.058767772511848344
9 0.5284360189573459 0.4260663507109005 0.06066350710900474 0.055924170616113746
9 0.5099526066350711 0.3872037914691943 0.06919431279620854 0.058767772511848344
8 0.4829383886255924 0.33791469194312795 0.07488151658767772 0.07867298578199051
8 0.46919431279620855 0.27630331753554505 0.058767772511848344 0.06729857819905213
9 0.314218009478673 0.6218009478672986 0.07298578199052133 0.043601895734597156
1 0.35118483412322277 0.6445497630331753 0.06635071090047394 0.07203791469194312
6 0.4246445497630332 0.6663507109004739 0.03033175355450237 0.058767772511848344
6 0.3928909952606635 0.6616113744075829 0.04739336492890995 0.05971563981042654
8 0.8535545023696682 0.6336492890995261 0.07867298578199051 0.06729857819905213
9 0.8265402843601896 0.6748815165876777 0.06066350710900474 0.05687203791469194
9 0.818957345971564 0.7170616113744076 0.061611374407582936 0.054976303317535544
1 0.795260663507109 0.7516587677725118 0.05118483412322275 0.055924170616113746
6 0.7706161137440758 0.7805687203791469 0.04834123222748815 0.05781990521327014
6 0.738388625592417 0.7966824644549763 0.04265402843601896 0.05118483412322275
6 0.695260663507109 0.8 0.043601895734597156 0.052132701421800945
6 0.6611374407582938 0.79478672985782 0.04928909952606635 0.05781990521327014
1 0.6303317535545023 0.7687203791469195 0.05308056872037915 0.058767772511848344
9 0.5914691943127962 0.7388625592417062 0.061611374407582936 0.054976303317535544
9 0.571563981042654 0.7014218009478673 0.06066350710900474 0.052132701421800945
8 0.5464454976303318 0.6545023696682465 0.07772511848341232 0.07867298578199051
8 0.5151658767772512 0.6165876777251185 0.07867298578199051 0.03317535545023697