8 0.3587677725118483 0.2677725118483412 0.0909952606635071 0.09289099526066351
8 0.4208530805687204 0.23459715639810427 0.0947867298578199 0.08909952606635071
9 0.4758293838862559 0.21469194312796208 0.05118483412322275 0.06255924170616113
9 0.5165876777251185 0.1981042654028436 0.05687203791469194 0.05781990521327014
1 0.5635071090047393 0.1938388625592417 0.06066350710900474 0.058767772511848344
6 0.6 0.1966824644549763 0.06066350710900474 0.05781990521327014
6 0.6218009478672986 0.2123222748815166 0.054976303317535544 0.05687203791469194
6 0.6374407582938388 0.24075829383886255 0.023696682464454975 0.05687203791469194
4 0.6985781990521327 0.3971563981042654 0.04265402843601896 0.04265402843601896
5 0.6758293838862559 0.4374407582938389 0.04549763033175355 0.04454976303317536
8 0.36066350710900474 0.5928909952606635 0.10900473933649289 0.1052132701421801
8 0.33317535545023697 0.6658767772511849 0.11563981042654028 0.1061611374407583
9 0.3056872037914692 0.7255924170616114 0.08720379146919431 0.08625592417061612
9 0.2881516587677725 0.7739336492890996 0.08530805687203792 0.08056872037914692
8 0.633175355450237 0.8786729857819905 0.03222748815165877 0.09289099526066351
8 0.5966824644549763 0.9080568720379147 0.0976303317535545 0.0976303317535545
9 0.5303317535545023 0.9345971563981043 0.07867298578199051 0.08530805687203792
9 0.4786729857819905 0.9545023696682464 0.07109004739336493 0.08246445497630332
1 0.4218009478672986 0.9601895734597157 0.07962085308056872 0.07962085308056872
1 0.285781990521327 0.8360189573459715 0.08530805687203792 0.07962085308056872
6 0.3805687203791469 0.9587677725118483 0.04454976303317536 0.04928909952606635
6 0.3018957345971564 0.8829383886255924 0.061611374407582936 0.05402843601895735
6 0.32559241706161135 0.9146919431279621 0.06350710900473934 0.05402843601895735
6 0.35308056872037913 0.9407582938388626 0.055924170616113746 0.052132701421800945
3 0.662085308056872 0.8943127962085308 0.025592417061611375 0.04265402843601896
4 0.918957345971564 0.7545023696682465 0.03981042654028436 0.03886255924170616
9 0.6800947867298578 0.9454976303317536 0.061611374407582936 0.06729857819905213
9 0.7033175355450237 0.9710900473933649 0.07393364928909953 0.05781990521327014
1 0.7407582938388626 0.9843601895734597 0.06729857819905213 0.031279620853080566
6 0.8677725118483413 0.990521327014218 0.06919431279620854 0.018957345971563982
6 0.9009478672985782 0.9744075829383886 0.06350710900473934 0.05118483412322275
1 0.9232227488151659 0.9459715639810427 0.06445497630331753 0.07109004739336493
9 0.9327014218009478 0.8985781990521327 0.07393364928909953 0.06540284360189573
9 0.9379146919431279 0.852132701421801 0.07867298578199051 0.06729857819905213
8 0.9341232227488152 0.7985781990521327 0.08530805687203792 0.07962085308056872