3 0.44454976303317534 0.2853080568720379 0.04928909952606635 0.02843601895734597
9 0.8345971563981043 0.03601895734597156 0.08436018957345971 0.07203791469194312
6 0.9753554502369668 0.17393364928909952 0.04928909952606635 0.06540284360189573
6 0.9298578199052133 0.18246445497630331 0.07582938388625593 0.07677725118483412
6 0.885781990521327 0.16729857819905214 0.06824644549763033 0.07772511848341232
8 0.35924170616113743 0.6018957345971564 0.08625592417061612 0.07867298578199051
8 0.04123222748815166 0.6341232227488152 0.07867298578199051 0.07393364928909953
8 0.053554502369668244 0.580568720379147 0.08246445497630332 0.07867298578199051
9 0.06492890995260664 0.533175355450237 0.07488151658767772 0.06729857819905213
9 0.07819905213270142 0.4909952606635071 0.06635071090047394 0.06445497630331753
1 0.1004739336492891 0.45118483412322274 0.06350710900473934 0.06635071090047394
6 0.13270142180094788 0.4213270142180095 0.05118483412322275 0.05308056872037915
6 0.17203791469194313 0.4014218009478673 0.06445497630331753 0.06540284360189573
6 0.22843601895734597 0.3971563981042654 0.07014218009478673 0.06824644549763033
9 0.31990521327014215 0.500473933649289 0.07014218009478673 0.06255924170616113
9 0.34360189573459715 0.5445497630331754 0.07393364928909953 0.061611374407582936
1 0.3004739336492891 0.45781990521327015 0.06729857819905213 0.061611374407582936
6 0.26872037914691943 0.4208530805687204 0.05023696682464455 0.05781990521327014
3 0.5781990521327014 0.8421800947867298 0.03886255924170616 0.03981042654028436
9 0.8573459715639811 0.7355450236966825 0.08056872037914692 0.06255924170616113
9 0.8374407582938389 0.6947867298578199 0.07393364928909953 0.06729857819905213
1 0.8165876777251185 0.6530805687203791 0.046445497630331754 0.05781990521327014
6 0.7800947867298578 0.6260663507109004 0.04549763033175355 0.055924170616113746
6 0.7374407582938388 0.6118483412322275 0.054976303317535544 0.05687203791469194
6 0.6881516587677725 0.6151658767772512 0.06540284360189573 0.05781990521327014
6 0.6436018957345971 0.6341232227488152 0.055924170616113746 0.06066350710900474
1 0.6137440758293838 0.6592417061611374 0.058767772511848344 0.05971563981042654
9 0.5924170616113744 0.7028436018957346 0.07014218009478673 0.07014218009478673
9 0.5739336492890995 0.7417061611374408 0.07677725118483412 0.07203791469194312