8 0.25355450236966826 0.2672985781990521 0.10710900473933649 0.08625592417061612
8 0.23744075829383887 0.2109004739336493 0.0938388625592417 0.07393364928909953
9 0.23364928909952606 0.15592417061611374 0.0947867298578199 0.06824644549763033
1 0.4218009478672986 0.031279620853080566 0.03601895734597156 0.06255924170616113
1 0.23175355450236967 0.0962085308056872 0.07962085308056872 0.07582938388625593
6 0.2502369668246445 0.04454976303317536 0.05687203791469194 0.06729857819905213
6 0.2886255924170616 0.024644549763033177 0.07109004739336493 0.04928909952606635
6 0.3412322274881517 0.012796208530805687 0.06824644549763033 0.025592417061611375
6 0.38957345971563984 0.014691943127962086 0.06445497630331753 0.029383886255924172
8 0.4483412322274882 0.4056872037914692 0.017061611374407582 0.08341232227488152
8 0.47535545023696685 0.4308056872037915 0.07109004739336493 0.0881516587677725
3 0.5180094786729857 0.45071090047393364 0.035071090047393366 0.035071090047393366
9 0.5611374407582939 0.45308056872037916 0.05687203791469194 0.07109004739336493
1 0.6037914691943128 0.471563981042654 0.06255924170616113 0.055924170616113746
6 0.6507109004739337 0.4729857819905213 0.05971563981042654 0.04928909952606635
6 0.6895734597156398 0.4483412322274882 0.07298578199052133 0.05118483412322275
6 0.7137440758293839 0.4165876777251185 0.06540284360189573 0.055924170616113746
9 0.01943127962085308 0.6270142180094787 0.03886255924170616 0.06540284360189573
9 0.025118483412322274 0.6658767772511849 0.05023696682464455 0.06350710900473934
1 0.037914691943127965 0.7085308056872038 0.06255924170616113 0.06635071090047394
2 0.06966824644549763 0.7345971563981043 0.03981042654028436 0.04454976303317536
2 0.11611374407582939 0.7677725118483413 0.05023696682464455 0.06066350710900474
2 0.218957345971564 0.7658767772511849 0.03886255924170616 0.03886255924170616
1 0.26066350710900477 0.747867298578199 0.06729857819905213 0.06729857819905213
9 0.2853080568720379 0.7099526066350711 0.06445497630331753 0.054976303317535544
9 0.3028436018957346 0.6815165876777252 0.05781990521327014 0.05118483412322275
1 0.7511848341232228 0.9772511848341232 0.07298578199052133 0.04549763033175355
8 0.9744075829383886 0.8734597156398104 0.05118483412322275 0.07109004739336493
9 0.942654028436019 0.8535545023696682 0.04739336492890995 0.05687203791469194
9 0.9080568720379147 0.8459715639810427 0.05687203791469194 0.06540284360189573
1 0.8630331753554502 0.833175355450237 0.05308056872037915 0.05971563981042654
6 0.8246445497630331 0.8355450236966825 0.04834123222748815 0.054976303317535544
6 0.7881516587677725 0.8502369668246446 0.05781990521327014 0.05971563981042654
6 0.7573459715639811 0.890521327014218 0.05308056872037915 0.06066350710900474
6 0.7431279620853081 0.9379146919431279 0.04454976303317536 0.054976303317535544