3 0.2052132701421801 0.5075829383886256 0.03886255924170616 0.04075829383886256
3 0.23933649289099526 0.4758293838862559 0.03886255924170616 0.04170616113744076
4 0.3123222748815166 0.42890995260663506 0.03317535545023697 0.035071090047393366
4 0.35545023696682465 0.3943127962085308 0.02843601895734597 0.04170616113744076
8 0.7265402843601896 0.3701421800947867 0.08246445497630332 0.06729857819905213
9 0.7184834123222749 0.3194312796208531 0.07582938388625593 0.05118483412322275
9 0.7161137440758294 0.2734597156398104 0.06919431279620854 0.05402843601895735
9 0.9819905213270143 0.2099526066350711 0.03601895734597156 0.06540284360189573
9 0.9530805687203792 0.17962085308056872 0.06540284360189573 0.06919431279620854
1 0.9109004739336493 0.14928909952606634 0.058767772511848344 0.061611374407582936
6 0.8597156398104265 0.13696682464454976 0.054976303317535544 0.052132701421800945
6 0.8075829383886256 0.13886255924170615 0.06445497630331753 0.061611374407582936
6 0.7601895734597156 0.15592417061611374 0.058767772511848344 0.05971563981042654
6 0.7341232227488151 0.1895734597156398 0.061611374407582936 0.05687203791469194
6 0.35687203791469196 0.7341232227488151 0.025592417061611375 0.04075829383886256
6 0.34502369668246446 0.7573459715639811 0.04928909952606635 0.034123222748815164
6 0.33886255924170616 0.776303317535545 0.061611374407582936 0.034123222748815164
8 0.48530805687203793 0.9170616113744076 0.06824644549763033 0.08151658767772511
8 0.5436018957345972 0.9374407582938389 0.06540284360189573 0.08436018957345971
2 0.5924170616113744 0.9502369668246445 0.03601895734597156 0.05971563981042654
9 0.6374407582938388 0.9611374407582939 0.05308056872037915 0.07109004739336493
1 0.6872037914691943 0.9630331753554502 0.05023696682464455 0.058767772511848344
6 0.728909952606635 0.9535545023696682 0.054976303317535544 0.052132701421800945
6 0.7649289099526067 0.933649289099526 0.06540284360189573 0.061611374407582936