8 0.3251184834123223 0.3056872037914692 0.07014218009478673 0.07677725118483412
3 0.376303317535545 0.32606635071090045 0.03222748815165877 0.03981042654028436
9 0.4369668246445498 0.33886255924170616 0.04549763033175355 0.06350710900473934
8 0.8909952606635071 0.17677725118483412 0.08341232227488152 0.09194312796208531
9 0.8241706161137441 0.1966824644549763 0.05971563981042654 0.06824644549763033
9 0.771563981042654 0.2080568720379147 0.05118483412322275 0.055924170616113746
1 0.7255924170616114 0.2014218009478673 0.054976303317535544 0.052132701421800945
6 0.690521327014218 0.18056872037914692 0.05781990521327014 0.03886255924170616
6 0.6767772511848341 0.14881516587677726 0.061611374407582936 0.03696682464454976
6 0.6606635071090048 0.12037914691943127 0.06255924170616113 0.03601895734597156
6 0.6563981042654028 0.08720379146919431 0.05781990521327014 0.04170616113744076
4 0.9720379146919431 0.15781990521327013 0.04075829383886256 0.037914691943127965
8 0.06350710900473934 0.8701421800947867 0.07962085308056872 0.07772511848341232
3 0.11137440758293839 0.8867298578199052 0.029383886255924172 0.03033175355450237
9 0.17772511848341233 0.9104265402843602 0.05118483412322275 0.05971563981042654
9 0.2241706161137441 0.9208530805687204 0.05023696682464455 0.05971563981042654
1 0.26492890995260665 0.9208530805687204 0.052132701421800945 0.05023696682464455
6 0.295260663507109 0.9066350710900474 0.05687203791469194 0.03886255924170616
6 0.3137440758293839 0.8838862559241706 0.05781990521327014 0.03222748815165877
6 0.32701421800947866 0.8611374407582938 0.04928909952606635 0.025592417061611375
3 0.8573459715639811 0.8236966824644549 0.04834123222748815 0.04549763033175355
2 0.9180094786729858 0.7654028436018957 0.07582938388625593 0.07014218009478673
9 0.5981042654028436 0.7658767772511849 0.05687203791469194 0.05118483412322275
9 0.6113744075829384 0.7222748815165877 0.058767772511848344 0.046445497630331754