8 0.03222748815165877 0.5630331753554503 0.06445497630331753 0.03222748815165877
9 0.025592417061611375 0.5303317535545023 0.05118483412322275 0.06350710900473934
9 0.02037914691943128 0.4829383886255924 0.04075829383886256 0.06350710900473934
1 0.01943127962085308 0.42227488151658765 0.03886255924170616 0.06729857819905213
6 0.03696682464454976 0.3815165876777251 0.054976303317535544 0.05687203791469194
6 0.08199052132701422 0.36018957345971564 0.06350710900473934 0.055924170616113746
6 0.13838862559241707 0.34786729857819904 0.07109004739336493 0.06540284360189573
6 0.1819905213270142 0.34786729857819904 0.03601895734597156 0.06255924170616113
3 0.5436018957345972 0.13554502369668248 0.04834123222748815 0.04834123222748815
3 0.5687203791469194 0.2075829383886256 0.04739336492890995 0.046445497630331754
3 0.8786729857819905 0.2104265402843602 0.052132701421800945 0.05308056872037915
9 0.5981042654028436 0.3042654028436019 0.05687203791469194 0.05781990521327014
1 0.6265402843601896 0.33175355450236965 0.05971563981042654 0.06350710900473934
6 0.6582938388625592 0.35118483412322277 0.05118483412322275 0.058767772511848344
6 0.6909952606635071 0.35592417061611376 0.04454976303317536 0.054976303317535544
6 0.7265402843601896 0.35545023696682465 0.04928909952606635 0.05781990521327014
6 0.7649289099526067 0.34881516587677724 0.04928909952606635 0.05687203791469194
1 0.8018957345971564 0.33080568720379144 0.05308056872037915 0.05781990521327014
9 0.8260663507109005 0.2981042654028436 0.058767772511848344 0.061611374407582936
9 0.862085308056872 0.266824644549763 0.06350710900473934 0.061611374407582936
9 0.6061611374407583 0.25876777251184835 0.06824644549763033 0.06350710900473934
9 0.44407582938388623 0.7573459715639811 0.07014218009478673 0.06919431279620854
9 0.4706161137440758 0.795734597156398 0.06635071090047394 0.06066350710900474
9 0.7454976303317535 0.7341232227488151 0.07014218009478673 0.06255924170616113
9 0.7232227488151659 0.7734597156398104 0.06729857819905213 0.06066350710900474
1 0.6995260663507109 0.814218009478673 0.061611374407582936 0.07014218009478673
1 0.4919431279620853 0.8355450236966825 0.05971563981042654 0.06824644549763033
2 0.6625592417061611 0.8327014218009479 0.03886255924170616 0.04454976303317536
2 0.6208530805687204 0.842654028436019 0.04928909952606635 0.055924170616113746
2 0.5691943127962086 0.8488151658767773 0.04834123222748815 0.055924170616113746
2 0.5270142180094787 0.842654028436019 0.04265402843601896 0.05023696682464455