9 0.4052132701421801 0.2672985781990521 0.04834123222748815 0.06445497630331753
9 0.3848341232227488 0.3004739336492891 0.06540284360189573 0.06635071090047394
9 0.17014218009478674 0.3123222748815166 0.061611374407582936 0.058767772511848344
1 0.35924170616113743 0.33222748815165876 0.05971563981042654 0.06635071090047394
6 0.3293838862559242 0.35734597156398107 0.054976303317535544 0.06635071090047394
6 0.3042654028436019 0.36255924170616116 0.05308056872037915 0.06919431279620854
6 0.26303317535545023 0.36587677725118484 0.052132701421800945 0.06540284360189573
6 0.22938388625592418 0.3578199052132701 0.05118483412322275 0.06445497630331753
1 0.1938388625592417 0.33981042654028437 0.052132701421800945 0.06824644549763033
9 0.13507109004739337 0.2853080568720379 0.06540284360189573 0.05402843601895735
8 0.5436018957345972 0.5649289099526066 0.09194312796208531 0.08909952606635071
9 0.5545023696682464 0.5099526066350711 0.07298578199052133 0.058767772511848344
9 0.5786729857819906 0.4720379146919431 0.07488151658767772 0.06350710900473934
1 0.6009478672985782 0.4265402843601896 0.06445497630331753 0.06729857819905213
9 0.8303317535545024 0.5293838862559241 0.07014218009478673 0.05402843601895735
9 0.8227488151658767 0.490521327014218 0.07677725118483412 0.06540284360189573
1 0.8066350710900474 0.4483412322274882 0.06824644549763033 0.06635071090047394
6 0.7834123222748816 0.41232227488151657 0.06350710900473934 0.06540284360189573
6 0.7407582938388626 0.3981042654028436 0.07772511848341232 0.07677725118483412
6 0.6843601895734597 0.3886255924170616 0.07109004739336493 0.07014218009478673
6 0.6374407582938388 0.3966824644549763 0.05687203791469194 0.06445497630331753
8 0.8274881516587678 0.5753554502369668 0.08909952606635071 0.07962085308056872
8 0.8981042654028436 0.8071090047393364 0.08625592417061612 0.035071090047393366