8 0.18862559241706162 0.02843601895734597 0.09289099526066351 0.05687203791469194
8 0.24834123222748816 0.04597156398104266 0.0909952606635071 0.09194312796208531
9 0.29241706161137443 0.08009478672985781 0.06066350710900474 0.07298578199052133
9 0.33317535545023697 0.0909952606635071 0.058767772511848344 0.07109004739336493
1 0.3791469194312796 0.1023696682464455 0.05971563981042654 0.06729857819905213
6 0.4265402843601896 0.10995260663507109 0.06540284360189573 0.07109004739336493
6 0.4654028436018957 0.1 0.06824644549763033 0.07488151658767772
9 0.9786729857819905 0.15876777251184834 0.04265402843601896 0.05402843601895735
9 0.9450236966824644 0.176303317535545 0.054976303317535544 0.058767772511848344
1 0.8962085308056872 0.16966824644549763 0.05781990521327014 0.061611374407582936
6 0.8563981042654029 0.17867298578199053 0.04834123222748815 0.05687203791469194
6 0.8265402843601896 0.16350710900473933 0.04549763033175355 0.05781990521327014
6 0.7976303317535545 0.15876777251184834 0.058767772511848344 0.06255924170616113
6 0.7919431279620853 0.12227488151658768 0.04834123222748815 0.04928909952606635
1 0.7890995260663507 0.0909952606635071 0.06066350710900474 0.06255924170616113
9 0.7805687203791469 0.04075829383886256 0.058767772511848344 0.05781990521327014
9 0.7900473933649289 0.010900473933649289 0.052132701421800945 0.021800947867298578
3 0.24691943127962085 0.6109004739336493 0.05118483412322275 0.055924170616113746
8 0.44597156398104265 0.8800947867298579 0.07867298578199051 0.07582938388625593
8 0.385781990521327 0.9052132701421801 0.08909952606635071 0.09194312796208531
3 0.328436018957346 0.9213270142180094 0.03981042654028436 0.04265402843601896
3 0.2976303317535545 0.9156398104265403 0.04170616113744076 0.043601895734597156
8 0.20616113744075829 0.6867298578199053 0.09194312796208531 0.0938388625592417
9 0.17819905213270143 0.7450236966824645 0.07014218009478673 0.06635071090047394
9 0.15971563981042655 0.7914691943127962 0.07014218009478673 0.06729857819905213
1 0.15450236966824646 0.8308056872037914 0.06255924170616113 0.05402843601895735
1 0.24407582938388625 0.9222748815165877 0.055924170616113746 0.06635071090047394
6 0.2132701421800948 0.9066350710900474 0.055924170616113746 0.07298578199052133
6 0.18862559241706162 0.8824644549763033 0.05402843601895735 0.07109004739336493
6 0.16919431279620853 0.8635071090047394 0.061611374407582936 0.06635071090047394
2 0.6611374407582938 0.6706161137440758 0.06919431279620854 0.07867298578199051
3 0.7009478672985782 0.6417061611374407 0.046445497630331754 0.043601895734597156
9 0.7388625592417062 0.5981042654028436 0.07772511848341232 0.07488151658767772
9 0.7725118483412322 0.5767772511848341 0.07298578199052133 0.06919431279620854
8 0.9388625592417061 0.8706161137440759 0.10426540284360189 0.0995260663507109
8 0.9644549763033176 0.8175355450236966 0.07109004739336493 0.07867298578199051
8 0.9654028436018958 0.7582938388625592 0.06919431279620854 0.09289099526066351
9 0.9739336492890995 0.70521327014218 0.052132701421800945 0.06635071090047394
9 0.9691943127962085 0.6658767772511849 0.061611374407582936 0.06350710900473934
1 0.8042654028436019 0.5545023696682464 0.05971563981042654 0.04928909952606635
1 0.9715639810426541 0.6189573459715639 0.05687203791469194 0.06445497630331753
6 0.8890995260663507 0.5530805687203791 0.06635071090047394 0.046445497630331754
6 0.9350710900473934 0.5639810426540285 0.06729857819905213 0.06824644549763033
6 0.8440758293838863 0.5488151658767773 0.05781990521327014 0.037914691943127965
6 0.9545023696682464 0.590521327014218 0.04170616113744076 0.043601895734597156