9 0.18909952606635072 0.01800947867298578 0.061611374407582936 0.03601895734597156
9 0.4829383886255924 0.025592417061611375 0.061611374407582936 0.05118483412322275
9 0.44218009478672987 0.04928909952606635 0.05971563981042654 0.06729857819905213
1 0.404739336492891 0.07914691943127962 0.055924170616113746 0.07014218009478673
6 0.36587677725118484 0.0938388625592417 0.055924170616113746 0.06919431279620854
6 0.24834123222748816 0.07345971563981042 0.058767772511848344 0.07014218009478673
1 0.21658767772511847 0.047867298578199054 0.06540284360189573 0.06540284360189573
3 0.3194312796208531 0.08767772511848342 0.03981042654028436 0.06824644549763033
3 0.2890995260663507 0.08436018957345971 0.03981042654028436 0.06255924170616113
8 0.7274881516587678 0.3981042654028436 0.08341232227488152 0.08341232227488152
8 0.6691943127962086 0.44502369668246444 0.08151658767772511 0.0881516587677725
9 0.6222748815165877 0.46492890995260666 0.04454976303317536 0.04834123222748815
8 0.25308056872037915 0.6488151658767772 0.07772511848341232 0.07962085308056872
4 0.22464454976303316 0.7004739336492891 0.03981042654028436 0.03696682464454976
9 0.21421800947867298 0.7426540284360189 0.054976303317535544 0.05687203791469194
1 0.1853080568720379 0.7838862559241706 0.05402843601895735 0.058767772511848344
1 0.02132701421800948 0.7895734597156399 0.04265402843601896 0.06445497630331753
6 0.04549763033175355 0.814218009478673 0.04928909952606635 0.06445497630331753
6 0.08483412322274882 0.8213270142180095 0.04549763033175355 0.058767772511848344
6 0.12464454976303317 0.8175355450236966 0.046445497630331754 0.058767772511848344
6 0.16066350710900473 0.8085308056872038 0.05402843601895735 0.061611374407582936
8 0.9748815165876777 0.5099526066350711 0.05023696682464455 0.04170616113744076
8 0.9355450236966825 0.5355450236966824 0.08720379146919431 0.08625592417061612
9 0.6592417061611374 0.5132701421800948 0.06350710900473934 0.04834123222748815
9 0.8838862559241706 0.5649289099526066 0.05687203791469194 0.06540284360189573
9 0.8454976303317535 0.5938388625592417 0.058767772511848344 0.061611374407582936
1 0.8075829383886256 0.6080568720379147 0.04834123222748815 0.06540284360189573
6 0.7691943127962085 0.6180094786729858 0.046445497630331754 0.06066350710900474
6 0.7369668246445498 0.6137440758293838 0.03886255924170616 0.05971563981042654
6 0.714218009478673 0.5971563981042654 0.04265402843601896 0.05971563981042654
6 0.685781990521327 0.5824644549763033 0.04549763033175355 0.05687203791469194
1 0.6625592417061611 0.5516587677725119 0.04739336492890995 0.05402843601895735