8 0.6080568720379147 0.385781990521327 0.08341232227488152 0.06824644549763033
2 0.6061611374407583 0.2862559241706161 0.06919431279620854 0.05687203791469194
9 0.6018957345971564 0.22748815165876776 0.06729857819905213 0.05971563981042654
9 0.6075829383886255 0.1791469194312796 0.07298578199052133 0.05781990521327014
8 0.2909952606635071 0.26398104265402844 0.07582938388625593 0.07488151658767772
8 0.2772511848341232 0.31563981042654027 0.06350710900473934 0.06445497630331753
8 0.31990521327014215 0.21184834123222748 0.06540284360189573 0.07298578199052133
9 0.35118483412322277 0.16445497630331754 0.06445497630331753 0.06540284360189573
9 0.37156398104265403 0.11990521327014218 0.06445497630331753 0.06066350710900474
1 0.5990521327014218 0.12464454976303317 0.06350710900473934 0.06066350710900474
1 0.4 0.08199052132701422 0.05308056872037915 0.06445497630331753
6 0.43601895734597157 0.054976303317535544 0.05308056872037915 0.06540284360189573
6 0.4843601895734597 0.03886255924170616 0.05781990521327014 0.06445497630331753
6 0.5355450236966824 0.053554502369668244 0.05971563981042654 0.06729857819905213
6 0.5729857819905213 0.08578199052132701 0.05687203791469194 0.06445497630331753
8 0.7327014218009479 0.13317535545023695 0.06824644549763033 0.06824644549763033
8 0.7203791469194313 0.2 0.06255924170616113 0.08341232227488152
9 0.7118483412322275 0.25308056872037915 0.04549763033175355 0.06066350710900474
9 0.704739336492891 0.2981042654028436 0.031279620853080566 0.05402843601895735
1 0.695260663507109 0.33317535545023697 0.012322274881516588 0.05402843601895735
8 0.34407582938388626 0.7398104265402844 0.1004739336492891 0.0966824644549763
8 0.3080568720379147 0.8090047393364929 0.10710900473933649 0.09573459715639811
9 0.2734597156398104 0.8644549763033176 0.08056872037914692 0.07962085308056872
9 0.2502369668246445 0.9109004739336493 0.07867298578199051 0.07393364928909953
1 0.23981042654028437 0.9677725118483412 0.07962085308056872 0.06445497630331753
8 0.9549763033175356 0.852132701421801 0.05971563981042654 0.06255924170616113
8 0.9601895734597157 0.9090047393364928 0.06350710900473934 0.06445497630331753
9 0.9748815165876777 0.9587677725118483 0.05023696682464455 0.052132701421800945
9 0.9834123222748815 0.9895734597156398 0.03317535545023697 0.02085308056872038