8 0.45355450236966827 0.13127962085308056 0.09194312796208531 0.08436018957345971
3 0.381042654028436 0.16161137440758294 0.043601895734597156 0.04170616113744076
9 0.3194312796208531 0.14739336492890995 0.061611374407582936 0.07393364928909953
9 0.2729857819905213 0.15023696682464455 0.05781990521327014 0.06824644549763033
1 0.22890995260663508 0.13696682464454976 0.05781990521327014 0.06635071090047394
6 0.19194312796208532 0.11090047393364928 0.05118483412322275 0.05308056872037915
6 0.16872037914691942 0.08436018957345971 0.04265402843601896 0.05402843601895735
8 0.5492890995260663 0.2009478672985782 0.05971563981042654 0.08151658767772511
9 0.5890995260663507 0.22464454976303316 0.05687203791469194 0.06445497630331753
9 0.624170616113744 0.24502369668246446 0.058767772511848344 0.06445497630331753
1 0.6658767772511849 0.24976303317535545 0.05402843601895735 0.058767772511848344
6 0.6995260663507109 0.24407582938388625 0.05118483412322275 0.043601895734597156
6 0.7232227488151659 0.23507109004739338 0.05402843601895735 0.046445497630331754
6 0.7431279620853081 0.21706161137440758 0.04739336492890995 0.03601895734597156
9 0.33222748815165876 0.9872037914691943 0.061611374407582936 0.025592417061611375
1 0.2881516587677725 0.9843601895734597 0.058767772511848344 0.031279620853080566
6 0.24265402843601896 0.9848341232227488 0.058767772511848344 0.03033175355450237
6 0.20900473933649288 0.9848341232227488 0.06919431279620854 0.03033175355450237
8 0.8436018957345972 0.6345971563981042 0.07582938388625593 0.07582938388625593
8 0.8744075829383886 0.6834123222748815 0.07772511848341232 0.07962085308056872
9 0.9018957345971564 0.7260663507109004 0.061611374407582936 0.05971563981042654
9 0.9322274881516588 0.7635071090047393 0.06066350710900474 0.06350710900473934
1 0.9682464454976303 0.7881516587677725 0.05308056872037915 0.06255924170616113
6 0.990521327014218 0.8004739336492891 0.018957345971563982 0.06350710900473934