8 0.6075829383886255 0.04265402843601896 0.07962085308056872 0.08151658767772511
8 0.5402843601895735 0.029383886255924172 0.07582938388625593 0.058767772511848344
9 0.4777251184834123 0.025592417061611375 0.05687203791469194 0.05118483412322275
9 0.43033175355450237 0.012322274881516588 0.054976303317535544 0.024644549763033177
1 0.3848341232227488 0.011848341232227487 0.043601895734597156 0.023696682464454975
6 0.34834123222748814 0.014218009478672985 0.046445497630331754 0.02843601895734597
6 0.33175355450236965 0.03981042654028436 0.046445497630331754 0.037914691943127965
4 0.17298578199052134 0.6189573459715639 0.03981042654028436 0.04075829383886256
8 0.24312796208530807 0.6336492890995261 0.07867298578199051 0.07962085308056872
9 0.33270142180094786 0.657345971563981 0.046445497630331754 0.05781990521327014
1 0.37203791469194314 0.662085308056872 0.04454976303317536 0.06255924170616113
6 0.4071090047393365 0.6469194312796208 0.03222748815165877 0.046445497630331754
6 0.42938388625592416 0.6279620853080569 0.029383886255924172 0.046445497630331754
9 0.2919431279620853 0.6511848341232227 0.04454976303317536 0.05781990521327014
4 0.8497630331753554 0.45829383886255926 0.05308056872037915 0.05687203791469194
2 0.8696682464454977 0.5578199052132702 0.0976303317535545 0.0966824644549763
9 0.8791469194312796 0.647867298578199 0.08720379146919431 0.07962085308056872
9 0.8796208530805687 0.7146919431279621 0.08341232227488152 0.07582938388625593
6 0.7530805687203791 0.875829383886256 0.046445497630331754 0.058767772511848344
6 0.7943127962085308 0.8573459715639811 0.06540284360189573 0.05971563981042654
6 0.842654028436019 0.8270142180094787 0.06445497630331753 0.06445497630331753
1 0.8644549763033176 0.7772511848341233 0.0881516587677725 0.08246445497630332