3 0.07867298578199051 0.22843601895734597 0.04549763033175355 0.04549763033175355
3 0.06824644549763033 0.28104265402843603 0.04454976303317536 0.04549763033175355
8 0.4928909952606635 0.08151658767772511 0.16303317535545023 0.14312796208530806
8 0.48104265402843605 0.025592417061611375 0.14312796208530806 0.05118483412322275
8 0.1943127962085308 0.5450236966824644 0.06445497630331753 0.06824644549763033
9 0.23459715639810427 0.523696682464455 0.054976303317535544 0.06350710900473934
9 0.27440758293838863 0.5061611374407583 0.05781990521327014 0.06445497630331753
1 0.3085308056872038 0.4867298578199052 0.04265402843601896 0.05781990521327014
8 0.7170616113744076 0.5383886255924171 0.08246445497630332 0.0881516587677725
9 0.6625592417061611 0.5327014218009478 0.06255924170616113 0.07772511848341232
4 0.6222748815165877 0.5445497630331754 0.03886255924170616 0.04075829383886256
1 0.5672985781990522 0.5393364928909953 0.06729857819905213 0.06919431279620854
6 0.5180094786729857 0.547867298578199 0.06066350710900474 0.06635071090047394
6 0.4838862559241706 0.5710900473933649 0.07488151658767772 0.07203791469194312
6 0.45639810426540284 0.6175355450236967 0.07203791469194312 0.07488151658767772