8 0.09194312796208531 0.35402843601895734 0.09194312796208531 0.1023696682464455
8 0.41706161137440756 0.5052132701421801 0.0947867298578199 0.0881516587677725
8 0.4246445497630332 0.43507109004739336 0.09194312796208531 0.09004739336492891
8 0.13744075829383887 0.2933649289099526 0.0947867298578199 0.10426540284360189
9 0.209478672985782 0.22654028436018958 0.07867298578199051 0.07582938388625593
9 0.43507109004739336 0.33933649289099527 0.0881516587677725 0.06635071090047394
6 0.2853080568720379 0.1981042654028436 0.05118483412322275 0.06635071090047394
6 0.3246445497630332 0.1962085308056872 0.058767772511848344 0.07109004739336493
6 0.3696682464454976 0.22180094786729856 0.06824644549763033 0.07203791469194312
6 0.3985781990521327 0.24691943127962085 0.05687203791469194 0.06635071090047394
1 0.41753554502369666 0.2791469194312796 0.07298578199052133 0.07488151658767772
8 0.7227488151658767 0.4881516587677725 0.09004739336492891 0.0881516587677725
8 0.7928909952606635 0.4819905213270142 0.07582938388625593 0.07582938388625593
9 0.8464454976303317 0.47535545023696685 0.05687203791469194 0.06350710900473934
9 0.8900473933649289 0.4815165876777251 0.061611374407582936 0.06350710900473934
1 0.9293838862559242 0.4995260663507109 0.05687203791469194 0.06255924170616113
6 0.9535545023696682 0.5298578199052133 0.05402843601895735 0.055924170616113746
6 0.9715639810426541 0.5530805687203791 0.05687203791469194 0.04834123222748815
1 0.03033175355450237 0.8398104265402844 0.06066350710900474 0.07772511848341232
6 0.00900473933649289 0.8127962085308057 0.01800947867298578 0.061611374407582936
5 0.08199052132701422 0.8213270142180095 0.043601895734597156 0.04454976303317536
3 0.13696682464454976 0.8222748815165877 0.03696682464454976 0.037914691943127965
8 0.7099526066350711 0.6630331753554503 0.08341232227488152 0.027488151658767772