8 0.2042654028436019 0.3966824644549763 0.08909952606635071 0.09004739336492891
8 0.21800947867298578 0.4431279620853081 0.08720379146919431 0.052132701421800945
8 0.5834123222748815 0.36777251184834125 0.08436018957345971 0.07677725118483412
8 0.566824644549763 0.42985781990521327 0.08530805687203792 0.07867298578199051
9 0.5450236966824644 0.4611374407582938 0.07203791469194312 0.016113744075829384
8 0.8056872037914692 0.3042654028436019 0.05308056872037915 0.08720379146919431
8 0.795734597156398 0.36492890995260663 0.03317535545023697 0.07393364928909953
8 0.7848341232227488 0.41232227488151657 0.011374407582938388 0.05308056872037915
2 0.2976303317535545 0.6431279620853081 0.05687203791469194 0.06824644549763033
8 0.6834123222748815 0.5379146919431279 0.10426540284360189 0.1080568720379147
9 0.64739336492891 0.6175355450236967 0.08436018957345971 0.08056872037914692
9 0.6199052132701421 0.671563981042654 0.06919431279620854 0.07109004739336493
9 0.3170616113744076 0.7165876777251184 0.08151658767772511 0.0938388625592417
1 0.37772511848341234 0.7369668246445498 0.08909952606635071 0.0947867298578199
3 0.6862559241706161 0.4781990521327014 0.06255924170616113 0.01800947867298578
3 0.2075829383886256 0.4981042654028436 0.07014218009478673 0.05781990521327014
1 0.5909952606635072 0.7255924170616114 0.07109004739336493 0.07298578199052133
6 0.4213270142180095 0.7862559241706161 0.06066350710900474 0.04834123222748815
6 0.4611374407582938 0.7914691943127962 0.06350710900473934 0.05023696682464455
6 0.5109004739336492 0.7867298578199052 0.06255924170616113 0.052132701421800945
6 0.5521327014218009 0.7644549763033175 0.05971563981042654 0.05308056872037915
8 0.9270142180094787 0.5488151658767773 0.10710900473933649 0.1080568720379147
9 0.8876777251184834 0.6028436018957346 0.06540284360189573 0.06824644549763033
9 0.8611374407582938 0.6440758293838863 0.06445497630331753 0.06540284360189573
1 0.8260663507109005 0.6654028436018957 0.05687203791469194 0.07014218009478673
0 0.7881516587677725 0.6691943127962086 0.01800947867298578 0.04928909952606635