9 0.3886255924170616 0.46966824644549765 0.022748815165876776 0.07109004739336493
9 0.36113744075829385 0.4758293838862559 0.04928909952606635 0.07393364928909953
1 0.3165876777251185 0.4819905213270142 0.05118483412322275 0.06540284360189573
6 0.27061611374407585 0.4848341232227488 0.05023696682464455 0.06066350710900474
6 0.23175355450236967 0.46872037914691944 0.055924170616113746 0.058767772511848344
8 0.6118483412322275 0.44549763033175355 0.07867298578199051 0.07962085308056872
8 0.6431279620853081 0.5071090047393365 0.07582938388625593 0.08436018957345971
8 0.966350710900474 0.3194312796208531 0.06729857819905213 0.06635071090047394
8 0.966350710900474 0.38436018957345974 0.06729857819905213 0.07109004739336493
9 0.9639810426540284 0.44218009478672987 0.06540284360189573 0.05402843601895735
9 0.9620853080568721 0.4924170616113744 0.06350710900473934 0.05687203791469194
9 0.6924170616113744 0.5298578199052133 0.05402843601895735 0.03981042654028436
1 0.9327014218009478 0.5293838862559241 0.06255924170616113 0.04075829383886256
8 0.14123222748815165 0.8563981042654029 0.07488151658767772 0.0909952606635071
8 0.07535545023696683 0.8819905213270142 0.08436018957345971 0.08720379146919431
9 0.021800947867298578 0.8933649289099526 0.043601895734597156 0.06919431279620854
8 0.5066350710900474 0.9900473933649289 0.07488151658767772 0.01990521327014218
8 0.7758293838862559 0.8696682464454977 0.07298578199052133 0.07203791469194312
8 0.7895734597156399 0.9303317535545024 0.06729857819905213 0.07488151658767772
9 0.7976303317535545 0.9796208530805687 0.055924170616113746 0.04075829383886256