8 0.23222748815165878 0.055924170616113746 0.06540284360189573 0.06445497630331753
8 0.25402843601895736 0.11469194312796209 0.07014218009478673 0.06540284360189573
9 0.2777251184834123 0.16445497630331754 0.05402843601895735 0.05781990521327014
4 0.35402843601895734 0.2132701421800948 0.03033175355450237 0.02843601895734597
4 0.32132701421800947 0.1957345971563981 0.02843601895734597 0.03033175355450237
4 0.7853080568720379 0.5308056872037915 0.037914691943127965 0.037914691943127965
4 0.8085308056872038 0.48530805687203793 0.03981042654028436 0.03981042654028436
9 0.8222748815165877 0.43507109004739336 0.06255924170616113 0.05402843601895735
9 0.8222748815165877 0.39478672985781993 0.06445497630331753 0.04739336492890995
1 0.8236966824644549 0.35402843601895734 0.05402843601895735 0.046445497630331754
6 0.8132701421800947 0.318957345971564 0.04739336492890995 0.04928909952606635
6 0.7919431279620853 0.2862559241706161 0.05402843601895735 0.06255924170616113
6 0.752132701421801 0.2677725118483412 0.055924170616113746 0.06350710900473934
6 0.7123222748815166 0.26966824644549764 0.04454976303317536 0.05687203791469194
1 0.6725118483412322 0.266824644549763 0.046445497630331754 0.054976303317535544
9 0.6398104265402843 0.285781990521327 0.054976303317535544 0.06445497630331753
9 0.6018957345971564 0.304739336492891 0.05402843601895735 0.06540284360189573
8 0.5616113744075829 0.3350710900473934 0.07677725118483412 0.08436018957345971
8 0.5184834123222749 0.3815165876777251 0.08530805687203792 0.08625592417061612
9 0.00995260663507109 0.9601895734597157 0.01990521327014218 0.05308056872037915
9 0.204739336492891 0.9037914691943127 0.05971563981042654 0.05118483412322275
9 0.1966824644549763 0.9445497630331754 0.058767772511848344 0.05118483412322275
1 0.17393364928909952 0.9739336492890995 0.052132701421800945 0.052132701421800945
1 0.023696682464454975 0.9824644549763033 0.04739336492890995 0.035071090047393366
6 0.14312796208530806 0.9881516587677726 0.043601895734597156 0.023696682464454975
8 0.7308056872037915 0.8080568720379147 0.08246445497630332 0.08720379146919431
8 0.6872037914691943 0.7649289099526067 0.08341232227488152 0.08341232227488152
9 0.638388625592417 0.7355450236966825 0.055924170616113746 0.06350710900473934
2 0.6 0.7227488151658767 0.04834123222748815 0.052132701421800945
8 0.43886255924170614 0.9454976303317536 0.07772511848341232 0.08056872037914692
9 0.42843601895734595 0.885308056872038 0.06255924170616113 0.04928909952606635
9 0.4132701421800948 0.8417061611374408 0.06540284360189573 0.05781990521327014
1 0.41137440758293836 0.7990521327014218 0.058767772511848344 0.052132701421800945
1 0.5454976303317536 0.7180094786729858 0.05781990521327014 0.05687203791469194
6 0.4109004739336493 0.747867298578199 0.06729857819905213 0.05781990521327014
6 0.43601895734597157 0.7218009478672985 0.06919431279620854 0.07488151658767772
6 0.4933649289099526 0.7199052132701422 0.055924170616113746 0.052132701421800945
6 0.5170616113744075 0.6838862559241706 0.04739336492890995 0.04834123222748815