8 0.3341232227488152 0.22322274881516588 0.1004739336492891 0.10900473933649289
9 0.314218009478673 0.2985781990521327 0.08151658767772511 0.07677725118483412
9 0.024170616113744076 0.4327014218009479 0.04834123222748815 0.03317535545023697
9 0.3023696682464455 0.3706161137440758 0.0881516587677725 0.08246445497630332
6 0.24549763033175356 0.43364928909952605 0.06824644549763033 0.031279620853080566
1 0.28720379146919434 0.418957345971564 0.08151658767772511 0.06066350710900474
9 0.5109004739336492 0.05639810426540284 0.022748815165876776 0.05781990521327014
9 0.5274881516587677 0.08436018957345971 0.055924170616113746 0.054976303317535544
9 0.7407582938388626 0.016587677725118485 0.05402843601895735 0.03317535545023697
9 0.7279620853080568 0.04928909952606635 0.06066350710900474 0.055924170616113746
1 0.5521327014218009 0.12369668246445498 0.04739336492890995 0.04928909952606635
1 0.7156398104265402 0.08767772511848342 0.05308056872037915 0.04454976303317536
6 0.6919431279620853 0.11658767772511848 0.05023696682464455 0.04454976303317536
6 0.6725118483412322 0.13507109004739337 0.04549763033175355 0.04075829383886256
6 0.6289099526066351 0.13459715639810427 0.04739336492890995 0.04834123222748815
6 0.5938388625592417 0.13459715639810427 0.046445497630331754 0.052132701421800945
8 0.08436018957345971 0.9796208530805687 0.07014218009478673 0.04075829383886256
9 0.09146919431279621 0.9445497630331754 0.04834123222748815 0.04549763033175355
9 0.095260663507109 0.8962085308056872 0.05308056872037915 0.04928909952606635
8 0.38341232227488153 0.9772511848341232 0.061611374407582936 0.04549763033175355
8 0.34739336492890993 0.9360189573459715 0.06255924170616113 0.06445497630331753
9 0.31563981042654027 0.8924170616113745 0.043601895734597156 0.04075829383886256
9 0.31469194312796206 0.8454976303317535 0.043601895734597156 0.04739336492890995
1 0.10995260663507109 0.8540284360189574 0.05402843601895735 0.04739336492890995
6 0.14928909952606634 0.8388625592417062 0.03696682464454976 0.04549763033175355
6 0.17772511848341233 0.8251184834123223 0.034123222748815164 0.03981042654028436
6 0.2123222748815166 0.8113744075829384 0.029383886255924172 0.03601895734597156
6 0.24075829383886255 0.8165876777251185 0.03886255924170616 0.04454976303317536
1 0.27535545023696684 0.8279620853080568 0.04265402843601896 0.052132701421800945
8 0.8137440758293839 0.6066350710900474 0.07298578199052133 0.07203791469194312
8 0.8369668246445497 0.6545023696682465 0.07393364928909953 0.07677725118483412
2 0.9900473933649289 0.8199052132701422 0.01990521327014218 0.05308056872037915
2 0.9535545023696682 0.8056872037914692 0.03696682464454976 0.05118483412322275
2 0.9113744075829384 0.7753554502369668 0.03601895734597156 0.03981042654028436
9 0.885781990521327 0.7369668246445498 0.06445497630331753 0.06350710900473934
2 0.8582938388625593 0.6990521327014217 0.04834123222748815 0.04170616113744076