9 0.46350710900473935 0.4772511848341232 0.11753554502369669 0.06540284360189573
2 0.04881516587677725 0.47345971563981043 0.0881516587677725 0.07298578199052133
2 0.3350710900473934 0.34502369668246446 0.07772511848341232 0.0881516587677725
2 0.42985781990521327 0.43507109004739336 0.07488151658767772 0.07393364928909953
8 0.8303317535545024 0.025592417061611375 0.07582938388625593 0.05118483412322275
9 0.8251184834123223 0.06350710900473934 0.06255924170616113 0.05781990521327014
9 0.8232227488151659 0.10995260663507109 0.054976303317535544 0.058767772511848344
8 0.6018957345971564 0.07867298578199051 0.024644549763033177 0.08720379146919431
9 0.6118483412322275 0.11848341232227488 0.04454976303317536 0.058767772511848344
9 0.6156398104265403 0.16398104265402844 0.052132701421800945 0.06066350710900474
1 0.814218009478673 0.14976303317535544 0.05781990521327014 0.055924170616113746
6 0.7815165876777251 0.16966824644549763 0.05118483412322275 0.05308056872037915
6 0.7483412322274882 0.1815165876777251 0.054976303317535544 0.05687203791469194
6 0.7137440758293839 0.19146919431279621 0.04265402843601896 0.052132701421800945
6 0.6824644549763034 0.1895734597156398 0.04834123222748815 0.05118483412322275
1 0.6454976303317536 0.1843601895734597 0.04834123222748815 0.05781990521327014
8 0.5725118483412323 0.8497630331753554 0.034123222748815164 0.08246445497630332
8 0.5322274881516588 0.8454976303317535 0.07488151658767772 0.08056872037914692
9 0.47962085308056873 0.8412322274881516 0.054976303317535544 0.06729857819905213
9 0.43364928909952605 0.8421800947867298 0.05971563981042654 0.06635071090047394
1 0.3853080568720379 0.8436018957345972 0.061611374407582936 0.05971563981042654
6 0.34265402843601894 0.861611374407583 0.05971563981042654 0.05971563981042654
6 0.3066350710900474 0.8890995260663507 0.07203791469194312 0.06350710900473934
9 0.7109004739336493 0.833175355450237 0.06824644549763033 0.04928909952606635
9 0.6947867298578199 0.795734597156398 0.07298578199052133 0.06066350710900474
1 0.6777251184834123 0.7554502369668247 0.058767772511848344 0.05308056872037915
6 0.6109004739336493 0.7118483412322275 0.04265402843601896 0.058767772511848344
6 0.6454976303317536 0.718957345971564 0.05023696682464455 0.05687203791469194