3 0.3867298578199052 0.176303317535545 0.06350710900473934 0.058767772511848344
2 0.3127962085308057 0.18246445497630331 0.0966824644549763 0.10900473933649289
9 0.46398104265402845 0.12369668246445498 0.0909952606635071 0.1004739336492891
1 0.5374407582938389 0.0962085308056872 0.08720379146919431 0.0985781990521327
6 0.5928909952606635 0.10758293838862559 0.07298578199052133 0.0995260663507109
8 0.8559241706161137 0.24028436018957347 0.07677725118483412 0.07582938388625593
8 0.8052132701421801 0.2739336492890995 0.07772511848341232 0.07677725118483412
9 0.762085308056872 0.3018957345971564 0.06919431279620854 0.06445497630331753
9 0.7170616113744076 0.32085308056872036 0.061611374407582936 0.05971563981042654
1 0.6777251184834123 0.3298578199052133 0.05687203791469194 0.05971563981042654
6 0.6450236966824645 0.32085308056872036 0.031279620853080566 0.04834123222748815
8 0.22511848341232227 0.7085308056872038 0.0909952606635071 0.08246445497630332
9 0.21658767772511847 0.6597156398104266 0.07014218009478673 0.061611374407582936
9 0.2132701421800948 0.614691943127962 0.07582938388625593 0.06540284360189573
1 0.209478672985782 0.5682464454976304 0.06540284360189573 0.06066350710900474
6 0.2213270142180095 0.5213270142180095 0.061611374407582936 0.05402843601895735
6 0.23838862559241705 0.4786729857819905 0.06729857819905213 0.07393364928909953
6 0.2848341232227488 0.45592417061611373 0.06824644549763033 0.06919431279620854
6 0.33696682464454975 0.45876777251184836 0.058767772511848344 0.06066350710900474
1 0.381042654028436 0.4706161137440758 0.05971563981042654 0.06255924170616113
9 0.4146919431279621 0.495260663507109 0.06729857819905213 0.06540284360189573
9 0.44976303317535543 0.5203791469194313 0.06066350710900474 0.06066350710900474
2 0.4725118483412322 0.5511848341232227 0.06540284360189573 0.07109004739336493
8 0.909952606635071 0.8995260663507109 0.1061611374407583 0.0995260663507109
8 0.9071090047393365 0.8236966824644549 0.0976303317535545 0.0995260663507109
9 0.9028436018957346 0.7654028436018957 0.08151658767772511 0.07109004739336493
9 0.8924170616113745 0.7208530805687203 0.08246445497630332 0.07298578199052133
9 0.637914691943128 0.6843601895734597 0.017061611374407582 0.07582938388625593
9 0.6526066350710901 0.6549763033175355 0.046445497630331754 0.07393364928909953
1 0.6781990521327014 0.6327014218009479 0.06445497630331753 0.07582938388625593
1 0.8753554502369668 0.6744075829383887 0.06919431279620854 0.07298578199052133
4 0.8327014218009479 0.6701421800947868 0.03696682464454976 0.03696682464454976
4 0.7317535545023697 0.6412322274881517 0.03317535545023697 0.03886255924170616