8 0.10284360189573459 0.15592417061611374 0.14407582938388624 0.14218009478672985
8 0.15165876777251186 0.2559241706161137 0.12701421800947868 0.12985781990521328
9 0.18578199052132702 0.3345971563981043 0.1004739336492891 0.1023696682464455
9 0.22369668246445498 0.3966824644549763 0.09289099526066351 0.0985781990521327
1 0.28199052132701424 0.4312796208530806 0.09289099526066351 0.10900473933649289
6 0.33175355450236965 0.42938388625592416 0.07488151658767772 0.09289099526066351
6 0.37156398104265403 0.43459715639810426 0.07582938388625593 0.0881516587677725
6 0.3924170616113744 0.42417061611374407 0.034123222748815164 0.08246445497630332
9 0.7251184834123223 0.00900473933649289 0.06824644549763033 0.01800947867298578
8 0.44407582938388623 0.03696682464454976 0.06919431279620854 0.07393364928909953
9 0.45734597156398105 0.07582938388625593 0.06445497630331753 0.06824644549763033
9 0.4886255924170616 0.11042654028436019 0.06445497630331753 0.07393364928909953
1 0.7 0.07962085308056872 0.07772511848341232 0.07677725118483412
6 0.6781990521327014 0.12037914691943127 0.052132701421800945 0.052132701421800945
6 0.647867298578199 0.13744075829383887 0.05023696682464455 0.05308056872037915
6 0.6137440758293838 0.14644549763033177 0.052132701421800945 0.055924170616113746
6 0.5791469194312796 0.14786729857819905 0.05402843601895735 0.06066350710900474
1 0.5369668246445498 0.13317535545023695 0.06824644549763033 0.08341232227488152
8 0.34265402843601894 0.776303317535545 0.07677725118483412 0.07582938388625593
8 0.3881516587677725 0.7791469194312797 0.04265402843601896 0.07962085308056872
5 0.776303317535545 0.7203791469194313 0.04549763033175355 0.043601895734597156
3 0.7497630331753554 0.7668246445497631 0.04075829383886256 0.04265402843601896
5 0.7175355450236967 0.8099526066350711 0.04454976303317536 0.043601895734597156
6 0.9777251184834124 0.609478672985782 0.04454976303317536 0.07393364928909953
6 0.9393364928909953 0.5909952606635072 0.07582938388625593 0.08530805687203792
6 0.8824644549763033 0.5867298578199052 0.07488151658767772 0.08625592417061612
6 0.8421800947867298 0.6033175355450237 0.07014218009478673 0.07867298578199051
1 0.8080568720379147 0.6350710900473934 0.08720379146919431 0.09194312796208531