8 0.2 0.0981042654028436 0.12796208530805686 0.12606635071090047
9 0.17725118483412322 0.18388625592417063 0.0976303317535545 0.08909952606635071
9 0.16919431279620853 0.24881516587677724 0.08246445497630332 0.07772511848341232
1 0.15781990521327013 0.30995260663507107 0.09289099526066351 0.08625592417061612
6 0.12890995260663507 0.35592417061611376 0.08720379146919431 0.07962085308056872
6 0.1033175355450237 0.38293838862559243 0.07867298578199051 0.07867298578199051
6 0.06350710900473934 0.3990521327014218 0.08246445497630332 0.08530805687203792
6 0.027488151658767772 0.4009478672985782 0.054976303317535544 0.08151658767772511
8 0.8099526066350711 0.33364928909952607 0.09004739336492891 0.09004739336492891
8 0.5739336492890995 0.26066350710900477 0.07298578199052133 0.07393364928909953
9 0.571563981042654 0.3004739336492891 0.061611374407582936 0.055924170616113746
9 0.5748815165876777 0.33222748815165876 0.05687203791469194 0.04928909952606635
9 0.7734597156398104 0.3691943127962085 0.061611374407582936 0.06350710900473934
9 0.7412322274881517 0.3943127962085308 0.06350710900473934 0.06824644549763033
1 0.704265402843602 0.4199052132701422 0.05971563981042654 0.06540284360189573
1 0.5734597156398105 0.3758293838862559 0.06445497630331753 0.06350710900473934
6 0.6654028436018957 0.4137440758293839 0.043601895734597156 0.05023696682464455
6 0.6355450236966824 0.41706161137440756 0.04265402843601896 0.04739336492890995
6 0.6132701421800948 0.4052132701421801 0.05023696682464455 0.05023696682464455
6 0.5815165876777251 0.4004739336492891 0.04170616113744076 0.046445497630331754
8 0.8061611374407583 0.9639810426540284 0.0881516587677725 0.07203791469194312