3 0.4431279620853081 0.23696682464454977 0.052132701421800945 0.06635071090047394
9 0.34928909952606635 0.21421800947867298 0.1004739336492891 0.10426540284360189
1 0.2241706161137441 0.22274881516587677 0.1004739336492891 0.0985781990521327
6 0.1734597156398104 0.1881516587677725 0.0966824644549763 0.0909952606635071
6 0.13838862559241707 0.13886255924170615 0.12701421800947868 0.11184834123222749
8 0.990521327014218 0.17251184834123223 0.018957345971563982 0.08530805687203792
8 0.957345971563981 0.15639810426540285 0.07677725118483412 0.08056872037914692
8 0.8985781990521327 0.13838862559241707 0.07488151658767772 0.07582938388625593
9 0.8473933649289099 0.13222748815165877 0.054976303317535544 0.061611374407582936
9 0.8080568720379147 0.12606635071090047 0.052132701421800945 0.06255924170616113
1 0.7691943127962085 0.11563981042654028 0.05781990521327014 0.07014218009478673
6 0.7407582938388626 0.104739336492891 0.054976303317535544 0.06350710900473934
6 0.7151658767772512 0.0881516587677725 0.052132701421800945 0.06255924170616113
8 0.25497630331753557 0.9853080568720379 0.08530805687203792 0.029383886255924172
8 0.22369668246445498 0.9601895734597157 0.08720379146919431 0.07962085308056872
9 0.1853080568720379 0.9298578199052133 0.06445497630331753 0.07109004739336493
9 0.15260663507109004 0.8985781990521327 0.06919431279620854 0.06824644549763033
1 0.12132701421800948 0.8725118483412322 0.05687203791469194 0.061611374407582936
6 0.08009478672985781 0.8597156398104265 0.05781990521327014 0.058767772511848344
6 0.03886255924170616 0.8454976303317535 0.06919431279620854 0.07582938388625593
6 0.01800947867298578 0.8625592417061612 0.03601895734597156 0.07203791469194312
6 0.008530805687203791 0.8971563981042654 0.017061611374407582 0.05781990521327014
9 0.638388625592417 0.5146919431279621 0.06729857819905213 0.03033175355450237
9 0.6535545023696683 0.5407582938388625 0.06635071090047394 0.06350710900473934
1 0.666824644549763 0.5933649289099526 0.06445497630331753 0.06445497630331753
6 0.6900473933649289 0.6218009478672986 0.058767772511848344 0.06255924170616113
6 0.7175355450236967 0.6402843601895735 0.05023696682464455 0.06066350710900474
6 0.7464454976303317 0.6459715639810426 0.04928909952606635 0.05971563981042654
6 0.7848341232227488 0.6436018957345971 0.055924170616113746 0.061611374407582936
1 0.8227488151658767 0.6322274881516587 0.05687203791469194 0.06445497630331753
9 0.8559241706161137 0.6033175355450237 0.06255924170616113 0.06350710900473934
8 0.9142180094786729 0.5260663507109005 0.09194312796208531 0.05308056872037915