8 0.46161137440758293 0.2127962085308057 0.07582938388625593 0.08246445497630332
8 0.414218009478673 0.17867298578199053 0.07582938388625593 0.08246445497630332
8 0.37203791469194314 0.14123222748815165 0.09573459715639811 0.0995260663507109
1 0.2682464454976303 0.09052132701421801 0.07677725118483412 0.08720379146919431
6 0.21658767772511847 0.09573459715639811 0.06824644549763033 0.07488151658767772
6 0.16729857819905214 0.12938388625592417 0.08530805687203792 0.08720379146919431
6 0.10710900473933649 0.16682464454976303 0.08720379146919431 0.09004739336492891
6 0.058767772511848344 0.21469194312796208 0.07393364928909953 0.08436018957345971
3 0.7023696682464455 0.1734597156398104 0.043601895734597156 0.043601895734597156
3 0.7327014218009479 0.21706161137440758 0.046445497630331754 0.04549763033175355
3 0.8009478672985783 0.2672985781990521 0.04834123222748815 0.05118483412322275
8 0.9691943127962085 0.036492890995260666 0.061611374407582936 0.07298578199052133
9 0.9834123222748815 0.08341232227488152 0.03317535545023697 0.054976303317535544
9 0.9881516587677726 0.12890995260663507 0.023696682464454975 0.06255924170616113
6 0.9862559241706161 0.2843601895734597 0.027488151658767772 0.08720379146919431
6 0.9578199052132701 0.3118483412322275 0.07203791469194312 0.06729857819905213
6 0.8981042654028436 0.3165876777251185 0.06255924170616113 0.06635071090047394
1 0.8511848341232228 0.3056872037914692 0.07677725118483412 0.08151658767772511
8 0.1023696682464455 0.5625592417061611 0.1004739336492891 0.06540284360189573
8 0.17677725118483412 0.6061611374407583 0.1004739336492891 0.0985781990521327
8 0.07772511848341232 0.8341232227488151 0.08909952606635071 0.0909952606635071
9 0.22748815165876776 0.6322274881516587 0.06635071090047394 0.06255924170616113
9 0.13033175355450238 0.8592417061611375 0.061611374407582936 0.06255924170616113
9 0.23838862559241705 0.6758293838862559 0.06445497630331753 0.06255924170616113
9 0.15213270142180094 0.8232227488151659 0.06066350710900474 0.05971563981042654
1 0.26255924170616113 0.7127962085308057 0.05971563981042654 0.05781990521327014
1 0.19478672985781992 0.8199052132701422 0.05781990521327014 0.06255924170616113
6 0.23412322274881517 0.8156398104265403 0.05118483412322275 0.05687203791469194
6 0.24597156398104264 0.7914691943127962 0.05308056872037915 0.058767772511848344
6 0.27440758293838863 0.7815165876777251 0.052132701421800945 0.055924170616113746
6 0.266824644549763 0.7540284360189573 0.05308056872037915 0.05402843601895735
9 0.966350710900474 0.6928909952606636 0.06729857819905213 0.07393364928909953
1 0.9459715639810427 0.6412322274881517 0.07393364928909953 0.08056872037914692
6 0.8938388625592417 0.6445497630331753 0.06540284360189573 0.07014218009478673
6 0.8421800947867298 0.6407582938388625 0.06350710900473934 0.07298578199052133
6 0.7938388625592417 0.6644549763033175 0.07298578199052133 0.07867298578199051
6 0.7568720379146919 0.6957345971563981 0.07203791469194312 0.07014218009478673
1 0.7436018957345971 0.7350710900473933 0.07962085308056872 0.08151658767772511