3 0.13459715639810427 0.08483412322274882 0.061611374407582936 0.06066350710900474
8 0.195260663507109 0.13981042654028436 0.0947867298578199 0.11374407582938388
9 0.25450236966824646 0.17156398104265402 0.07298578199052133 0.08909952606635071
9 0.2938388625592417 0.19478672985781992 0.05118483412322275 0.07677725118483412
3 0.70521327014218 0.16729857819905214 0.04075829383886256 0.03981042654028436
8 0.7687203791469195 0.1943127962085308 0.07772511848341232 0.07582938388625593
9 0.8165876777251185 0.2161137440758294 0.05118483412322275 0.054976303317535544
9 0.8601895734597157 0.22085308056872038 0.052132701421800945 0.05402843601895735
1 0.9052132701421801 0.22274881516587677 0.05402843601895735 0.05971563981042654
6 0.9402843601895735 0.21706161137440758 0.061611374407582936 0.06255924170616113
6 0.9691943127962085 0.2104265402843602 0.05687203791469194 0.05402843601895735
3 0.2895734597156398 0.524170616113744 0.04454976303317536 0.052132701421800945
3 0.2829383886255924 0.833175355450237 0.04549763033175355 0.05023696682464455
9 0.9715639810426541 0.4881516587677725 0.05687203791469194 0.07582938388625593
9 0.9497630331753555 0.5251184834123223 0.0881516587677725 0.07962085308056872
1 0.9161137440758294 0.5706161137440758 0.07677725118483412 0.08341232227488152
6 0.871563981042654 0.5985781990521327 0.07109004739336493 0.07962085308056872
5 0.8175355450236966 0.5706161137440758 0.04928909952606635 0.052132701421800945
3 0.7582938388625592 0.5488151658767773 0.04549763033175355 0.046445497630331754
6 0.6890995260663507 0.5644549763033175 0.06919431279620854 0.07677725118483412
1 0.6687203791469194 0.5170616113744075 0.07867298578199051 0.07677725118483412
9 0.6601895734597156 0.45639810426540284 0.0938388625592417 0.07772511848341232
9 0.6483412322274882 0.409478672985782 0.08530805687203792 0.06066350710900474