6 0.027488151658767772 0.02843601895734597 0.054976303317535544 0.05687203791469194
6 0.06066350710900474 0.014218009478672985 0.08720379146919431 0.02843601895734597
6 0.11516587677725118 0.025118483412322274 0.07298578199052133 0.05023696682464455
1 0.2023696682464455 0.1023696682464455 0.08625592417061612 0.08246445497630332
8 0.4729857819905213 0.45402843601895737 0.08909952606635071 0.0909952606635071
8 0.5383886255924171 0.45734597156398105 0.08530805687203792 0.08436018957345971
9 0.5881516587677725 0.45781990521327015 0.06255924170616113 0.07298578199052133
9 0.6350710900473934 0.4606635071090047 0.06066350710900474 0.07203791469194312
1 0.6848341232227488 0.45165876777251185 0.06445497630331753 0.07582938388625593
6 0.7170616113744076 0.4199052132701422 0.055924170616113746 0.06255924170616113
6 0.7393364928909952 0.390521327014218 0.04739336492890995 0.055924170616113746
6 0.7545023696682465 0.36729857819905215 0.05023696682464455 0.06255924170616113
6 0.7597156398104266 0.32180094786729857 0.046445497630331754 0.04834123222748815
6 0.1876777251184834 0.6824644549763034 0.0985781990521327 0.1033175355450237
6 0.24170616113744076 0.6545023696682465 0.08625592417061612 0.0985781990521327
1 0.2966824644549763 0.6398104265402843 0.08056872037914692 0.0947867298578199
9 0.35402843601895734 0.6345971563981042 0.08909952606635071 0.0995260663507109
9 0.3881516587677725 0.6336492890995261 0.04265402843601896 0.09573459715639811
8 0.861611374407583 0.5312796208530806 0.07962085308056872 0.06350710900473934
8 0.7966824644549763 0.5317535545023697 0.08436018957345971 0.06445497630331753
9 0.7445497630331753 0.5194312796208531 0.05402843601895735 0.03981042654028436
9 0.7033175355450237 0.5184834123222749 0.054976303317535544 0.037914691943127965
1 0.6601895734597156 0.5199052132701422 0.055924170616113746 0.04075829383886256
6 0.6251184834123222 0.5284360189573459 0.05308056872037915 0.04739336492890995
6 0.5962085308056873 0.547867298578199 0.06824644549763033 0.06255924170616113