9 0.012796208530805687 0.3360189573459716 0.025592417061611375 0.09004739336492891
9 0.04881516587677725 0.33744075829383885 0.07582938388625593 0.0909952606635071
1 0.104739336492891 0.34218009478672984 0.07772511848341232 0.08720379146919431
6 0.15829383886255924 0.35639810426540286 0.07867298578199051 0.08530805687203792
6 0.1962085308056872 0.3962085308056872 0.11469194312796209 0.10900473933649289
6 0.23080568720379147 0.43886255924170614 0.11090047393364928 0.08151658767772511
8 0.7208530805687203 0.13364928909952606 0.08720379146919431 0.09004739336492891
8 0.47014218009478675 0.026066350710900472 0.08151658767772511 0.052132701421800945
9 0.45829383886255926 0.06208530805687204 0.05781990521327014 0.061611374407582936
9 0.6962085308056872 0.17819905213270143 0.07109004739336493 0.06824644549763033
9 0.4597156398104265 0.1037914691943128 0.06066350710900474 0.06729857819905213
9 0.6644549763033175 0.2018957345971564 0.06919431279620854 0.06919431279620854
1 0.6279620853080569 0.22654028436018958 0.05971563981042654 0.06540284360189573
1 0.45924170616113746 0.14644549763033177 0.05971563981042654 0.06729857819905213
6 0.46872037914691944 0.1843601895734597 0.058767772511848344 0.06445497630331753
6 0.4985781990521327 0.2099526066350711 0.06635071090047394 0.07582938388625593
6 0.5440758293838862 0.23175355450236967 0.06445497630331753 0.07298578199052133
6 0.5895734597156398 0.23838862559241705 0.05308056872037915 0.06255924170616113
2 0.03744075829383886 0.6303317535545023 0.06540284360189573 0.07772511848341232
8 0.1009478672985782 0.6597156398104266 0.0938388625592417 0.09194312796208531
9 0.16492890995260664 0.6763033175355451 0.06919431279620854 0.07772511848341232
9 0.2071090047393365 0.6962085308056872 0.06445497630331753 0.07014218009478673
1 0.25924170616113745 0.7061611374407583 0.05971563981042654 0.06255924170616113
6 0.2862559241706161 0.6744075829383887 0.04739336492890995 0.043601895734597156
6 0.3241706161137441 0.6734597156398104 0.03981042654028436 0.04549763033175355
6 0.3241706161137441 0.6454976303317536 0.04834123222748815 0.04739336492890995
9 0.6744075829383887 0.6530805687203791 0.08625592417061612 0.07677725118483412
6 0.45781990521327015 0.4933649289099526 0.05687203791469194 0.027488151658767772
6 0.5104265402843602 0.4990521327014218 0.08056872037914692 0.03886255924170616
6 0.5753554502369668 0.5042654028436019 0.07962085308056872 0.04928909952606635
6 0.628436018957346 0.5151658767772512 0.06824644549763033 0.06635071090047394
1 0.6563981042654028 0.5492890995260663 0.07109004739336493 0.07298578199052133