0 0.2616113744075829 0.01800947867298578 0.054976303317535544 0.03601895734597156
4 0.5658767772511848 0.017535545023696683 0.043601895734597156 0.035071090047393366
8 0.647867298578199 0.01848341232227488 0.09194312796208531 0.03696682464454976
9 0.704739336492891 0.017061611374407582 0.05781990521327014 0.034123222748815164
9 0.7502369668246446 0.012796208530805687 0.061611374407582936 0.025592417061611375
1 0.795734597156398 0.02132701421800948 0.06729857819905213 0.04265402843601896
6 0.833175355450237 0.023222748815165877 0.05687203791469194 0.046445497630331754
6 0.8535545023696682 0.036492890995260666 0.07298578199052133 0.07298578199052133
6 0.8696682464454977 0.061611374407582936 0.07867298578199051 0.07582938388625593
1 0.02843601895734597 0.6431279620853081 0.05687203791469194 0.06540284360189573
6 0.06303317535545024 0.6625592417061611 0.061611374407582936 0.055924170616113746
6 0.0995260663507109 0.6881516587677725 0.05687203791469194 0.06255924170616113
8 0.7691943127962085 0.6208530805687204 0.10995260663507109 0.10710900473933649
9 0.6165876777251185 0.6601895734597156 0.07867298578199051 0.07393364928909953
9 0.556872037914692 0.662085308056872 0.07014218009478673 0.07393364928909953
1 0.500473933649289 0.6644549763033175 0.06635071090047394 0.06350710900473934
6 0.45260663507109006 0.6393364928909953 0.061611374407582936 0.05308056872037915
6 0.418957345971564 0.6170616113744076 0.06255924170616113 0.054976303317535544
7 0.681042654028436 0.637914691943128 0.07109004739336493 0.06066350710900474
6 0.40616113744075827 0.5890995260663507 0.06824644549763033 0.05402843601895735