0 0.3241706161137441 0.026540284360189573 0.043601895734597156 0.05023696682464455
0 0.33981042654028437 0.08909952606635071 0.04739336492890995 0.05118483412322275
0 0.37345971563981045 0.17109004739336492 0.04265402843601896 0.04075829383886256
8 0.035071090047393366 0.2957345971563981 0.07014218009478673 0.07962085308056872
8 0.0909952606635071 0.3232227488151659 0.07109004739336493 0.07393364928909953
9 0.13838862559241707 0.34170616113744073 0.04928909952606635 0.055924170616113746
9 0.1819905213270142 0.34454976303317536 0.06445497630331753 0.05023696682464455
1 0.23838862559241705 0.34928909952606635 0.06919431279620854 0.04075829383886256
6 0.29241706161137443 0.35165876777251187 0.052132701421800945 0.03601895734597156
6 0.3289099526066351 0.34454976303317536 0.05308056872037915 0.05023696682464455
6 0.35924170616113743 0.3175355450236967 0.04928909952606635 0.05687203791469194
6 0.37772511848341234 0.2800947867298578 0.05402843601895735 0.058767772511848344
1 0.3815165876777251 0.22985781990521326 0.06919431279620854 0.06729857819905213
8 0.680568720379147 0.271563981042654 0.06445497630331753 0.06635071090047394
8 0.6639810426540285 0.33080568720379144 0.07014218009478673 0.07393364928909953
9 0.6545023696682465 0.36066350710900474 0.05402843601895735 0.01800947867298578
8 0.262085308056872 0.4895734597156398 0.08056872037914692 0.06919431279620854
9 0.2663507109004739 0.5436018957345972 0.07014218009478673 0.05402843601895735
9 0.26255924170616113 0.5924170616113744 0.07014218009478673 0.05687203791469194
1 0.24786729857819906 0.6360189573459716 0.07203791469194312 0.06255924170616113
1 0.11042654028436019 0.7066350710900474 0.055924170616113746 0.06635071090047394
5 0.2037914691943128 0.6521327014218009 0.03696682464454976 0.035071090047393366
5 0.15781990521327013 0.6895734597156398 0.037914691943127965 0.03696682464454976
9 0.03364928909952607 0.6654028436018957 0.05781990521327014 0.07109004739336493
5 0.07061611374407582 0.6725118483412322 0.035071090047393366 0.03696682464454976
8 0.6004739336492891 0.8530805687203792 0.07393364928909953 0.06919431279620854
8 0.6663507109004739 0.8630331753554502 0.07772511848341232 0.08151658767772511
4 0.7161137440758294 0.8772511848341232 0.035071090047393366 0.03601895734597156
9 0.7639810426540284 0.876303317535545 0.052132701421800945 0.058767772511848344
1 0.8085308056872038 0.8701421800947867 0.05023696682464455 0.055924170616113746
6 0.8388625592417062 0.8473933649289099 0.05402843601895735 0.03886255924170616
6 0.8597156398104265 0.8246445497630331 0.052132701421800945 0.04075829383886256