8 0.318957345971564 0.017061611374407582 0.08246445497630332 0.034123222748815164
8 0.34407582938388626 0.05545023696682464 0.08341232227488152 0.08341232227488152
9 0.36255924170616116 0.109478672985782 0.07014218009478673 0.058767772511848344
9 0.37251184834123224 0.15545023696682464 0.07393364928909953 0.05971563981042654
0 0.025118483412322274 0.24928909952606634 0.05023696682464455 0.04549763033175355
0 0.08388625592417062 0.27630331753554505 0.04834123222748815 0.04739336492890995
0 0.17440758293838862 0.3161137440758294 0.046445497630331754 0.04454976303317536
0 0.23507109004739338 0.3355450236966825 0.043601895734597156 0.04265402843601896
0 0.34976303317535545 0.24454976303317535 0.05023696682464455 0.03981042654028436
0 0.3691943127962085 0.2037914691943128 0.04739336492890995 0.037914691943127965
8 0.6687203791469194 0.3909952606635071 0.05971563981042654 0.05781990521327014
8 0.7033175355450237 0.3985781990521327 0.06445497630331753 0.04265402843601896
9 0.7322274881516587 0.4099526066350711 0.05971563981042654 0.01990521327014218
8 0.3127962085308057 0.9251184834123223 0.08056872037914692 0.08530805687203792
8 0.3805687203791469 0.9104265402843602 0.07393364928909953 0.07867298578199051
9 0.4374407582938389 0.904739336492891 0.05971563981042654 0.07393364928909953
9 0.4872037914691943 0.9052132701421801 0.05308056872037915 0.06824644549763033
1 0.533649289099526 0.9061611374407583 0.05118483412322275 0.06445497630331753
8 0.9056872037914692 0.8251184834123223 0.06824644549763033 0.07393364928909953
8 0.8786729857819905 0.8838862559241706 0.07203791469194312 0.07677725118483412
3 0.5753554502369668 0.8109004739336493 0.03222748815165877 0.046445497630331754
3 0.5919431279620853 0.8739336492890996 0.05023696682464455 0.04928909952606635
9 0.6090047393364929 0.9270142180094787 0.05687203791469194 0.06066350710900474
9 0.6251184834123222 0.9744075829383886 0.054976303317535544 0.04739336492890995
9 0.8530805687203792 0.9355450236966825 0.055924170616113746 0.054976303317535544
9 0.8341232227488151 0.976303317535545 0.04928909952606635 0.04739336492890995
1 0.8080568720379147 0.9909952606635071 0.04834123222748815 0.01800947867298578
1 0.6483412322274882 0.9933649289099526 0.04549763033175355 0.013270142180094787