6 0.43033175355450237 0.6028436018957346 0.058767772511848344 0.06445497630331753
6 0.3767772511848341 0.5881516587677725 0.06919431279620854 0.055924170616113746
1 0.33080568720379144 0.5421800947867299 0.07203791469194312 0.08246445497630332
0 0.3023696682464455 0.46872037914691944 0.04075829383886256 0.04265402843601896
0 0.25971563981042656 0.3796208530805687 0.05402843601895735 0.046445497630331754
0 0.24360189573459715 0.3170616113744076 0.04928909952606635 0.04834123222748815
3 0.524170616113744 0.3919431279620853 0.04265402843601896 0.043601895734597156
8 0.5781990521327014 0.3791469194312796 0.06635071090047394 0.07582938388625593
9 0.6279620853080569 0.37156398104265403 0.04928909952606635 0.06635071090047394
9 0.671563981042654 0.3687203791469194 0.04834123222748815 0.06824644549763033
1 0.718957345971564 0.36729857819905215 0.06445497630331753 0.05781990521327014
6 0.7606635071090048 0.38341232227488153 0.058767772511848344 0.04549763033175355
6 0.7900473933649289 0.4037914691943128 0.07109004739336493 0.06824644549763033
8 0.34786729857819904 0.8009478672985783 0.06540284360189573 0.05781990521327014
8 0.34407582938388626 0.8649289099526066 0.06540284360189573 0.07203791469194312
9 0.34502369668246446 0.9241706161137441 0.04928909952606635 0.04928909952606635
9 0.35924170616113743 0.966824644549763 0.04928909952606635 0.04834123222748815
1 0.37867298578199055 0.9928909952606635 0.052132701421800945 0.014218009478672985