8 0.2066350710900474 0.2559241706161137 0.0985781990521327 0.08720379146919431
8 0.1957345971563981 0.18104265402843603 0.11374407582938388 0.1004739336492891
9 0.1815165876777251 0.11279620853080569 0.08341232227488152 0.06824644549763033
9 0.18578199052132702 0.05924170616113744 0.08056872037914692 0.06919431279620854
1 0.2042654028436019 0.02132701421800948 0.1014218009478673 0.04265402843601896
9 0.026540284360189573 0.6127962085308057 0.04928909952606635 0.05971563981042654
9 0.06587677725118483 0.6028436018957346 0.052132701421800945 0.06350710900473934
1 0.11137440758293839 0.5962085308056873 0.05781990521327014 0.05687203791469194
6 0.15497630331753554 0.6023696682464454 0.058767772511848344 0.05308056872037915
6 0.1938388625592417 0.6189573459715639 0.06445497630331753 0.05781990521327014
8 0.6255924170616114 0.33791469194312795 0.07298578199052133 0.07582938388625593
8 0.6436018957345971 0.3990521327014218 0.07393364928909953 0.07867298578199051
9 0.6582938388625592 0.45260663507109006 0.061611374407582936 0.05308056872037915
9 0.6597156398104266 0.4947867298578199 0.06255924170616113 0.05308056872037915
8 0.44597156398104265 0.5829383886255924 0.052132701421800945 0.08530805687203792
9 0.47535545023696685 0.609478672985782 0.05781990521327014 0.061611374407582936
9 0.5109004739336492 0.6255924170616114 0.054976303317535544 0.055924170616113746
1 0.6549763033175355 0.5374407582938389 0.06729857819905213 0.052132701421800945
1 0.5535545023696683 0.6279620853080569 0.054976303317535544 0.058767772511848344
6 0.590521327014218 0.6260663507109004 0.04834123222748815 0.061611374407582936
6 0.6175355450236967 0.6232227488151659 0.046445497630331754 0.054976303317535544
6 0.6426540284360189 0.6071090047393365 0.04834123222748815 0.05118483412322275
6 0.6516587677725119 0.5710900473933649 0.06729857819905213 0.05781990521327014