8 0.017535545023696683 0.23554502369668245 0.035071090047393366 0.1014218009478673
9 0.04739336492890995 0.21943127962085307 0.07298578199052133 0.08720379146919431
9 0.1037914691943128 0.21658767772511847 0.07962085308056872 0.09194312796208531
1 0.16113744075829384 0.21800947867298578 0.08341232227488152 0.09004739336492891
6 0.22464454976303316 0.23033175355450236 0.08151658767772511 0.07962085308056872
6 0.26966824644549764 0.26018957345971566 0.09004739336492891 0.0909952606635071
6 0.2971563981042654 0.3123222748815166 0.08909952606635071 0.0909952606635071
6 0.2990521327014218 0.36729857819905215 0.08436018957345971 0.07772511848341232
1 0.2943127962085308 0.4218009478672986 0.0881516587677725 0.07867298578199051
9 0.2677725118483412 0.471563981042654 0.08246445497630332 0.07677725118483412
4 0.21990521327014217 0.5037914691943128 0.06255924170616113 0.012322274881516588
8 0.6 0.1791469194312796 0.0995260663507109 0.08625592417061612
8 0.9355450236966825 0.271563981042654 0.1023696682464455 0.08056872037914692
8 0.9388625592417061 0.21753554502369668 0.1004739336492891 0.0881516587677725
9 0.933175355450237 0.17203791469194313 0.09573459715639811 0.0909952606635071
9 0.9322274881516588 0.13080568720379146 0.08246445497630332 0.07772511848341232
2 0.9080568720379147 0.11137440758293839 0.04454976303317536 0.058767772511848344
2 0.8516587677725118 0.053554502369668244 0.04170616113744076 0.05687203791469194
2 0.818957345971564 0.03317535545023697 0.04170616113744076 0.04739336492890995
2 0.7753554502369668 0.04028436018957346 0.04549763033175355 0.05118483412322275
9 0.695260663507109 0.05071090047393365 0.07203791469194312 0.07109004739336493
9 0.671563981042654 0.08625592417061612 0.09004739336492891 0.07677725118483412
8 0.6341232227488152 0.12938388625592417 0.1033175355450237 0.0938388625592417
9 0.027014218009478674 0.9838862559241706 0.05402843601895735 0.03222748815165877
6 0.14834123222748816 0.9900473933649289 0.06919431279620854 0.01990521327014218
6 0.17725118483412322 0.9796208530805687 0.06635071090047394 0.04075829383886256
6 0.1876777251184834 0.9549763033175356 0.05023696682464455 0.04265402843601896
3 0.7919431279620853 0.6834123222748815 0.037914691943127965 0.04265402843601896
4 0.7568720379146919 0.6701421800947868 0.03696682464454976 0.03601895734597156
8 0.8374407582938389 0.7075829383886256 0.0881516587677725 0.0985781990521327
1 0.7028436018957346 0.6322274881516587 0.06255924170616113 0.07393364928909953
6 0.6549763033175355 0.6355450236966824 0.05971563981042654 0.06066350710900474
6 0.614218009478673 0.6488151658767772 0.07677725118483412 0.06824644549763033