9 0.2611374407582938 0.4037914691943128 0.07109004739336493 0.05118483412322275
8 0.3791469194312796 0.14218009478672985 0.08909952606635071 0.07393364928909953
9 0.4127962085308057 0.16824644549763032 0.06445497630331753 0.06919431279620854
9 0.44218009478672987 0.2023696682464455 0.06729857819905213 0.06824644549763033
1 0.47535545023696685 0.22938388625592418 0.058767772511848344 0.052132701421800945
6 0.48530805687203793 0.26872037914691943 0.06066350710900474 0.054976303317535544
6 0.4829383886255924 0.3161137440758294 0.07867298578199051 0.061611374407582936
6 0.42322274881516586 0.4028436018957346 0.061611374407582936 0.05308056872037915
1 0.37298578199052135 0.41137440758293836 0.06919431279620854 0.03601895734597156
3 0.4431279620853081 0.3696682464454976 0.04739336492890995 0.04834123222748815
3 0.31469194312796206 0.41232227488151657 0.04739336492890995 0.034123222748815164
8 0.7227488151658767 0.05829383886255924 0.06919431279620854 0.0881516587677725
2 0.7777251184834123 0.04691943127962085 0.055924170616113746 0.07772511848341232
9 0.8203791469194313 0.027962085308056873 0.05023696682464455 0.055924170616113746
9 0.8639810426540284 0.026540284360189573 0.052132701421800945 0.05308056872037915
1 0.9090047393364928 0.024170616113744076 0.054976303317535544 0.04834123222748815
6 0.9502369668246445 0.027014218009478674 0.06540284360189573 0.05402843601895735
6 0.9772511848341232 0.03317535545023697 0.04549763033175355 0.06635071090047394
8 0.33317535545023697 0.5706161137440758 0.06919431279620854 0.06919431279620854
8 0.33175355450236965 0.6312796208530805 0.06729857819905213 0.06540284360189573
9 0.328436018957346 0.6876777251184835 0.05971563981042654 0.054976303317535544
9 0.3289099526066351 0.7298578199052133 0.054976303317535544 0.05023696682464455
8 0.07819905213270142 0.7426540284360189 0.08056872037914692 0.08530805687203792
9 0.12322274881516587 0.7786729857819905 0.05781990521327014 0.054976303317535544
9 0.14312796208530806 0.8203791469194313 0.05118483412322275 0.05023696682464455
1 0.1819905213270142 0.828909952606635 0.04075829383886256 0.05781990521327014
1 0.3194312796208531 0.7729857819905214 0.05687203791469194 0.06066350710900474
6 0.2985781990521327 0.8033175355450237 0.04454976303317536 0.04739336492890995
6 0.28104265402843603 0.8175355450236966 0.04454976303317536 0.055924170616113746
6 0.25118483412322273 0.8260663507109005 0.04265402843601896 0.06824644549763033
6 0.21753554502369668 0.833175355450237 0.04739336492890995 0.06729857819905213
8 0.7293838862559242 0.8336492890995261 0.08246445497630332 0.08909952606635071
9 0.7611374407582938 0.8023696682464455 0.058767772511848344 0.07393364928909953
9 0.7909952606635071 0.7796208530805687 0.06824644549763033 0.07772511848341232
1 0.8317535545023697 0.7450236966824645 0.05781990521327014 0.06824644549763033
6 0.8706161137440759 0.7336492890995261 0.03886255924170616 0.05308056872037915
6 0.9142180094786729 0.7407582938388626 0.061611374407582936 0.06255924170616113
6 0.9654028436018958 0.752132701421801 0.06066350710900474 0.058767772511848344
6 0.9876777251184834 0.7744075829383886 0.024644549763033177 0.05308056872037915
1 0.9895734597156398 0.8104265402843602 0.02085308056872038 0.058767772511848344
9 0.985781990521327 0.8488151658767773 0.02843601895734597 0.05971563981042654
9 0.9876777251184834 0.8838862559241706 0.024644549763033177 0.052132701421800945