8 0.37251184834123224 0.1843601895734597 0.034123222748815164 0.09194312796208531
1 0.7222748815165877 0.0071090047393364926 0.05687203791469194 0.014218009478672985
8 0.6364928909952606 0.3071090047393365 0.08530805687203792 0.08056872037914692
8 0.695260663507109 0.2725118483412322 0.08909952606635071 0.08625592417061612
9 0.7398104265402844 0.24028436018957347 0.05687203791469194 0.055924170616113746
9 0.7663507109004739 0.20900473933649288 0.05687203791469194 0.05023696682464455
1 0.7909952606635071 0.17535545023696683 0.07677725118483412 0.05971563981042654
6 0.8199052132701422 0.13507109004739337 0.055924170616113746 0.04454976303317536
6 0.8260663507109005 0.09004739336492891 0.06066350710900474 0.058767772511848344
6 0.8127962085308057 0.037914691943127965 0.05687203791469194 0.055924170616113746
6 0.771563981042654 0.01848341232227488 0.054976303317535544 0.03696682464454976
8 0.16635071090047393 0.637914691943128 0.05971563981042654 0.06255924170616113
8 0.13175355450236967 0.590521327014218 0.07582938388625593 0.08436018957345971
9 0.1037914691943128 0.5379146919431279 0.05308056872037915 0.05687203791469194
9 0.07630331753554502 0.5090047393364929 0.05118483412322275 0.05687203791469194
1 0.04123222748815166 0.4867298578199052 0.052132701421800945 0.06445497630331753
6 0.01042654028436019 0.46872037914691944 0.02085308056872038 0.05781990521327014
8 0.9255924170616113 0.6767772511848341 0.06919431279620854 0.07677725118483412
8 0.9241706161137441 0.7450236966824645 0.06540284360189573 0.06919431279620854
8 0.604739336492891 0.7492890995260664 0.07393364928909953 0.07582938388625593
8 0.6549763033175355 0.8009478672985783 0.07393364928909953 0.07298578199052133
9 0.9222748815165877 0.7995260663507109 0.054976303317535544 0.04739336492890995
9 0.9137440758293839 0.8421800947867298 0.04739336492890995 0.04549763033175355
8 0.7 0.8507109004739336 0.06919431279620854 0.06729857819905213
9 0.7402843601895734 0.8843601895734597 0.04928909952606635 0.05308056872037915
6 0.8976303317535546 0.8815165876777251 0.043601895734597156 0.046445497630331754
9 0.776303317535545 0.9052132701421801 0.04549763033175355 0.04739336492890995
6 0.8151658767772512 0.9184834123222749 0.04454976303317536 0.04739336492890995
6 0.8516587677725118 0.918957345971564 0.03886255924170616 0.04549763033175355
6 0.8781990521327014 0.9075829383886256 0.03981042654028436 0.04549763033175355