8 0.16445497630331754 0.44597156398104265 0.07488151658767772 0.07582938388625593
9 0.15781990521327013 0.3815165876777251 0.07867298578199051 0.06350710900473934
9 0.14360189573459717 0.33270142180094786 0.07203791469194312 0.06445497630331753
6 0.012322274881516588 0.2104265402843602 0.024644549763033177 0.08151658767772511
6 0.05402843601895735 0.21706161137440758 0.07109004739336493 0.07582938388625593
6 0.10568720379146919 0.23033175355450236 0.055924170616113746 0.054976303317535544
1 0.14360189573459717 0.2739336492890995 0.052132701421800945 0.06350710900473934
9 0.9838862559241706 0.18341232227488152 0.03222748815165877 0.07109004739336493
9 0.9672985781990522 0.22796208530805687 0.06350710900473934 0.06635071090047394
8 0.6649289099526067 0.017535545023696683 0.07677725118483412 0.035071090047393366
8 0.6758293838862559 0.07061611374407582 0.08151658767772511 0.0909952606635071
9 0.685781990521327 0.14218009478672985 0.06445497630331753 0.06635071090047394
9 0.7033175355450237 0.1943127962085308 0.06255924170616113 0.06066350710900474
1 0.9312796208530806 0.2677725118483412 0.05118483412322275 0.04739336492890995
1 0.7251184834123223 0.24170616113744076 0.04549763033175355 0.046445497630331754
6 0.7573459715639811 0.26966824644549764 0.03696682464454976 0.034123222748815164
6 0.7995260663507109 0.2834123222748815 0.05308056872037915 0.03886255924170616
6 0.8436018957345972 0.2886255924170616 0.046445497630331754 0.02843601895734597
6 0.8862559241706162 0.2890995260663507 0.052132701421800945 0.03222748815165877
8 0.2559241706161137 0.6914691943127962 0.07772511848341232 0.06350710900473934
6 0.34265402843601894 0.890521327014218 0.014218009478672985 0.055924170616113746
6 0.32559241706161135 0.8824644549763033 0.04265402843601896 0.055924170616113746
6 0.2943127962085308 0.8658767772511848 0.046445497630331754 0.054976303317535544
1 0.2791469194312796 0.833175355450237 0.05023696682464455 0.05402843601895735
9 0.26445497630331755 0.7924170616113744 0.054976303317535544 0.05308056872037915
9 0.26303317535545023 0.7445497630331753 0.05971563981042654 0.05402843601895735
9 0.718957345971564 0.6796208530805687 0.05402843601895735 0.03981042654028436
1 0.6772511848341233 0.6867298578199053 0.052132701421800945 0.05402843601895735
6 0.5649289099526066 0.6739336492890995 0.04928909952606635 0.02843601895734597
6 0.5872037914691943 0.6872037914691943 0.04834123222748815 0.04928909952606635
6 0.6099526066350711 0.7061611374407583 0.04265402843601896 0.05118483412322275
6 0.6464454976303318 0.7004739336492891 0.04739336492890995 0.04928909952606635