9 0.1848341232227488 0.4322274881516588 0.08056872037914692 0.07582938388625593
1 0.2132701421800948 0.37819905213270144 0.06445497630331753 0.07488151658767772
6 0.3824644549763033 0.3587677725118483 0.07867298578199051 0.07867298578199051
6 0.4317535545023697 0.37345971563981045 0.06919431279620854 0.06824644549763033
3 0.3132701421800948 0.3687203791469194 0.03886255924170616 0.04265402843601896
3 0.26587677725118486 0.37867298578199055 0.04549763033175355 0.043601895734597156
8 0.6706161137440758 0.0867298578199052 0.08341232227488152 0.08341232227488152
8 0.9748815165876777 0.12132701421800948 0.05023696682464455 0.07203791469194312
8 0.9639810426540284 0.07345971563981042 0.07203791469194312 0.07867298578199051
9 0.6763033175355451 0.03175355450236967 0.07298578199052133 0.05781990521327014
9 0.9601895734597157 0.024644549763033177 0.06824644549763033 0.04928909952606635
9 0.6976303317535545 0.011374407582938388 0.06824644549763033 0.022748815165876776
8 0.5284360189573459 0.8739336492890996 0.04265402843601896 0.08909952606635071
9 0.4895734597156398 0.8582938388625593 0.05687203791469194 0.07488151658767772
9 0.4431279620853081 0.8497630331753554 0.05781990521327014 0.07298578199052133
1 0.3933649289099526 0.8502369668246446 0.05971563981042654 0.06729857819905213
6 0.34454976303317536 0.8592417061611375 0.06255924170616113 0.06255924170616113
6 0.2981042654028436 0.8800947867298579 0.07582938388625593 0.08246445497630332
6 0.8810426540284361 0.8639810426540284 0.09573459715639811 0.07488151658767772
6 0.8137440758293839 0.8654028436018958 0.1061611374407583 0.08151658767772511
6 0.7625592417061612 0.852132701421801 0.11374407582938388 0.08056872037914692
6 0.7426540284360189 0.8175355450236966 0.11184834123222749 0.058767772511848344
1 0.7146919431279621 0.781042654028436 0.1033175355450237 0.058767772511848344
1 0.9417061611374408 0.8497630331753554 0.09289099526066351 0.08625592417061612
9 0.976303317535545 0.8208530805687204 0.04739336492890995 0.0966824644549763