3 0.03033175355450237 0.15118483412322276 0.037914691943127965 0.04075829383886256
8 0.21469194312796208 0.218957345971564 0.08056872037914692 0.08436018957345971
8 0.16398104265402844 0.19478672985781992 0.08246445497630332 0.08530805687203792
9 0.12132701421800948 0.16587677725118483 0.06540284360189573 0.07298578199052133
9 0.07488151658767772 0.16018957345971563 0.06445497630331753 0.07582938388625593
8 0.6582938388625592 0.035071090047393366 0.08056872037914692 0.07014218009478673
8 0.6587677725118484 0.09573459715639811 0.08341232227488152 0.07772511848341232
8 0.966824644549763 0.1004739336492891 0.06635071090047394 0.0909952606635071
8 0.9445497630331754 0.16066350710900473 0.08151658767772511 0.09004739336492891
9 0.9090047393364928 0.1976303317535545 0.05023696682464455 0.05118483412322275
9 0.8796208530805687 0.22654028436018958 0.04739336492890995 0.05308056872037915
1 0.8478672985781991 0.25497630331753557 0.04928909952606635 0.05971563981042654
9 0.6720379146919432 0.14644549763033177 0.05781990521327014 0.05687203791469194
9 0.6872037914691943 0.18388625592417063 0.05971563981042654 0.05308056872037915
6 0.8071090047393364 0.2720379146919431 0.04454976303317536 0.058767772511848344
6 0.7767772511848341 0.27440758293838863 0.04834123222748815 0.05687203791469194
6 0.7450236966824645 0.2734597156398104 0.04170616113744076 0.04739336492890995
6 0.7194312796208531 0.25165876777251184 0.04928909952606635 0.04928909952606635
1 0.6981042654028436 0.22274881516587677 0.05402843601895735 0.05402843601895735
8 0.3033175355450237 0.9085308056872038 0.09573459715639811 0.08246445497630332
8 0.314218009478673 0.8478672985781991 0.0995260663507109 0.08909952606635071
9 0.33175355450236965 0.7938388625592417 0.08720379146919431 0.07298578199052133
9 0.33981042654028437 0.7502369668246446 0.07109004739336493 0.07109004739336493
2 0.4829383886255924 0.6928909952606636 0.03886255924170616 0.055924170616113746
2 0.44454976303317534 0.6867298578199053 0.03696682464454976 0.04549763033175355
2 0.4085308056872038 0.7099526066350711 0.04170616113744076 0.04928909952606635
4 0.7037914691943128 0.7274881516587678 0.04075829383886256 0.046445497630331754
8 0.6436018957345971 0.7146919431279621 0.08720379146919431 0.07582938388625593
3 0.5824644549763033 0.7161137440758294 0.03981042654028436 0.04075829383886256
9 0.5469194312796208 0.7080568720379147 0.034123222748815164 0.06066350710900474