8 0.054502369668246446 0.3962085308056872 0.08056872037914692 0.06729857819905213
8 0.06777251184834124 0.33981042654028437 0.07677725118483412 0.06540284360189573
9 0.0909952606635071 0.2890995260663507 0.07393364928909953 0.06066350710900474
9 0.11800947867298578 0.24454976303317535 0.07582938388625593 0.06824644549763033
9 0.34265402843601894 0.24834123222748816 0.03317535545023697 0.06066350710900474
1 0.32654028436018956 0.2066350710900474 0.06540284360189573 0.07772511848341232
1 0.14928909952606634 0.2033175355450237 0.07014218009478673 0.07393364928909953
6 0.2895734597156398 0.17488151658767773 0.04549763033175355 0.06445497630331753
6 0.24976303317535545 0.16919431279620853 0.052132701421800945 0.07298578199052133
6 0.2104265402843602 0.16729857819905214 0.04549763033175355 0.07203791469194312
6 0.17298578199052134 0.16966824644549763 0.04739336492890995 0.06919431279620854
9 0.666824644549763 0.4781990521327014 0.07203791469194312 0.07867298578199051
1 0.7881516587677725 0.524170616113744 0.05308056872037915 0.06445497630331753
6 0.8374407582938389 0.5165876777251185 0.054976303317535544 0.06635071090047394
6 0.8649289099526066 0.5 0.05023696682464455 0.06540284360189573
6 0.9104265402843602 0.46445497630331756 0.058767772511848344 0.06350710900473934
8 0.2672985781990521 0.8251184834123223 0.07772511848341232 0.08056872037914692
8 0.25213270142180094 0.7516587677725118 0.07677725118483412 0.08056872037914692
8 0.21943127962085307 0.6900473933649289 0.07677725118483412 0.08151658767772511
3 0.1876777251184834 0.6554502369668247 0.03981042654028436 0.03886255924170616
9 0.16492890995260664 0.6274881516587678 0.05118483412322275 0.03601895734597156
6 0.01042654028436019 0.6222748815165877 0.02085308056872038 0.025592417061611375
6 0.02843601895734597 0.6156398104265403 0.03981042654028436 0.012322274881516588
1 0.12938388625592417 0.6175355450236967 0.04265402843601896 0.016113744075829384
8 0.8436018957345972 0.7445497630331753 0.07298578199052133 0.061611374407582936
8 0.8488151658767773 0.8123222748815165 0.07393364928909953 0.07772511848341232
9 0.8450236966824645 0.8701421800947867 0.05308056872037915 0.05023696682464455
9 0.8478672985781991 0.9170616113744076 0.046445497630331754 0.04739336492890995
1 0.8412322274881516 0.9635071090047393 0.043601895734597156 0.05118483412322275
8 0.5355450236966824 0.8691943127962085 0.06919431279620854 0.06255924170616113
8 0.566350710900474 0.9213270142180094 0.07298578199052133 0.07772511848341232
3 0.6085308056872037 0.957345971563981 0.03601895734597156 0.031279620853080566
9 0.6303317535545023 0.9862559241706161 0.04928909952606635 0.027488151658767772
6 0.8213270142180095 0.9890995260663508 0.04265402843601896 0.021800947867298578