8 0.04454976303317536 0.3341232227488152 0.08909952606635071 0.08436018957345971
8 0.4004739336492891 0.35545023696682465 0.0938388625592417 0.0966824644549763
8 0.3867298578199052 0.41137440758293836 0.1004739336492891 0.07582938388625593
8 0.047867298578199054 0.4014218009478673 0.09573459715639811 0.0881516587677725
9 0.06018957345971564 0.4369668246445498 0.0881516587677725 0.024644549763033177
8 0.6369668246445498 0.2824644549763033 0.054976303317535544 0.06635071090047394
8 0.6464454976303318 0.34218009478672984 0.06824644549763033 0.06255924170616113
9 0.6616113744075829 0.3909952606635071 0.05402843601895735 0.05023696682464455
9 0.6739336492890995 0.4255924170616114 0.05118483412322275 0.04739336492890995
4 0.12369668246445498 0.5251184834123223 0.043601895734597156 0.04170616113744076
4 0.16018957345971563 0.5559241706161138 0.04454976303317536 0.04454976303317536
3 0.20568720379146918 0.5824644549763033 0.04170616113744076 0.03886255924170616
9 0.42985781990521327 0.45829383886255926 0.06729857819905213 0.01800947867298578
9 0.4369668246445498 0.4881516587677725 0.061611374407582936 0.061611374407582936
9 0.24691943127962085 0.6071090047393365 0.05687203791469194 0.05687203791469194
1 0.4251184834123223 0.5350710900473934 0.06445497630331753 0.05402843601895735
1 0.2876777251184834 0.6203791469194313 0.05402843601895735 0.061611374407582936
6 0.41706161137440756 0.5677725118483412 0.05118483412322275 0.052132701421800945
6 0.39478672985781993 0.5886255924170616 0.05023696682464455 0.05687203791469194
6 0.3635071090047393 0.6080568720379147 0.04928909952606635 0.06445497630331753
6 0.3298578199052133 0.6251184834123222 0.052132701421800945 0.05971563981042654
2 0.7156398104265402 0.8279620853080568 0.07488151658767772 0.05781990521327014
8 0.7066350710900474 0.8781990521327014 0.07014218009478673 0.06445497630331753
9 0.7199052132701422 0.9232227488151659 0.06540284360189573 0.054976303317535544
9 0.7345971563981043 0.9592417061611375 0.06729857819905213 0.05687203791469194
9 0.9862559241706161 0.9554502369668246 0.027488151658767772 0.06635071090047394
9 0.9777251184834124 0.9800947867298578 0.04454976303317536 0.03981042654028436
1 0.752132701421801 0.9853080568720379 0.06540284360189573 0.029383886255924172