3 0.5345971563981042 0.03838862559241706 0.06445497630331753 0.06066350710900474
3 0.17156398104265402 0.12796208530805686 0.05971563981042654 0.05781990521327014
3 0.18388625592417063 0.027488151658767772 0.05687203791469194 0.054976303317535544
8 0.7492890995260664 0.024170616113744076 0.07298578199052133 0.04834123222748815
9 0.7426540284360189 0.061611374407582936 0.06729857819905213 0.05781990521327014
9 0.7412322274881517 0.1004739336492891 0.06919431279620854 0.05971563981042654
9 0.9777251184834124 0.2075829383886256 0.04454976303317536 0.07014218009478673
9 0.9587677725118483 0.23412322274881517 0.06540284360189573 0.06729857819905213
1 0.9132701421800948 0.25118483412322273 0.06255924170616113 0.06445497630331753
1 0.7402843601895734 0.14691943127962084 0.06824644549763033 0.06540284360189573
6 0.8725118483412322 0.2739336492890995 0.06066350710900474 0.06540284360189573
6 0.8208530805687204 0.26398104265402844 0.07014218009478673 0.07203791469194312
6 0.7758293838862559 0.23364928909952606 0.07393364928909953 0.08056872037914692
6 0.7464454976303317 0.1985781990521327 0.06445497630331753 0.07014218009478673
2 0.45023696682464454 0.7540284360189573 0.06635071090047394 0.06255924170616113
2 0.3464454976303318 0.7440758293838863 0.04170616113744076 0.04265402843601896
9 0.2981042654028436 0.7440758293838863 0.06255924170616113 0.061611374407582936
1 0.26303317535545023 0.7279620853080568 0.06255924170616113 0.06066350710900474
6 0.24170616113744076 0.7033175355450237 0.07203791469194312 0.061611374407582936
6 0.23364928909952606 0.6691943127962086 0.07677725118483412 0.061611374407582936
8 0.8796208530805687 0.4601895734597156 0.08341232227488152 0.04075829383886256
8 0.852132701421801 0.49715639810426543 0.08151658767772511 0.08341232227488152
9 0.8203791469194313 0.543127962085308 0.06919431279620854 0.06350710900473934
9 0.8004739336492891 0.5848341232227489 0.055924170616113746 0.05308056872037915
1 0.6127962085308057 0.6028436018957346 0.06635071090047394 0.08341232227488152
6 0.6497630331753554 0.6213270142180095 0.054976303317535544 0.07393364928909953
6 0.6819905213270142 0.6293838862559241 0.05023696682464455 0.07109004739336493
6 0.7104265402843601 0.6255924170616114 0.055924170616113746 0.07582938388625593
6 0.7341232227488151 0.6213270142180095 0.061611374407582936 0.06919431279620854
1 0.7668246445497631 0.6123222748815166 0.07109004739336493 0.07772511848341232
0 0.5867298578199052 0.5274881516587677 0.034123222748815164 0.05402843601895735
0 0.5976303317535545 0.5620853080568721 0.046445497630331754 0.05971563981042654