3 0.35639810426540286 0.012796208530805687 0.04549763033175355 0.025592417061611375
3 0.07203791469194312 0.17488151658767773 0.05781990521327014 0.055924170616113746
3 0.07867298578199051 0.07251184834123223 0.054976303317535544 0.055924170616113746
3 0.0938388625592417 0.02132701421800948 0.05308056872037915 0.04265402843601896
8 0.6246445497630332 0.37772511848341234 0.0947867298578199 0.023696682464454975
9 0.5672985781990522 0.3701421800947867 0.07488151658767772 0.03886255924170616
9 0.5137440758293839 0.36161137440758295 0.07393364928909953 0.055924170616113746
1 0.45355450236966827 0.3748815165876777 0.07677725118483412 0.029383886255924172
6 0.4127962085308057 0.36729857819905215 0.06729857819905213 0.04454976303317536
8 0.12796208530805686 0.9113744075829384 0.08341232227488152 0.0909952606635071
8 0.17819905213270143 0.8639810426540284 0.0985781990521327 0.10426540284360189
9 0.22274881516587677 0.8180094786729858 0.07582938388625593 0.07203791469194312
9 0.262085308056872 0.7843601895734598 0.08720379146919431 0.08341232227488152
1 0.3042654028436019 0.7436018957345971 0.06919431279620854 0.07867298578199051
6 0.35118483412322277 0.7445497630331753 0.055924170616113746 0.07677725118483412
8 0.9843601895734597 0.7360189573459716 0.031279620853080566 0.1014218009478673
9 0.9729857819905213 0.7895734597156399 0.05402843601895735 0.06824644549763033
9 0.9597156398104265 0.828909952606635 0.06540284360189573 0.06635071090047394
1 0.9270142180094787 0.8639810426540284 0.055924170616113746 0.07393364928909953
6 0.890521327014218 0.8824644549763033 0.055924170616113746 0.06919431279620854
6 0.862085308056872 0.8895734597156398 0.05402843601895735 0.06824644549763033
6 0.8308056872037914 0.875829383886256 0.05023696682464455 0.06824644549763033
6 0.7976303317535545 0.8639810426540284 0.054976303317535544 0.06635071090047394
1 0.7791469194312797 0.8360189573459715 0.05687203791469194 0.06919431279620854
9 0.75260663507109 0.7985781990521327 0.06350710900473934 0.06635071090047394
9 0.7336492890995261 0.7573459715639811 0.06824644549763033 0.06540284360189573
8 0.7137440758293839 0.6990521327014217 0.0909952606635071 0.0966824644549763