8 0.13364928909952606 0.26398104265402844 0.07109004739336493 0.07582938388625593
8 0.08767772511848342 0.23080568720379147 0.07298578199052133 0.07677725118483412
9 0.05071090047393365 0.1957345971563981 0.05687203791469194 0.06635071090047394
9 0.017061611374407582 0.18104265402843603 0.034123222748815164 0.06824644549763033
3 0.7312796208530805 0.26540284360189575 0.04549763033175355 0.04454976303317536
3 0.7582938388625592 0.32701421800947866 0.04834123222748815 0.04739336492890995
9 0.7781990521327015 0.3791469194312796 0.05402843601895735 0.05781990521327014
9 0.7971563981042654 0.4260663507109005 0.05308056872037915 0.04454976303317536
9 0.9909952606635071 0.41753554502369666 0.01800947867298578 0.04834123222748815
1 0.9791469194312796 0.45355450236966827 0.04170616113744076 0.05781990521327014
6 0.9554502369668246 0.4725118483412322 0.03601895734597156 0.046445497630331754
6 0.923696682464455 0.4824644549763033 0.03601895734597156 0.05308056872037915
6 0.8900473933649289 0.4843601895734597 0.031279620853080566 0.046445497630331754
6 0.8582938388625593 0.4725118483412322 0.035071090047393366 0.05023696682464455
1 0.8222748815165877 0.4654028436018957 0.04265402843601896 0.05402843601895735
9 0.03459715639810427 0.976303317535545 0.05023696682464455 0.04739336492890995
9 0.05924170616113744 0.9388625592417061 0.04739336492890995 0.05023696682464455
9 0.24312796208530807 0.9753554502369668 0.055924170616113746 0.04928909952606635
1 0.23696682464454977 0.9317535545023696 0.04834123222748815 0.05118483412322275
1 0.0867298578199052 0.9071090047393365 0.04454976303317536 0.04834123222748815
6 0.11753554502369669 0.8933649289099526 0.03886255924170616 0.04265402843601896
6 0.17582938388625594 0.8981042654028436 0.03696682464454976 0.04265402843601896
6 0.2033175355450237 0.9113744075829384 0.043601895734597156 0.046445497630331754
6 0.14881516587677726 0.8876777251184834 0.03696682464454976 0.043601895734597156
1 0.7568720379146919 0.8559241706161137 0.07772511848341232 0.08909952606635071
6 0.7066350710900474 0.8943127962085308 0.06066350710900474 0.061611374407582936
6 0.6398104265402843 0.8985781990521327 0.08436018957345971 0.06824644549763033
6 0.566350710900474 0.8829383886255924 0.07962085308056872 0.06824644549763033
6 0.5208530805687204 0.837914691943128 0.06445497630331753 0.06919431279620854
1 0.5028436018957346 0.7786729857819905 0.08246445497630332 0.07867298578199051
0 0.7971563981042654 0.7777251184834123 0.04928909952606635 0.058767772511848344