8 0.4056872037914692 0.1957345971563981 0.07582938388625593 0.07203791469194312
8 0.4322274881516588 0.24549763033175356 0.07393364928909953 0.07014218009478673
9 0.45308056872037916 0.2914691943127962 0.07488151658767772 0.06255924170616113
9 0.46303317535545024 0.33886255924170616 0.07298578199052133 0.058767772511848344
8 0.16682464454976303 0.43838862559241704 0.07867298578199051 0.07488151658767772
8 0.2184834123222749 0.4601895734597156 0.06445497630331753 0.06540284360189573
9 0.26303317535545023 0.4758293838862559 0.055924170616113746 0.061611374407582936
9 0.304739336492891 0.48625592417061614 0.052132701421800945 0.061611374407582936
1 0.35450236966824644 0.4919431279620853 0.06635071090047394 0.054976303317535544
1 0.47488151658767774 0.3848341232227488 0.06255924170616113 0.054976303317535544
6 0.4014218009478673 0.4909952606635071 0.04739336492890995 0.04739336492890995
6 0.4374407582938389 0.4848341232227488 0.04265402843601896 0.04265402843601896
6 0.46492890995260666 0.46161137440758293 0.046445497630331754 0.04549763033175355
6 0.4786729857819905 0.43033175355450237 0.04549763033175355 0.05023696682464455
8 0.7639810426540284 0.16161137440758294 0.08720379146919431 0.09289099526066351
8 0.8109004739336493 0.2156398104265403 0.0938388625592417 0.09573459715639811
9 0.8445497630331753 0.25829383886255924 0.06635071090047394 0.06066350710900474
9 0.8748815165876778 0.2900473933649289 0.06445497630331753 0.06445497630331753
6 0.9829383886255925 0.3246445497630332 0.034123222748815164 0.06729857819905213
6 0.9478672985781991 0.328436018957346 0.05402843601895735 0.058767772511848344
1 0.904739336492891 0.3222748815165877 0.058767772511848344 0.06824644549763033
2 0.45781990521327015 0.6559241706161137 0.07393364928909953 0.07014218009478673
9 0.4004739336492891 0.6696682464454976 0.05402843601895735 0.06729857819905213
9 0.3578199052132701 0.6815165876777252 0.05023696682464455 0.06066350710900474
1 0.314218009478673 0.690521327014218 0.052132701421800945 0.058767772511848344
6 0.2720379146919431 0.6819905213270142 0.05023696682464455 0.04454976303317536
6 0.24265402843601896 0.666824644549763 0.05402843601895735 0.04265402843601896
8 0.6251184834123222 0.6398104265402843 0.05023696682464455 0.06445497630331753
8 0.9578199052132701 0.6966824644549763 0.06729857819905213 0.06066350710900474
8 0.9469194312796209 0.638388625592417 0.07014218009478673 0.07014218009478673
8 0.6445497630331753 0.590047393364929 0.07109004739336493 0.07677725118483412
9 0.6725118483412322 0.5488151658767773 0.061611374407582936 0.058767772511848344
9 0.9364928909952607 0.5872037914691943 0.06066350710900474 0.05118483412322275
9 0.9251184834123223 0.5459715639810426 0.06066350710900474 0.05308056872037915
9 0.6890995260663507 0.5279620853080569 0.054976303317535544 0.017061611374407582