9 0.209478672985782 0.2919431279620853 0.06635071090047394 0.07014218009478673
9 0.19194312796208532 0.3407582938388626 0.06635071090047394 0.06540284360189573
1 0.16350710900473933 0.37156398104265403 0.05971563981042654 0.05687203791469194
6 0.13033175355450238 0.3853080568720379 0.052132701421800945 0.029383886255924172
6 0.09004739336492891 0.3924170616113744 0.04928909952606635 0.015165876777251185
6 0.01943127962085308 0.390521327014218 0.03886255924170616 0.018957345971563982
8 0.6597156398104266 0.14360189573459717 0.07109004739336493 0.07488151658767772
8 0.5966824644549763 0.16303317535545023 0.07962085308056872 0.08246445497630332
9 0.542654028436019 0.18341232227488152 0.052132701421800945 0.06066350710900474
9 0.4947867298578199 0.1900473933649289 0.05402843601895735 0.05781990521327014
1 0.4483412322274882 0.1957345971563981 0.052132701421800945 0.04928909952606635
6 0.409478672985782 0.18578199052132702 0.05308056872037915 0.04549763033175355
6 0.3876777251184834 0.16824644549763032 0.05308056872037915 0.04170616113744076
6 0.3696682464454976 0.13601895734597155 0.052132701421800945 0.03601895734597156
6 0.3639810426540284 0.11090047393364928 0.05023696682464455 0.034123222748815164
9 0.1 0.43317535545023694 0.06729857819905213 0.06255924170616113
9 0.1037914691943128 0.4895734597156398 0.06445497630331753 0.06066350710900474
6 0.025118483412322274 0.6483412322274882 0.05023696682464455 0.06445497630331753
6 0.061611374407582936 0.6360189573459716 0.05402843601895735 0.061611374407582936
6 0.09573459715639811 0.6255924170616114 0.06445497630331753 0.06350710900473934
6 0.10900473933649289 0.5924170616113744 0.06445497630331753 0.05971563981042654
1 0.10758293838862559 0.5445497630331754 0.07014218009478673 0.06445497630331753
8 0.6364928909952606 0.43933649289099524 0.0938388625592417 0.07867298578199051
8 0.671090047393365 0.5033175355450237 0.09289099526066351 0.0976303317535545
9 0.7 0.5635071090047393 0.07488151658767772 0.06445497630331753
9 0.7056872037914692 0.6180094786729858 0.07867298578199051 0.06350710900473934
8 0.3582938388625592 0.7360189573459716 0.05687203791469194 0.08436018957345971
8 0.4109004739336493 0.7677725118483413 0.08720379146919431 0.0881516587677725
9 0.47393364928909953 0.7838862559241706 0.06255924170616113 0.07109004739336493
9 0.5298578199052133 0.7928909952606635 0.055924170616113746 0.06540284360189573
1 0.5834123222748815 0.7914691943127962 0.05781990521327014 0.07109004739336493
1 0.6981042654028436 0.671090047393365 0.07488151658767772 0.06445497630331753
6 0.6981042654028436 0.7156398104265402 0.04928909952606635 0.05308056872037915
6 0.6848341232227488 0.7502369668246446 0.04739336492890995 0.04739336492890995
6 0.6601895734597156 0.7744075829383886 0.043601895734597156 0.046445497630331754
6 0.6274881516587678 0.7890995260663507 0.04739336492890995 0.05023696682464455