8 0.0909952606635071 0.4312796208530806 0.08909952606635071 0.05687203791469194
8 0.44360189573459713 0.44976303317535543 0.1004739336492891 0.01990521327014218
3 0.12654028436018958 0.3881516587677725 0.05308056872037915 0.05118483412322275
9 0.43838862559241704 0.42890995260663506 0.07677725118483412 0.061611374407582936
9 0.43317535545023694 0.3800947867298578 0.08341232227488152 0.07203791469194312
9 0.14644549763033177 0.3459715639810427 0.07582938388625593 0.06445497630331753
9 0.17677725118483412 0.3071090047393365 0.08341232227488152 0.07203791469194312
6 0.24739336492890995 0.24928909952606634 0.058767772511848344 0.055924170616113746
6 0.3 0.24976303317535545 0.07298578199052133 0.07109004739336493
6 0.3578199052132701 0.262085308056872 0.06540284360189573 0.06635071090047394
6 0.4023696682464455 0.2838862559241706 0.06066350710900474 0.06445497630331753
1 0.4270142180094787 0.32654028436018956 0.06919431279620854 0.07109004739336493
1 0.2037914691943128 0.26398104265402844 0.06635071090047394 0.06824644549763033
2 0.7071090047393365 0.25260663507109005 0.07488151658767772 0.07488151658767772
3 0.6454976303317536 0.1924170616113744 0.03981042654028436 0.03886255924170616
4 0.5962085308056873 0.14881516587677726 0.043601895734597156 0.04170616113744076
6 0.5488151658767773 0.09146919431279621 0.018957345971563982 0.05971563981042654
1 0.5677725118483412 0.10900473933649289 0.052132701421800945 0.05971563981042654
4 0.16161137440758294 0.7308056872037915 0.043601895734597156 0.04265402843601896
9 0.14407582938388624 0.7919431279620853 0.06729857819905213 0.06729857819905213
9 0.12606635071090047 0.8374407582938389 0.05687203791469194 0.055924170616113746
1 0.0981042654028436 0.8682464454976303 0.05781990521327014 0.06635071090047394
6 0.07156398104265403 0.8943127962085308 0.05118483412322275 0.06445497630331753
6 0.03886255924170616 0.9009478672985782 0.04834123222748815 0.06066350710900474
6 0.014218009478672985 0.8981042654028436 0.02843601895734597 0.06350710900473934
8 0.843127962085308 0.70521327014218 0.0947867298578199 0.09289099526066351
8 0.8606635071090047 0.7734597156398104 0.08720379146919431 0.08720379146919431
9 0.8834123222748815 0.8246445497630331 0.07867298578199051 0.07772511848341232
6 0.9715639810426541 0.9374407582938389 0.05687203791469194 0.07203791469194312
6 0.9919431279620853 0.9530805687203792 0.016113744075829384 0.07109004739336493
1 0.9407582938388626 0.9075829383886256 0.07298578199052133 0.08151658767772511
9 0.9042654028436019 0.871563981042654 0.07298578199052133 0.07393364928909953