6 0.9274881516587677 0.2213270142180095 0.07677725118483412 0.016113744075829384
8 0.26966824644549764 0.7744075829383886 0.07298578199052133 0.07488151658767772
3 0.2914691943127962 0.723696682464455 0.03981042654028436 0.04075829383886256
9 0.2919431279620853 0.6592417061611374 0.06729857819905213 0.06729857819905213
9 0.3042654028436019 0.6203791469194313 0.06635071090047394 0.06066350710900474
9 0.5180094786729857 0.5819905213270142 0.023696682464454975 0.06066350710900474
1 0.509478672985782 0.5421800947867299 0.04075829383886256 0.06255924170616113
1 0.3071090047393365 0.5729857819905213 0.058767772511848344 0.06729857819905213
6 0.33270142180094786 0.5402843601895735 0.05402843601895735 0.06445497630331753
6 0.3753554502369668 0.523696682464455 0.06729857819905213 0.07203791469194312
6 0.4327014218009479 0.5161137440758294 0.06635071090047394 0.07203791469194312
6 0.48056872037914694 0.524170616113744 0.05118483412322275 0.06255924170616113
3 0.8322274881516588 0.6175355450236967 0.04075829383886256 0.04170616113744076
8 0.9061611374407583 0.6246445497630332 0.09004739336492891 0.08909952606635071
9 0.9734597156398104 0.6336492890995261 0.05308056872037915 0.07298578199052133