8 0.014691943127962086 0.3066350710900474 0.029383886255924172 0.09004739336492891
8 0.4265402843601896 0.3052132701421801 0.0966824644549763 0.09573459715639811
8 0.7630331753554502 0.26919431279620853 0.07867298578199051 0.0947867298578199
8 0.7464454976303317 0.34502369668246446 0.08056872037914692 0.08909952606635071
8 0.45829383886255926 0.35924170616113743 0.0938388625592417 0.06066350710900474
9 0.7336492890995261 0.3815165876777251 0.06635071090047394 0.016113744075829384
4 0.4549763033175355 0.566350710900474 0.04075829383886256 0.043601895734597156
8 0.41137440758293836 0.6265402843601896 0.08436018957345971 0.08720379146919431
9 0.49146919431279623 0.5279620853080569 0.06255924170616113 0.06255924170616113
1 0.5639810426540285 0.476303317535545 0.04834123222748815 0.05781990521327014
8 0.714218009478673 0.7436018957345971 0.08720379146919431 0.08625592417061612
8 0.7350710900473933 0.6753554502369669 0.08341232227488152 0.08246445497630332
9 0.7246445497630332 0.6170616113744076 0.06445497630331753 0.06066350710900474
9 0.7308056872037915 0.5691943127962086 0.058767772511848344 0.05781990521327014
1 0.7037914691943128 0.5393364928909953 0.05402843601895735 0.054976303317535544
6 0.5985781990521327 0.4706161137440758 0.04549763033175355 0.06066350710900474
6 0.6327014218009479 0.4758293838862559 0.046445497630331754 0.055924170616113746
6 0.6578199052132702 0.4900473933649289 0.04549763033175355 0.054976303317535544
6 0.6895734597156398 0.5037914691943128 0.054976303317535544 0.05781990521327014
7 0.5322274881516588 0.4962085308056872 0.04834123222748815 0.05118483412322275