3 0.5360189573459716 0.12322274881516587 0.055924170616113746 0.05308056872037915
3 0.45639810426540284 0.18056872037914692 0.054976303317535544 0.05308056872037915
8 0.24691943127962085 0.04075829383886256 0.0938388625592417 0.08151658767772511
9 0.25876777251184835 0.08767772511848342 0.07582938388625593 0.07014218009478673
9 0.27061611374407585 0.13175355450236967 0.07298578199052133 0.07109004739336493
1 0.28720379146919434 0.17014218009478674 0.05971563981042654 0.06066350710900474
6 0.409478672985782 0.2052132701421801 0.04739336492890995 0.05118483412322275
6 0.3753554502369668 0.21184834123222748 0.04549763033175355 0.05023696682464455
6 0.34407582938388626 0.2066350710900474 0.04928909952606635 0.05402843601895735
6 0.3118483412322275 0.1966824644549763 0.04928909952606635 0.05308056872037915
3 0.9696682464454977 0.25924170616113745 0.043601895734597156 0.04739336492890995
9 0.2777251184834123 0.6232227488151659 0.05308056872037915 0.04454976303317536
9 0.2914691943127962 0.6578199052132702 0.05402843601895735 0.05971563981042654
1 0.31469194312796206 0.6976303317535545 0.05971563981042654 0.06255924170616113
6 0.3753554502369668 0.7123222748815166 0.04549763033175355 0.052132701421800945
6 0.41706161137440756 0.7090047393364929 0.04549763033175355 0.052132701421800945
6 0.4545023696682464 0.7028436018957346 0.043601895734597156 0.05308056872037915
1 0.4890995260663507 0.6947867298578199 0.054976303317535544 0.06540284360189573
9 0.5118483412322274 0.656872037914692 0.06066350710900474 0.06066350710900474
9 0.5218009478672986 0.614218009478673 0.06445497630331753 0.058767772511848344
0 0.3459715639810427 0.7113744075829384 0.03601895734597156 0.04075829383886256
8 0.8781990521327014 0.6270142180094787 0.0976303317535545 0.0985781990521327
8 0.8099526066350711 0.6227488151658768 0.08625592417061612 0.09194312796208531
9 0.7563981042654029 0.6260663507109004 0.06635071090047394 0.07488151658767772
9 0.7075829383886256 0.6180094786729858 0.06729857819905213 0.07109004739336493
1 0.6663507109004739 0.6075829383886255 0.05308056872037915 0.06824644549763033
6 0.6464454976303318 0.5767772511848341 0.013270142180094787 0.05781990521327014
6 0.64739336492891 0.542654028436019 0.015165876777251185 0.04265402843601896