8 0.35260663507109 0.328436018957346 0.06635071090047394 0.06729857819905213
9 0.36777251184834125 0.2862559241706161 0.04739336492890995 0.043601895734597156
9 0.3872037914691943 0.2563981042654028 0.04834123222748815 0.04549763033175355
1 0.4104265402843602 0.22511848341232227 0.058767772511848344 0.07014218009478673
4 0.5327014218009478 0.2033175355450237 0.013270142180094787 0.03886255924170616
4 0.4843601895734597 0.2018957345971564 0.03601895734597156 0.03222748815165877
4 0.45213270142180095 0.21990521327014217 0.03696682464454976 0.03886255924170616
8 0.828909952606635 0.022748815165876776 0.05971563981042654 0.04549763033175355
8 0.8445497630331753 0.061611374407582936 0.06255924170616113 0.06540284360189573
9 0.8554502369668247 0.1080568720379147 0.06255924170616113 0.05118483412322275
1 0.8682464454976303 0.1881516587677725 0.052132701421800945 0.052132701421800945
5 0.8535545023696682 0.22464454976303316 0.03033175355450237 0.031279620853080566
5 0.790521327014218 0.27582938388625594 0.031279620853080566 0.03222748815165877
4 0.6744075829383887 0.24739336492890995 0.03601895734597156 0.034123222748815164
5 0.7137440758293839 0.26587677725118486 0.031279620853080566 0.03222748815165877
1 0.7440758293838863 0.2781990521327014 0.04834123222748815 0.05023696682464455
3 0.6 0.18578199052132702 0.03317535545023697 0.03222748815165877
5 0.8720379146919431 0.15402843601895735 0.03033175355450237 0.03033175355450237
9 0.23696682464454977 0.6165876777251185 0.05687203791469194 0.03317535545023697
9 0.44786729857819907 0.6260663507109004 0.05781990521327014 0.052132701421800945
9 0.4706161137440758 0.609478672985782 0.061611374407582936 0.018957345971563982
1 0.4203791469194313 0.6454976303317536 0.054976303317535544 0.08341232227488152
1 0.26445497630331755 0.6369668246445498 0.055924170616113746 0.06635071090047394
6 0.385781990521327 0.671563981042654 0.03981042654028436 0.05971563981042654
6 0.35023696682464456 0.6758293838862559 0.04075829383886256 0.06066350710900474
6 0.3170616113744076 0.6696682464454976 0.03981042654028436 0.06919431279620854
6 0.2890995260663507 0.6582938388625592 0.046445497630331754 0.06919431279620854
8 0.662085308056872 0.8222748815165877 0.08530805687203792 0.09194312796208531
8 0.985781990521327 0.9611374407582939 0.02843601895734597 0.07772511848341232
8 0.6677725118483412 0.9023696682464455 0.0881516587677725 0.08909952606635071
8 0.9592417061611375 0.9900473933649289 0.08151658767772511 0.01990521327014218
9 0.6672985781990521 0.9635071090047393 0.05781990521327014 0.05402843601895735
9 0.6658767772511849 0.9895734597156398 0.05402843601895735 0.02085308056872038