8 0.05639810426540284 0.17535545023696683 0.07677725118483412 0.08056872037914692
8 0.3824644549763033 0.2161137440758294 0.07488151658767772 0.07393364928909953
8 0.37156398104265403 0.15260663507109004 0.08246445497630332 0.08720379146919431
8 0.08341232227488152 0.12037914691943127 0.07867298578199051 0.08246445497630332
9 0.109478672985782 0.07772511848341232 0.06824644549763033 0.06350710900473934
9 0.36255924170616116 0.09336492890995261 0.06635071090047394 0.06824644549763033
9 0.13554502369668248 0.03744075829383886 0.06350710900473934 0.06255924170616113
9 0.34549763033175357 0.046445497630331754 0.061611374407582936 0.06350710900473934
1 0.16966824644549763 0.016113744075829384 0.06445497630331753 0.03222748815165877
1 0.3222748815165877 0.017535545023696683 0.06066350710900474 0.035071090047393366
8 0.7597156398104266 0.4218009478672986 0.09573459715639811 0.1004739336492891
9 0.7341232227488151 0.4781990521327014 0.07298578199052133 0.06350710900473934
9 0.7161137440758294 0.5218009478672986 0.06445497630331753 0.06350710900473934
1 0.6895734597156398 0.5611374407582939 0.06350710900473934 0.05687203791469194
6 0.6554502369668247 0.5677725118483412 0.052132701421800945 0.043601895734597156
6 0.6180094786729858 0.5682464454976304 0.04928909952606635 0.04265402843601896
6 0.5824644549763033 0.5710900473933649 0.04834123222748815 0.03696682464454976
6 0.5526066350710901 0.5606635071090047 0.05308056872037915 0.05781990521327014
1 0.518957345971564 0.5436018957345972 0.055924170616113746 0.055924170616113746
9 0.5023696682464455 0.500473933649289 0.058767772511848344 0.058767772511848344
9 0.4881516587677725 0.4549763033175355 0.06729857819905213 0.061611374407582936
3 0.47393364928909953 0.3971563981042654 0.043601895734597156 0.043601895734597156
3 0.46255924170616114 0.3464454976303318 0.026540284360189573 0.04454976303317536
6 0.24644549763033174 0.9943127962085309 0.05118483412322275 0.011374407582938388
6 0.22559241706161137 0.9867298578199052 0.05687203791469194 0.026540284360189573
6 0.2071090047393365 0.9658767772511848 0.05687203791469194 0.03886255924170616
8 0.704265402843602 0.981042654028436 0.09289099526066351 0.037914691943127965
8 0.7459715639810427 0.9440758293838862 0.0995260663507109 0.1061611374407583
9 0.7734597156398104 0.8900473933649289 0.07582938388625593 0.07109004739336493
9 0.8180094786729858 0.8710900473933649 0.07582938388625593 0.07867298578199051
1 0.8606635071090047 0.8549763033175355 0.06919431279620854 0.07393364928909953
3 0.9004739336492891 0.8630331753554502 0.03317535545023697 0.03317535545023697