8 0.15213270142180094 0.14502369668246445 0.09004739336492891 0.0938388625592417
8 0.18862559241706162 0.18672985781990523 0.06919431279620854 0.06824644549763033
9 0.22227488151658767 0.21800947867298578 0.06350710900473934 0.06635071090047394
1 0.25687203791469193 0.24360189573459715 0.04834123222748815 0.05308056872037915
3 0.4028436018957346 0.17203791469194313 0.034123222748815164 0.046445497630331754
6 0.38436018957345974 0.20853080568720378 0.043601895734597156 0.04739336492890995
6 0.36161137440758295 0.23459715639810427 0.03601895734597156 0.04170616113744076
6 0.33270142180094786 0.24597156398104264 0.04075829383886256 0.04265402843601896
6 0.2985781990521327 0.25355450236966826 0.04170616113744076 0.04834123222748815
4 0.5412322274881517 0.11042654028436019 0.04170616113744076 0.037914691943127965
4 0.580568720379147 0.14691943127962084 0.04265402843601896 0.04075829383886256
5 0.6341232227488152 0.2009478672985782 0.03696682464454976 0.035071090047393366
8 0.85260663507109 0.027962085308056873 0.08625592417061612 0.055924170616113746
9 0.8630331753554502 0.07582938388625593 0.06635071090047394 0.05687203791469194
9 0.8706161137440759 0.11658767772511848 0.07109004739336493 0.058767772511848344
1 0.866824644549763 0.16445497630331754 0.06824644549763033 0.06824644549763033
6 0.8582938388625593 0.2004739336492891 0.043601895734597156 0.046445497630331754
6 0.8308056872037914 0.23222748815165878 0.07203791469194312 0.08151658767772511
6 0.7800947867298578 0.25734597156398104 0.07014218009478673 0.08246445497630332
6 0.7312796208530805 0.266824644549763 0.04549763033175355 0.055924170616113746
1 0.6862559241706161 0.25355450236966826 0.05971563981042654 0.08909952606635071
8 0.195260663507109 0.9701421800947867 0.08720379146919431 0.05971563981042654
8 0.27440758293838863 0.976303317535545 0.09004739336492891 0.04739336492890995
8 0.34502369668246446 0.9777251184834124 0.06824644549763033 0.04454976303317536
9 0.3943127962085308 0.9729857819905213 0.05118483412322275 0.05402843601895735
8 0.6184834123222749 0.9824644549763033 0.06919431279620854 0.035071090047393366
8 0.6862559241706161 0.966824644549763 0.07014218009478673 0.06635071090047394
9 0.7369668246445498 0.9644549763033176 0.04928909952606635 0.06729857819905213
9 0.7848341232227488 0.9611374407582939 0.052132701421800945 0.07488151658767772
1 0.8298578199052132 0.9502369668246445 0.06350710900473934 0.07962085308056872
6 0.8805687203791469 0.9511848341232227 0.05971563981042654 0.05781990521327014
6 0.9156398104265403 0.9682464454976303 0.06066350710900474 0.061611374407582936