8 0.24834123222748816 0.02227488151658768 0.08720379146919431 0.04454976303317536
9 0.23222748815165878 0.05924170616113744 0.07488151658767772 0.06635071090047394
6 0.05402843601895735 0.1853080568720379 0.05118483412322275 0.06824644549763033
6 0.0971563981042654 0.1895734597156398 0.05118483412322275 0.06729857819905213
6 0.13317535545023695 0.18104265402843603 0.052132701421800945 0.07014218009478673
6 0.16966824644549763 0.16824644549763032 0.05402843601895735 0.06445497630331753
1 0.1966824644549763 0.14028436018957346 0.06255924170616113 0.06919431279620854
1 0.024644549763033177 0.16492890995260664 0.04928909952606635 0.07582938388625593
9 0.2156398104265403 0.10426540284360189 0.06635071090047394 0.06350710900473934
0 0.2862559241706161 0.609478672985782 0.026540284360189573 0.037914691943127965
9 0.25213270142180094 0.6516587677725119 0.06540284360189573 0.055924170616113746
9 0.23791469194312795 0.6895734597156398 0.06350710900473934 0.05402843601895735
8 0.23270142180094786 0.738388625592417 0.07298578199052133 0.07677725118483412
8 0.22796208530805687 0.7876777251184834 0.07014218009478673 0.06635071090047394
8 0.776303317535545 0.7412322274881517 0.06635071090047394 0.08151658767772511
3 0.723696682464455 0.7393364928909952 0.043601895734597156 0.04075829383886256
9 0.6753554502369669 0.7090047393364929 0.055924170616113746 0.06729857819905213
9 0.6293838862559241 0.7014218009478673 0.05118483412322275 0.05687203791469194
1 0.5853080568720379 0.6981042654028436 0.05402843601895735 0.06729857819905213
6 0.5459715639810426 0.7090047393364929 0.05023696682464455 0.06729857819905213
6 0.5109004739336492 0.7222748815165877 0.061611374407582936 0.07488151658767772
6 0.48104265402843605 0.7549763033175355 0.06635071090047394 0.07772511848341232