9 0.5071090047393365 0.295260663507109 0.08151658767772511 0.06919431279620854
1 0.4848341232227488 0.22701421800947869 0.07298578199052133 0.08056872037914692
6 0.35592417061611376 0.15924170616113745 0.08246445497630332 0.09289099526066351
6 0.25734597156398104 0.2080568720379147 0.07488151658767772 0.07677725118483412
1 0.2241706161137441 0.24218009478672986 0.07867298578199051 0.08056872037914692
6 0.44407582938388623 0.18672985781990523 0.06729857819905213 0.07962085308056872
8 0.8644549763033176 0.22180094786729856 0.0995260663507109 0.1033175355450237
9 0.8308056872037914 0.1734597156398104 0.08246445497630332 0.06729857819905213
9 0.8018957345971564 0.13507109004739337 0.08056872037914692 0.07582938388625593
1 0.771090047393365 0.0985781990521327 0.08436018957345971 0.08720379146919431
6 0.7303317535545024 0.07203791469194312 0.06919431279620854 0.06729857819905213
6 0.6786729857819905 0.07156398104265403 0.07582938388625593 0.0938388625592417
6 0.6189573459715639 0.08341232227488152 0.08246445497630332 0.0995260663507109
3 0.5919431279620853 0.12796208530805686 0.04454976303317536 0.04549763033175355
8 0.2241706161137441 0.8625592417061612 0.08909952606635071 0.09573459715639811
9 0.2919431279620853 0.828909952606635 0.06350710900473934 0.07203791469194312
9 0.3246445497630332 0.814218009478673 0.054976303317535544 0.06729857819905213
1 0.35687203791469196 0.8033175355450237 0.04834123222748815 0.05687203791469194
6 0.395260663507109 0.8033175355450237 0.05023696682464455 0.06255924170616113
6 0.4322274881516588 0.8075829383886256 0.06445497630331753 0.06540284360189573
3 0.7213270142180095 0.7488151658767772 0.05023696682464455 0.055924170616113746
8 0.9867298578199052 0.5322274881516588 0.026540284360189573 0.07677725118483412
1 0.9199052132701422 0.8573459715639811 0.054976303317535544 0.05781990521327014
9 0.871563981042654 0.8478672985781991 0.061611374407582936 0.06919431279620854
3 0.8218009478672986 0.8279620853080568 0.04170616113744076 0.04834123222748815
8 0.7786729857819905 0.79478672985782 0.08625592417061612 0.08530805687203792
6 0.9853080568720379 0.833175355450237 0.029383886255924172 0.04170616113744076
6 0.9606635071090047 0.8464454976303317 0.04739336492890995 0.04928909952606635