8 0.22369668246445498 0.3881516587677725 0.08246445497630332 0.08530805687203792
6 0.06729857819905213 0.6071090047393365 0.04739336492890995 0.061611374407582936
6 0.10710900473933649 0.6056872037914692 0.04739336492890995 0.06350710900473934
6 0.14360189573459717 0.590521327014218 0.052132701421800945 0.06824644549763033
6 0.17014218009478674 0.5767772511848341 0.05687203791469194 0.05971563981042654
1 0.026540284360189573 0.5971563981042654 0.05308056872037915 0.058767772511848344
1 0.1933649289099526 0.5379146919431279 0.06066350710900474 0.05687203791469194
9 0.20568720379146918 0.4962085308056872 0.05308056872037915 0.05781990521327014
9 0.006635071090047393 0.5691943127962086 0.013270142180094787 0.05781990521327014
8 0.5966824644549763 0.5796208530805688 0.07962085308056872 0.08341232227488152
8 0.628436018957346 0.5213270142180095 0.08056872037914692 0.07867298578199051
8 0.6663507109004739 0.46161137440758293 0.08151658767772511 0.08151658767772511
9 0.7023696682464455 0.41800947867298577 0.052132701421800945 0.055924170616113746
9 0.7327014218009479 0.3867298578199052 0.055924170616113746 0.055924170616113746
8 0.9251184834123223 0.6184834123222749 0.07109004739336493 0.07109004739336493
8 0.9251184834123223 0.5554502369668246 0.06919431279620854 0.07203791469194312
9 0.9260663507109005 0.5014218009478673 0.052132701421800945 0.04834123222748815
9 0.9232227488151659 0.4611374407582938 0.05118483412322275 0.04739336492890995
1 0.9061611374407583 0.42322274881516586 0.05781990521327014 0.05023696682464455
1 0.771563981042654 0.3744075829383886 0.05118483412322275 0.058767772511848344
6 0.8895734597156398 0.3962085308056872 0.05687203791469194 0.04549763033175355
6 0.8658767772511848 0.3815165876777251 0.05308056872037915 0.04549763033175355
6 0.8364928909952607 0.37203791469194314 0.046445497630331754 0.046445497630331754
6 0.8033175355450237 0.3639810426540284 0.04265402843601896 0.05118483412322275