8 0.1004739336492891 0.08530805687203792 0.0947867298578199 0.11658767772511848
8 0.17488151658767773 0.08246445497630332 0.0966824644549763 0.1052132701421801
9 0.24407582938388625 0.08530805687203792 0.07488151658767772 0.08530805687203792
1 0.3 0.0867298578199052 0.06824644549763033 0.07867298578199051
6 0.34928909952606635 0.1018957345971564 0.06824644549763033 0.07393364928909953
6 0.3938388625592417 0.12559241706161137 0.08530805687203792 0.08625592417061612
9 0.2184834123222749 0.04312796208530806 0.07677725118483412 0.07298578199052133
9 0.7175355450236967 0.3104265402843602 0.06919431279620854 0.07677725118483412
9 0.7578199052132701 0.33317535545023697 0.06729857819905213 0.07867298578199051
1 0.8066350710900474 0.34834123222748814 0.06919431279620854 0.07014218009478673
6 0.8473933649289099 0.3355450236966825 0.06445497630331753 0.06445497630331753
6 0.885781990521327 0.3123222748815166 0.07393364928909953 0.06919431279620854
6 0.9151658767772511 0.2739336492890995 0.07393364928909953 0.06919431279620854
6 0.9293838862559242 0.23033175355450236 0.06255924170616113 0.05971563981042654
1 0.9350710900473934 0.1853080568720379 0.07298578199052133 0.06540284360189573
8 0.5530805687203791 0.8383886255924171 0.07298578199052133 0.08056872037914692
8 0.4909952606635071 0.8402843601895734 0.08341232227488152 0.09194312796208531
9 0.4369668246445498 0.833175355450237 0.058767772511848344 0.06350710900473934
9 0.3900473933649289 0.8322274881516588 0.061611374407582936 0.06919431279620854
1 0.33080568720379144 0.8355450236966825 0.061611374407582936 0.06635071090047394
6 0.2843601895734597 0.8146919431279621 0.06066350710900474 0.05308056872037915
6 0.262085308056872 0.7834123222748816 0.07109004739336493 0.06350710900473934
6 0.24265402843601896 0.7369668246445498 0.07393364928909953 0.06255924170616113
8 0.6251184834123222 0.7459715639810427 0.07109004739336493 0.0947867298578199
8 0.9497630331753555 0.8170616113744076 0.08436018957345971 0.09289099526066351
9 0.8909952606635071 0.9014218009478673 0.06919431279620854 0.06919431279620854
9 0.8635071090047394 0.9412322274881516 0.05023696682464455 0.054976303317535544
9 0.6303317535545023 0.8436018957345972 0.06255924170616113 0.05971563981042654
9 0.6355450236966824 0.8938388625592417 0.05971563981042654 0.05781990521327014
1 0.8279620853080568 0.9682464454976303 0.052132701421800945 0.05971563981042654
1 0.6530805687203791 0.9383886255924171 0.05118483412322275 0.05971563981042654
6 0.7890995260663507 0.9800947867298578 0.05402843601895735 0.03981042654028436
6 0.7511848341232228 0.9796208530805687 0.05023696682464455 0.04075829383886256
6 0.7146919431279621 0.975829383886256 0.05118483412322275 0.04834123222748815
6 0.6834123222748815 0.9644549763033176 0.054976303317535544 0.06445497630331753