4 0.16208530805687205 0.2843601895734597 0.04075829383886256 0.04265402843601896
8 0.2241706161137441 0.31990521327014215 0.1052132701421801 0.1052132701421801
9 0.2886255924170616 0.34454976303317536 0.07109004739336493 0.08056872037914692
9 0.33270142180094786 0.376303317535545 0.06919431279620854 0.07203791469194312
1 0.38341232227488153 0.3909952606635071 0.06540284360189573 0.06635071090047394
6 0.42369668246445497 0.3900473933649289 0.06729857819905213 0.061611374407582936
6 0.43838862559241704 0.3644549763033175 0.04265402843601896 0.052132701421800945
6 0.4492890995260663 0.34786729857819904 0.02085308056872038 0.054976303317535544
8 0.9516587677725118 0.3104265402843602 0.0947867298578199 0.08436018957345971
8 0.6559241706161137 0.22369668246445498 0.08056872037914692 0.07677725118483412
9 0.6701421800947868 0.28199052132701424 0.06635071090047394 0.06350710900473934
9 0.6725118483412322 0.328436018957346 0.05308056872037915 0.05308056872037915
9 0.9118483412322275 0.36113744075829385 0.07298578199052133 0.07488151658767772
9 0.8748815165876778 0.39478672985781993 0.07109004739336493 0.07014218009478673
1 0.8322274881516588 0.4184834123222749 0.06729857819905213 0.08151658767772511
1 0.6872037914691943 0.3701421800947867 0.06635071090047394 0.06824644549763033
6 0.7990521327014218 0.42985781990521327 0.05118483412322275 0.05971563981042654
6 0.7630331753554502 0.42274881516587676 0.05118483412322275 0.06919431279620854
6 0.7279620853080568 0.414218009478673 0.05023696682464455 0.06635071090047394
6 0.7085308056872038 0.3933649289099526 0.05402843601895735 0.06445497630331753
8 0.21421800947867298 0.509478672985782 0.0881516587677725 0.06729857819905213
9 0.2104265402843602 0.5440758293838862 0.07488151658767772 0.06066350710900474
9 0.2099526066350711 0.580568720379147 0.08056872037914692 0.06350710900473934
1 0.21658767772511847 0.6255924170616114 0.06445497630331753 0.06729857819905213
1 0.43886255924170614 0.6781990521327014 0.04170616113744076 0.06540284360189573
9 0.44786729857819907 0.6398104265402843 0.023696682464454975 0.06635071090047394
2 0.4052132701421801 0.6938388625592417 0.05118483412322275 0.05023696682464455
2 0.24976303317535545 0.662085308056872 0.04739336492890995 0.04265402843601896
6 0.35639810426540286 0.695260663507109 0.06445497630331753 0.054976303317535544
6 0.3 0.6838862559241706 0.07203791469194312 0.05971563981042654
8 0.6725118483412322 0.4995260663507109 0.1014218009478673 0.07962085308056872
8 0.6919431279620853 0.5393364928909953 0.07772511848341232 0.07582938388625593
9 0.7123222748815166 0.580568720379147 0.07109004739336493 0.07393364928909953
1 0.7355450236966825 0.6165876777251185 0.054976303317535544 0.05781990521327014
3 0.9023696682464455 0.6042654028436019 0.05023696682464455 0.052132701421800945
3 0.9682464454976303 0.5383886255924171 0.05118483412322275 0.05781990521327014
6 0.866824644549763 0.6298578199052133 0.04928909952606635 0.052132701421800945
6 0.8364928909952607 0.6459715639810426 0.04075829383886256 0.04549763033175355
6 0.8056872037914692 0.6464454976303318 0.04549763033175355 0.04739336492890995
6 0.7706161137440758 0.6407582938388625 0.04739336492890995 0.052132701421800945