3 0.24691943127962085 0.4966824644549763 0.043601895734597156 0.04265402843601896
2 0.2777251184834123 0.5127962085308057 0.058767772511848344 0.013270142180094787
4 0.6578199052132702 0.2099526066350711 0.04549763033175355 0.04454976303317536
4 0.6938388625592417 0.17819905213270143 0.04549763033175355 0.05402843601895735
3 0.7459715639810427 0.15213270142180094 0.04170616113744076 0.04834123222748815
9 0.8033175355450237 0.10568720379146919 0.07488151658767772 0.0909952606635071
8 0.9028436018957346 0.48009478672985784 0.0938388625592417 0.07867298578199051
8 0.9464454976303317 0.42748815165876775 0.09289099526066351 0.08720379146919431
9 0.9625592417061611 0.37156398104265403 0.07488151658767772 0.07393364928909953
9 0.9677725118483412 0.3137440758293839 0.06445497630331753 0.07962085308056872
1 0.862085308056872 0.1018957345971564 0.07109004739336493 0.08909952606635071
6 0.9080568720379147 0.11421800947867299 0.06255924170616113 0.07772511848341232
6 0.9497630331753555 0.13175355450236967 0.08341232227488152 0.08720379146919431
6 0.9720379146919431 0.17014218009478674 0.055924170616113746 0.09194312796208531
6 0.9843601895734597 0.21421800947867298 0.031279620853080566 0.06824644549763033
1 0.9819905213270143 0.26398104265402844 0.03601895734597156 0.06729857819905213
8 0.17203791469194313 0.6928909952606636 0.08625592417061612 0.0947867298578199
8 0.10995260663507109 0.6682464454976303 0.08909952606635071 0.1004739336492891
9 0.06208530805687204 0.6402843601895735 0.06350710900473934 0.07203791469194312
9 0.025118483412322274 0.6251184834123222 0.05023696682464455 0.07298578199052133
8 0.5464454976303318 0.8336492890995261 0.08909952606635071 0.11279620853080569
8 0.6203791469194313 0.8260663507109005 0.09194312796208531 0.1014218009478673
9 0.6895734597156398 0.8236966824644549 0.07109004739336493 0.08246445497630332
1 0.7454976303317535 0.8213270142180095 0.06540284360189573 0.07582938388625593
6 0.795734597156398 0.833175355450237 0.06445497630331753 0.07109004739336493
6 0.8421800947867298 0.8535545023696682 0.08151658767772511 0.08341232227488152
9 0.6611374407582938 0.7834123222748816 0.07393364928909953 0.06919431279620854