8 0.016587677725118485 0.022748815165876776 0.03317535545023697 0.04549763033175355
9 0.7085308056872038 0.3355450236966825 0.055924170616113746 0.04739336492890995
9 0.4933649289099526 0.34881516587677724 0.05971563981042654 0.02085308056872038
8 0.4710900473933649 0.31990521327014215 0.08341232227488152 0.07867298578199051
8 0.032701421800947865 0.7407582938388626 0.06540284360189573 0.08436018957345971
9 0.07962085308056872 0.7497630331753554 0.05023696682464455 0.06255924170616113
9 0.12132701421800948 0.7511848341232228 0.052132701421800945 0.06255924170616113
1 0.16208530805687205 0.7454976303317535 0.05118483412322275 0.054976303317535544
6 0.1909952606635071 0.723696682464455 0.05118483412322275 0.04265402843601896
6 0.2052132701421801 0.6962085308056872 0.04928909952606635 0.03696682464454976
6 0.21374407582938387 0.6696682464454976 0.043601895734597156 0.03317535545023697
8 0.7990521327014218 0.8360189573459715 0.0976303317535545 0.0909952606635071
8 0.490521327014218 0.8919431279620853 0.0985781990521327 0.08625592417061612
9 0.7862559241706161 0.776303317535545 0.061611374407582936 0.046445497630331754
9 0.7654028436018957 0.7355450236966825 0.06540284360189573 0.05687203791469194
9 0.4876777251184834 0.8303317535545024 0.06635071090047394 0.05402843601895735
9 0.5075829383886256 0.7909952606635071 0.06635071090047394 0.054976303317535544
1 0.5251184834123223 0.737914691943128 0.05687203791469194 0.05023696682464455
1 0.7270142180094786 0.6990521327014217 0.05971563981042654 0.05971563981042654
3 0.5511848341232227 0.7023696682464455 0.03981042654028436 0.04265402843601896
6 0.5886255924170616 0.6763033175355451 0.05308056872037915 0.058767772511848344
6 0.6393364928909953 0.656872037914692 0.06066350710900474 0.061611374407582936
6 0.6900473933649289 0.6701421800947868 0.05308056872037915 0.055924170616113746