8 0.25355450236966826 0.16919431279620853 0.09289099526066351 0.0947867298578199
8 0.13981042654028436 0.5099526066350711 0.08246445497630332 0.08056872037914692
8 0.21516587677725119 0.5042654028436019 0.07867298578199051 0.08341232227488152
4 0.3118483412322275 0.21753554502369668 0.037914691943127965 0.043601895734597156
9 0.2720379146919431 0.4981042654028436 0.05118483412322275 0.058767772511848344
9 0.32037914691943126 0.4919431279620853 0.05781990521327014 0.05971563981042654
9 0.3407582938388626 0.24739336492890995 0.03696682464454976 0.05687203791469194
1 0.34976303317535545 0.4791469194312796 0.018957345971563982 0.06540284360189573
8 0.7274881516587678 0.1985781990521327 0.07298578199052133 0.08056872037914692
4 0.771563981042654 0.1966824644549763 0.03317535545023697 0.03317535545023697
9 0.8118483412322275 0.16398104265402844 0.05687203791469194 0.06919431279620854
6 0.8966824644549763 0.14312796208530806 0.05118483412322275 0.05971563981042654
6 0.9388625592417061 0.15781990521327013 0.06635071090047394 0.06824644549763033
1 0.8535545023696682 0.14644549763033177 0.05402843601895735 0.06255924170616113
0 0.3123222748815166 0.9872037914691943 0.04265402843601896 0.025592417061611375
3 0.9118483412322275 0.7014218009478673 0.04265402843601896 0.04549763033175355
3 0.638388625592417 0.595260663507109 0.03886255924170616 0.011374407582938388
8 0.8488151658767773 0.7327014218009479 0.08436018957345971 0.07962085308056872
9 0.614691943127962 0.6298578199052133 0.06066350710900474 0.05402843601895735
9 0.795734597156398 0.7554502369668247 0.054976303317535544 0.061611374407582936
9 0.7559241706161137 0.7739336492890996 0.052132701421800945 0.058767772511848344
1 0.7127962085308057 0.7672985781990521 0.054976303317535544 0.06540284360189573
1 0.6104265402843602 0.6753554502369669 0.06540284360189573 0.05308056872037915
6 0.6824644549763034 0.771090047393365 0.05118483412322275 0.061611374407582936
6 0.647867298578199 0.7601895734597156 0.05023696682464455 0.058767772511848344
6 0.6260663507109004 0.7374407582938388 0.054976303317535544 0.04834123222748815
6 0.6127962085308057 0.7075829383886256 0.05687203791469194 0.04549763033175355