8 0.5919431279620853 0.03364928909952607 0.0976303317535545 0.06729857819905213
8 0.9341232227488152 0.03175355450236967 0.09194312796208531 0.06350710900473934
8 0.6317535545023697 0.07914691943127962 0.0985781990521327 0.1023696682464455
9 0.9260663507109005 0.07819905213270142 0.07298578199052133 0.06540284360189573
9 0.9085308056872038 0.11895734597156397 0.07582938388625593 0.06824644549763033
1 0.8933649289099526 0.16919431279620853 0.06824644549763033 0.07488151658767772
9 0.6530805687203791 0.13649289099526066 0.06919431279620854 0.07393364928909953
1 0.6800947867298578 0.19194312796208532 0.06824644549763033 0.07488151658767772
6 0.8663507109004739 0.21706161137440758 0.05023696682464455 0.05971563981042654
6 0.819431279620853 0.23364928909952606 0.06824644549763033 0.05971563981042654
6 0.7587677725118483 0.23459715639810427 0.06729857819905213 0.06729857819905213
6 0.7123222748815166 0.22322274881516588 0.06066350710900474 0.06635071090047394
9 0.0895734597156398 0.6203791469194313 0.07393364928909953 0.06066350710900474
9 0.06113744075829384 0.5781990521327014 0.07867298578199051 0.06919431279620854
1 0.026066350710900472 0.5436018957345972 0.052132701421800945 0.06540284360189573
6 0.008530805687203791 0.5061611374407583 0.017061611374407582 0.06824644549763033
4 0.7729857819905214 0.5829383886255924 0.03981042654028436 0.03886255924170616
3 0.7516587677725118 0.6402843601895735 0.035071090047393366 0.03696682464454976
3 0.737914691943128 0.6867298578199053 0.031279620853080566 0.03222748815165877
1 0.70521327014218 0.7578199052132701 0.07109004739336493 0.05971563981042654
8 0.9890995260663508 0.7758293838862559 0.021800947867298578 0.06729857819905213
8 0.9677725118483412 0.8080568720379147 0.06445497630331753 0.07298578199052133
9 0.9317535545023696 0.8364928909952607 0.06066350710900474 0.06255924170616113
9 0.8976303317535546 0.8630331753554502 0.05687203791469194 0.06255924170616113
1 0.8549763033175355 0.8862559241706162 0.05781990521327014 0.06445497630331753
6 0.7118483412322275 0.804739336492891 0.061611374407582936 0.05402843601895735
6 0.7199052132701422 0.8492890995260663 0.05687203791469194 0.06635071090047394
6 0.7611374407582938 0.8838862559241706 0.058767772511848344 0.055924170616113746
6 0.8075829383886256 0.8867298578199052 0.05118483412322275 0.06066350710900474