8 0.26587677725118486 0.23033175355450236 0.06824644549763033 0.07298578199052133
8 0.23080568720379147 0.2791469194312796 0.06919431279620854 0.07109004739336493
4 0.18104265402843603 0.3042654028436019 0.043601895734597156 0.046445497630331754
9 0.14312796208530806 0.35734597156398107 0.07109004739336493 0.07109004739336493
1 0.10284360189573459 0.3881516587677725 0.054976303317535544 0.06729857819905213
6 0.07014218009478673 0.4033175355450237 0.05687203791469194 0.06824644549763033
6 0.02890995260663507 0.4023696682464455 0.04834123222748815 0.06350710900473934
6 0.009478672985781991 0.3928909952606635 0.018957345971563982 0.06540284360189573
1 0.9848341232227488 0.2725118483412322 0.03033175355450237 0.06729857819905213
8 0.7251184834123223 0.15687203791469195 0.08436018957345971 0.07014218009478673
9 0.7412322274881517 0.1990521327014218 0.06445497630331753 0.05687203791469194
9 0.761611374407583 0.23933649289099526 0.061611374407582936 0.06729857819905213
9 0.8004739336492891 0.2672985781990521 0.06635071090047394 0.07488151658767772
1 0.8345971563981043 0.3009478672985782 0.05308056872037915 0.06445497630331753
6 0.8744075829383886 0.31469194312796206 0.05308056872037915 0.06919431279620854
6 0.909952606635071 0.32701421800947866 0.04928909952606635 0.07677725118483412
6 0.9502369668246445 0.3194312796208531 0.05308056872037915 0.06919431279620854
6 0.9767772511848342 0.3061611374407583 0.046445497630331754 0.06824644549763033
9 0.04597156398104266 0.657345971563981 0.05971563981042654 0.055924170616113746
9 0.2616113744075829 0.7312796208530805 0.06729857819905213 0.06729857819905213
9 0.22369668246445498 0.7582938388625592 0.061611374407582936 0.06350710900473934
1 0.18104265402843603 0.7777251184834123 0.05402843601895735 0.05781990521327014
1 0.05165876777251185 0.7056872037914692 0.058767772511848344 0.054976303317535544
6 0.14028436018957346 0.7867298578199052 0.05023696682464455 0.05971563981042654
6 0.10426540284360189 0.7796208530805687 0.04928909952606635 0.05971563981042654
6 0.07440758293838863 0.761611374407583 0.05118483412322275 0.054976303317535544
6 0.05308056872037915 0.7431279620853081 0.05308056872037915 0.05781990521327014
3 0.3056872037914692 0.6943127962085308 0.04075829383886256 0.03696682464454976
8 0.45165876777251185 0.7464454976303317 0.06350710900473934 0.08625592417061612
8 0.8033175355450237 0.8208530805687204 0.08056872037914692 0.08625592417061612
8 0.7625592417061612 0.8748815165876778 0.08246445497630332 0.08530805687203792
4 0.471563981042654 0.8056872037914692 0.04454976303317536 0.043601895734597156
9 0.4720379146919431 0.862085308056872 0.06540284360189573 0.05781990521327014
9 0.4886255924170616 0.9085308056872038 0.06729857819905213 0.061611374407582936
9 0.7369668246445498 0.9251184834123223 0.05971563981042654 0.05781990521327014
9 0.709478672985782 0.9587677725118483 0.055924170616113746 0.058767772511848344
1 0.6744075829383887 0.976303317535545 0.05402843601895735 0.04739336492890995
6 0.6407582938388625 0.9843601895734597 0.05118483412322275 0.031279620853080566
6 0.604739336492891 0.9853080568720379 0.04549763033175355 0.029383886255924172
6 0.5682464454976304 0.9805687203791469 0.046445497630331754 0.03886255924170616
6 0.5383886255924171 0.9720379146919431 0.05308056872037915 0.055924170616113746
1 0.5085308056872038 0.9492890995260663 0.055924170616113746 0.06445497630331753