8 0.14028436018957346 0.07725118483412323 0.08720379146919431 0.09573459715639811
8 0.4990521327014218 0.21658767772511847 0.0995260663507109 0.0947867298578199
8 0.14786729857819905 0.15734597156398103 0.08720379146919431 0.09004739336492891
8 0.45071090047393364 0.2720379146919431 0.0881516587677725 0.0881516587677725
9 0.15118483412322276 0.22322274881516588 0.06540284360189573 0.06255924170616113
9 0.15687203791469195 0.27535545023696684 0.058767772511848344 0.058767772511848344
9 0.4104265402843602 0.31516587677725116 0.058767772511848344 0.05971563981042654
9 0.3706161137440758 0.3407582938388626 0.054976303317535544 0.05971563981042654
1 0.17109004739336492 0.3222748815165877 0.06540284360189573 0.061611374407582936
1 0.33222748815165876 0.36682464454976305 0.05687203791469194 0.06919431279620854
0 0.2919431279620853 0.36777251184834125 0.029383886255924172 0.03886255924170616
0 0.2075829383886256 0.3407582938388626 0.029383886255924172 0.035071090047393366
8 0.8104265402843602 0.17251184834123223 0.08341232227488152 0.08909952606635071
8 0.9066350710900474 0.5123222748815166 0.08151658767772511 0.0881516587677725
8 0.8341232227488151 0.509478672985782 0.08530805687203792 0.0909952606635071
8 0.7545023696682465 0.2033175355450237 0.0985781990521327 0.08909952606635071
9 0.7004739336492891 0.22985781990521326 0.07298578199052133 0.07203791469194312
9 0.6800947867298578 0.26445497630331755 0.061611374407582936 0.07014218009478673
9 0.776303317535545 0.5085308056872038 0.05781990521327014 0.07488151658767772
9 0.7336492890995261 0.4909952606635071 0.05971563981042654 0.07677725118483412
1 0.6625592417061611 0.2900473933649289 0.026540284360189573 0.058767772511848344
1 0.685781990521327 0.4824644549763033 0.054976303317535544 0.055924170616113746
6 0.6592417061611374 0.33696682464454975 0.01990521327014218 0.05023696682464455
6 0.6606635071090048 0.4203791469194313 0.022748815165876776 0.05971563981042654
6 0.6720379146919432 0.44597156398104265 0.04549763033175355 0.05023696682464455
8 0.08720379146919431 0.7540284360189573 0.08436018957345971 0.08151658767772511
8 0.0962085308056872 0.6962085308056872 0.08625592417061612 0.08341232227488152
9 0.0985781990521327 0.64739336492891 0.07393364928909953 0.03601895734597156
8 0.3943127962085308 0.6388625592417062 0.08151658767772511 0.018957345971563982
8 0.4208530805687204 0.6611374407582938 0.08720379146919431 0.06350710900473934
3 0.9890995260663508 0.6549763033175355 0.021800947867298578 0.043601895734597156