8 0.204739336492891 0.3194312796208531 0.08530805687203792 0.0985781990521327
9 0.2616113744075829 0.2900473933649289 0.055924170616113746 0.07582938388625593
9 0.3090047393364929 0.28056872037914693 0.055924170616113746 0.07298578199052133
6 0.4071090047393365 0.26872037914691943 0.05023696682464455 0.05402843601895735
6 0.45260663507109006 0.2853080568720379 0.07109004739336493 0.06729857819905213
6 0.4990521327014218 0.3232227488151659 0.07203791469194312 0.07393364928909953
1 0.5161137440758294 0.404739336492891 0.05781990521327014 0.05687203791469194
1 0.3587677725118483 0.26919431279620853 0.058767772511848344 0.06445497630331753
6 0.5156398104265403 0.36066350710900474 0.03981042654028436 0.03601895734597156
3 0.8417061611374408 0.20616113744075829 0.03886255924170616 0.03981042654028436
3 0.8469194312796209 0.262085308056872 0.03696682464454976 0.03696682464454976
4 0.8322274881516588 0.3161137440758294 0.03696682464454976 0.03601895734597156
4 0.8170616113744076 0.35639810426540286 0.03981042654028436 0.03601895734597156
1 0.8037914691943128 0.4104265402843602 0.07772511848341232 0.058767772511848344
8 0.4933649289099526 0.6071090047393365 0.07867298578199051 0.0938388625592417
8 0.4838862559241706 0.6819905213270142 0.08530805687203792 0.08625592417061612
8 0.1976303317535545 0.6426540284360189 0.08530805687203792 0.08720379146919431
8 0.22985781990521326 0.709478672985782 0.08530805687203792 0.08909952606635071
9 0.48009478672985784 0.7421800947867299 0.06255924170616113 0.05118483412322275
9 0.466824644549763 0.7890995260663507 0.06445497630331753 0.05781990521327014
9 0.24928909952606634 0.7639810426540284 0.05781990521327014 0.06066350710900474
9 0.26966824644549764 0.8061611374407583 0.05687203791469194 0.061611374407582936
1 0.304739336492891 0.8312796208530806 0.05781990521327014 0.06350710900473934
1 0.44360189573459713 0.8232227488151659 0.058767772511848344 0.06066350710900474
6 0.3246445497630332 0.8545023696682464 0.04075829383886256 0.05308056872037915
6 0.35308056872037913 0.8635071090047394 0.03981042654028436 0.055924170616113746
6 0.3867298578199052 0.8611374407582938 0.043601895734597156 0.055924170616113746
6 0.418957345971564 0.8507109004739336 0.04549763033175355 0.06255924170616113
3 0.7180094786729858 0.4848341232227488 0.043601895734597156 0.03886255924170616
3 0.6691943127962086 0.5213270142180095 0.04739336492890995 0.05023696682464455
9 0.6440758293838863 0.5639810426540285 0.05402843601895735 0.058767772511848344
9 0.6156398104265403 0.6042654028436019 0.04834123222748815 0.06066350710900474
1 0.5853080568720379 0.6222748815165877 0.031279620853080566 0.06729857819905213