8 0.04597156398104266 0.3132701421800948 0.08341232227488152 0.08246445497630332
8 0.07298578199052133 0.3919431279620853 0.09004739336492891 0.09289099526066351
9 0.10568720379146919 0.43886255924170614 0.06540284360189573 0.04170616113744076
2 0.3867298578199052 0.42227488151658765 0.04834123222748815 0.054976303317535544
9 0.35924170616113743 0.45118483412322274 0.05687203791469194 0.017061611374407582
2 0.7 0.02985781990521327 0.05781990521327014 0.05971563981042654
9 0.6781990521327014 0.0895734597156398 0.04834123222748815 0.05308056872037915
9 0.6677725118483412 0.12890995260663507 0.04549763033175355 0.04549763033175355
1 0.6374407582938388 0.15876777251184834 0.03886255924170616 0.05118483412322275
1 0.5018957345971564 0.17393364928909952 0.025592417061611375 0.06350710900473934
6 0.6099526066350711 0.1815165876777251 0.037914691943127965 0.06540284360189573
6 0.5796208530805688 0.190521327014218 0.029383886255924172 0.052132701421800945
6 0.5497630331753555 0.1976303317535545 0.037914691943127965 0.06540284360189573
6 0.518957345971564 0.18909952606635072 0.04170616113744076 0.06066350710900474
8 0.48009478672985784 0.7909952606635071 0.01800947867298578 0.08436018957345971
9 0.4654028436018957 0.75260663507109 0.04739336492890995 0.06066350710900474
1 0.4374407582938389 0.7246445497630332 0.05118483412322275 0.058767772511848344
3 0.3962085308056872 0.7308056872037915 0.025592417061611375 0.026540284360189573
6 0.35165876777251187 0.7151658767772512 0.05023696682464455 0.05687203791469194
6 0.3090047393364929 0.728436018957346 0.04928909952606635 0.05687203791469194
6 0.27582938388625594 0.7483412322274882 0.04928909952606635 0.054976303317535544
1 0.25876777251184835 0.7848341232227488 0.05402843601895735 0.054976303317535544
9 0.25450236966824646 0.8322274881516588 0.06445497630331753 0.04928909952606635
8 0.25687203791469193 0.8800947867298579 0.07488151658767772 0.055924170616113746
8 0.985781990521327 0.9597156398104265 0.02843601895734597 0.08056872037914692
8 0.7 0.9687203791469194 0.08056872037914692 0.06255924170616113
1 0.9407582938388626 0.8113744075829384 0.05402843601895735 0.07298578199052133
1 0.7563981042654029 0.8213270142180095 0.05687203791469194 0.07488151658767772
6 0.9009478672985782 0.785781990521327 0.04549763033175355 0.05308056872037915
6 0.8635071090047394 0.7843601895734598 0.04454976303317536 0.05971563981042654
6 0.8260663507109005 0.7872037914691943 0.043601895734597156 0.054976303317535544
6 0.7881516587677725 0.7895734597156399 0.043601895734597156 0.054976303317535544
9 0.718957345971564 0.9180094786729858 0.054976303317535544 0.05687203791469194
9 0.7336492890995261 0.8682464454976303 0.054976303317535544 0.05687203791469194
9 0.9781990521327014 0.9023696682464455 0.043601895734597156 0.05687203791469194
9 0.9725118483412323 0.852132701421801 0.054976303317535544 0.058767772511848344