9 0.08388625592417062 0.190521327014218 0.05971563981042654 0.058767772511848344
9 0.33080568720379144 0.12606635071090047 0.07109004739336493 0.06255924170616113
9 0.3246445497630332 0.17725118483412322 0.061611374407582936 0.058767772511848344
1 0.3014218009478673 0.21990521327014217 0.06635071090047394 0.08151658767772511
9 0.10568720379146919 0.22985781990521326 0.05687203791469194 0.054976303317535544
1 0.13886255924170615 0.26350710900473934 0.061611374407582936 0.07582938388625593
6 0.27488151658767773 0.24739336492890995 0.052132701421800945 0.07203791469194312
6 0.24360189573459715 0.2682464454976303 0.043601895734597156 0.05971563981042654
6 0.2099526066350711 0.27677725118483415 0.04739336492890995 0.055924170616113746
6 0.17488151658767773 0.2781990521327014 0.046445497630331754 0.054976303317535544
2 0.9853080568720379 0.16255924170616115 0.029383886255924172 0.07298578199052133
9 0.9734597156398104 0.11374407582938388 0.05308056872037915 0.05687203791469194
9 0.952132701421801 0.07962085308056872 0.06066350710900474 0.05781990521327014
3 0.7156398104265402 0.25355450236966826 0.04454976303317536 0.04170616113744076
2 0.7303317535545024 0.1957345971563981 0.06255924170616113 0.06350710900473934
9 0.7483412322274882 0.14170616113744075 0.06255924170616113 0.05687203791469194
9 0.7592417061611374 0.0985781990521327 0.05971563981042654 0.06066350710900474
1 0.7767772511848341 0.06113744075829384 0.054976303317535544 0.06350710900473934
1 0.9180094786729858 0.054976303317535544 0.054976303317535544 0.06255924170616113
6 0.885781990521327 0.03981042654028436 0.04265402843601896 0.05023696682464455
6 0.866824644549763 0.021800947867298578 0.04075829383886256 0.043601895734597156
6 0.8421800947867298 0.031279620853080566 0.04075829383886256 0.052132701421800945
6 0.8104265402843602 0.04075829383886256 0.046445497630331754 0.06066350710900474
8 0.06872037914691943 0.8199052132701422 0.08625592417061612 0.08530805687203792
9 0.09289099526066351 0.875829383886256 0.07488151658767772 0.06919431279620854
9 0.11232227488151658 0.9218009478672986 0.06540284360189573 0.06350710900473934
1 0.14407582938388624 0.9578199052132701 0.06729857819905213 0.07014218009478673
4 0.2071090047393365 0.9417061611374408 0.04075829383886256 0.04454976303317536
4 0.3109004739336493 0.9151658767772511 0.04075829383886256 0.043601895734597156
4 0.33838862559241706 0.885781990521327 0.034123222748815164 0.03601895734597156
3 0.3876777251184834 0.7943127962085308 0.04265402843601896 0.04075829383886256
8 0.8454976303317535 0.6061611374407583 0.1023696682464455 0.0938388625592417
8 0.7635071090047393 0.6 0.09194312796208531 0.0881516587677725
4 0.7137440758293839 0.5933649289099526 0.03696682464454976 0.03601895734597156
9 0.647867298578199 0.5976303317535545 0.06540284360189573 0.07109004739336493
1 0.5976303317535545 0.6052132701421801 0.06824644549763033 0.07298578199052133
6 0.5578199052132702 0.6246445497630332 0.05971563981042654 0.06540284360189573
6 0.533175355450237 0.6530805687203791 0.05971563981042654 0.06540284360189573
6 0.5123222748815166 0.6800947867298578 0.06729857819905213 0.06445497630331753