8 0.5966824644549763 0.03317535545023697 0.07867298578199051 0.06635071090047394
9 0.6289099526066351 0.07440758293838863 0.055924170616113746 0.05023696682464455
9 0.6274881516587678 0.11800947867298578 0.05308056872037915 0.05023696682464455
1 0.6308056872037915 0.15497630331753554 0.05971563981042654 0.029383886255924172
8 0.1928909952606635 0.45308056872037916 0.05308056872037915 0.061611374407582936
8 0.15781990521327013 0.4947867298578199 0.04928909952606635 0.061611374407582936
9 0.13507109004739337 0.5279620853080569 0.03696682464454976 0.03981042654028436
9 0.1 0.5587677725118484 0.04075829383886256 0.04834123222748815
1 0.058767772511848344 0.5800947867298578 0.043601895734597156 0.04739336492890995
6 0.017535545023696683 0.5867298578199052 0.035071090047393366 0.043601895734597156
9 0.9260663507109005 0.64739336492891 0.043601895734597156 0.04928909952606635
9 0.8895734597156398 0.6511848341232227 0.046445497630331754 0.04549763033175355
1 0.8535545023696682 0.637914691943128 0.046445497630331754 0.05308056872037915
6 0.8236966824644549 0.6213270142180095 0.04739336492890995 0.04170616113744076
6 0.8080568720379147 0.5947867298578199 0.04739336492890995 0.03886255924170616
6 0.7943127962085308 0.5701421800947867 0.05118483412322275 0.034123222748815164
1 0.7876777251184834 0.5374407582938389 0.05687203791469194 0.03886255924170616
9 0.7933649289099526 0.500473933649289 0.04834123222748815 0.04928909952606635
9 0.8099526066350711 0.46729857819905213 0.052132701421800945 0.046445497630331754