8 0.07014218009478673 0.3293838862559242 0.07677725118483412 0.07582938388625593
8 0.12606635071090047 0.36066350710900474 0.08530805687203792 0.0966824644549763
8 0.190521327014218 0.37298578199052135 0.08530805687203792 0.0947867298578199
9 0.24312796208530807 0.3767772511848341 0.052132701421800945 0.06729857819905213
9 0.27014218009478674 0.37345971563981045 0.037914691943127965 0.07203791469194312
3 0.6663507109004739 0.20900473933649288 0.04454976303317536 0.043601895734597156
3 0.6289099526066351 0.17156398104265402 0.043601895734597156 0.043601895734597156
3 0.5867298578199052 0.14123222748815165 0.043601895734597156 0.04454976303317536
8 0.3744075829383886 0.38341232227488153 0.08720379146919431 0.07298578199052133
8 0.35402843601895734 0.32606635071090045 0.09004739336492891 0.08436018957345971
9 0.33696682464454975 0.2734597156398104 0.07867298578199051 0.05971563981042654
9 0.328436018957346 0.22369668246445498 0.07867298578199051 0.06445497630331753
1 0.32559241706161135 0.17393364928909952 0.06919431279620854 0.06540284360189573
9 0.5649289099526066 0.0981042654028436 0.07582938388625593 0.07488151658767772
1 0.5213270142180095 0.06777251184834124 0.06066350710900474 0.06729857819905213
6 0.47393364928909953 0.06018957345971564 0.05971563981042654 0.07582938388625593
6 0.4265402843601896 0.07251184834123223 0.07014218009478673 0.07867298578199051
6 0.37772511848341234 0.0962085308056872 0.07298578199052133 0.08246445497630332
6 0.34549763033175357 0.12796208530805686 0.06824644549763033 0.07109004739336493
8 0.07393364928909953 0.6085308056872037 0.08246445497630332 0.08530805687203792
8 0.1037914691943128 0.6706161137440758 0.08341232227488152 0.08720379146919431
9 0.13412322274881516 0.7151658767772512 0.06445497630331753 0.06824644549763033
9 0.16208530805687205 0.7502369668246446 0.06445497630331753 0.07109004739336493
1 0.1943127962085308 0.7767772511848341 0.06350710900473934 0.07677725118483412
6 0.2241706161137441 0.7872037914691943 0.05308056872037915 0.07393364928909953
6 0.2559241706161137 0.7914691943127962 0.04454976303317536 0.06635071090047394
6 0.27677725118483415 0.7853080568720379 0.024644549763033177 0.06350710900473934
8 0.671090047393365 0.7701421800947867 0.06350710900473934 0.07298578199052133
8 0.6502369668246446 0.8146919431279621 0.06350710900473934 0.07298578199052133
9 0.6355450236966824 0.8578199052132701 0.05687203791469194 0.06729857819905213
9 0.6113744075829384 0.8933649289099526 0.05118483412322275 0.06066350710900474
1 0.5819905213270142 0.9260663507109005 0.06255924170616113 0.06919431279620854
6 0.5407582938388625 0.9421800947867298 0.04834123222748815 0.05402843601895735
6 0.5014218009478673 0.9454976303317536 0.05781990521327014 0.05023696682464455
6 0.46492890995260666 0.9454976303317536 0.04928909952606635 0.04928909952606635
6 0.4312796208530806 0.933649289099526 0.055924170616113746 0.05402843601895735
1 0.4056872037914692 0.9018957345971564 0.05687203791469194 0.05971563981042654
9 0.3872037914691943 0.8611374407582938 0.054976303317535544 0.05402843601895735
9 0.37772511848341234 0.8156398104265403 0.061611374407582936 0.05781990521327014