8 0.6009478672985782 0.3127962085308057 0.017061611374407582 0.08341232227488152
8 0.5962085308056873 0.24075829383886255 0.026540284360189573 0.08341232227488152
3 0.31516587677725116 0.26018957345971566 0.04265402843601896 0.03886255924170616
3 0.3402843601895735 0.20568720379146918 0.037914691943127965 0.03886255924170616
9 0.37156398104265403 0.15165876777251186 0.05402843601895735 0.05781990521327014
9 0.5957345971563981 0.1819905213270142 0.027488151658767772 0.05308056872037915
6 0.46398104265402845 0.07772511848341232 0.03886255924170616 0.05971563981042654
6 0.4919431279620853 0.08341232227488152 0.03222748815165877 0.052132701421800945
6 0.523696682464455 0.08151658767772511 0.04075829383886256 0.052132701421800945
6 0.5459715639810426 0.0924170616113744 0.046445497630331754 0.052132701421800945
1 0.42938388625592416 0.09004739336492891 0.04739336492890995 0.06350710900473934
1 0.5687203791469194 0.10758293838862559 0.054976303317535544 0.054976303317535544
9 0.4018957345971564 0.12417061611374408 0.05023696682464455 0.05971563981042654
9 0.5848341232227489 0.14928909952606634 0.04928909952606635 0.07109004739336493
8 0.862085308056872 0.2938388625592417 0.061611374407582936 0.06635071090047394
8 0.866824644549763 0.22748815165876776 0.06540284360189573 0.07772511848341232
9 0.8786729857819905 0.17014218009478674 0.052132701421800945 0.05687203791469194
9 0.8943127962085308 0.12464454976303317 0.05023696682464455 0.05023696682464455
1 0.9123222748815166 0.08293838862559241 0.04739336492890995 0.05118483412322275
6 0.9407582938388626 0.04928909952606635 0.04265402843601896 0.04265402843601896
6 0.9772511848341232 0.03033175355450237 0.04549763033175355 0.04739336492890995
3 0.030805687203791468 0.9289099526066351 0.04265402843601896 0.037914691943127965
3 0.05639810426540284 0.9767772511848342 0.03886255924170616 0.03981042654028436
3 0.36161137440758295 0.8886255924170616 0.04265402843601896 0.03981042654028436
3 0.35592417061611376 0.9549763033175356 0.04739336492890995 0.04265402843601896
3 0.33744075829383885 0.9914691943127962 0.037914691943127965 0.017061611374407582
8 0.6445497630331753 0.7568720379146919 0.07014218009478673 0.055924170616113746
9 0.6293838862559241 0.8364928909952607 0.03981042654028436 0.04834123222748815
1 0.6218009478672986 0.8767772511848341 0.024644549763033177 0.04928909952606635