3 0.33317535545023697 0.052132701421800945 0.04170616113744076 0.04170616113744076
3 0.3018957345971564 0.1052132701421801 0.03696682464454976 0.037914691943127965
8 0.03317535545023697 0.04691943127962085 0.06635071090047394 0.08436018957345971
9 0.031279620853080566 0.1080568720379147 0.06255924170616113 0.05687203791469194
9 0.04597156398104266 0.13981042654028436 0.06729857819905213 0.06729857819905213
9 0.2677725118483412 0.15545023696682464 0.058767772511848344 0.06540284360189573
9 0.23459715639810427 0.18293838862559242 0.052132701421800945 0.058767772511848344
1 0.20616113744075829 0.21374407582938387 0.052132701421800945 0.06350710900473934
6 0.13886255924170615 0.21658767772511847 0.03886255924170616 0.054976303317535544
6 0.16824644549763032 0.22748815165876776 0.03981042654028436 0.04928909952606635
6 0.11042654028436019 0.2161137440758294 0.046445497630331754 0.05402843601895735
6 0.08767772511848342 0.2023696682464455 0.05023696682464455 0.052132701421800945
1 0.06587677725118483 0.18246445497630331 0.05781990521327014 0.05402843601895735
9 0.6990521327014217 0.4611374407582938 0.052132701421800945 0.016113744075829384
9 0.9118483412322275 0.4184834123222749 0.05402843601895735 0.058767772511848344
9 0.8725118483412322 0.395260663507109 0.05118483412322275 0.05308056872037915
1 0.6981042654028436 0.4369668246445498 0.05118483412322275 0.04928909952606635
1 0.8345971563981043 0.3800947867298578 0.046445497630331754 0.054976303317535544
6 0.7990521327014218 0.37345971563981045 0.04265402843601896 0.055924170616113746
6 0.7672985781990521 0.37156398104265403 0.03981042654028436 0.05687203791469194
6 0.7412322274881517 0.3805687203791469 0.03981042654028436 0.05118483412322275
6 0.7161137440758294 0.4028436018957346 0.04265402843601896 0.04834123222748815
5 0.95260663507109 0.45308056872037916 0.03601895734597156 0.03222748815165877
3 0.0895734597156398 0.9943127962085309 0.046445497630331754 0.011374407582938388
2 0.0990521327014218 0.9587677725118483 0.046445497630331754 0.04549763033175355
3 0.13364928909952606 0.9265402843601895 0.03981042654028436 0.04265402843601896
3 0.17251184834123223 0.890521327014218 0.03696682464454976 0.04075829383886256
3 0.26966824644549764 0.8796208530805687 0.03601895734597156 0.04549763033175355
2 0.33270142180094786 0.8895734597156398 0.04170616113744076 0.037914691943127965
2 0.36161137440758295 0.9303317535545024 0.046445497630331754 0.043601895734597156
3 0.38341232227488153 0.9753554502369668 0.04928909952606635 0.046445497630331754
3 0.8625592417061612 0.5322274881516588 0.04075829383886256 0.04075829383886256
3 0.8540284360189574 0.5914691943127962 0.037914691943127965 0.037914691943127965
9 0.833175355450237 0.637914691943128 0.055924170616113746 0.04739336492890995
1 0.8270142180094787 0.6739336492890995 0.05971563981042654 0.046445497630331754
1 0.9767772511848342 0.8071090047393364 0.046445497630331754 0.05023696682464455
3 0.8511848341232228 0.7175355450236967 0.037914691943127965 0.037914691943127965
3 0.9393364928909953 0.790521327014218 0.03317535545023697 0.03886255924170616