8 0.2890995260663507 0.23412322274881517 0.08625592417061612 0.08909952606635071
8 0.36682464454976305 0.24170616113744076 0.0976303317535545 0.10426540284360189
9 0.4052132701421801 0.22890995260663508 0.029383886255924172 0.061611374407582936
9 0.5578199052132702 0.4056872037914692 0.07488151658767772 0.07109004739336493
9 0.5843601895734597 0.44360189573459713 0.07867298578199051 0.07109004739336493
9 0.8028436018957346 0.4052132701421801 0.07582938388625593 0.07298578199052133
1 0.8004739336492891 0.45165876777251185 0.07109004739336493 0.06824644549763033
6 0.771090047393365 0.4777251184834123 0.06445497630331753 0.07393364928909953
6 0.7308056872037915 0.4985781990521327 0.06919431279620854 0.07203791469194312
6 0.6777251184834123 0.5099526066350711 0.06919431279620854 0.06919431279620854
6 0.6407582938388625 0.509478672985782 0.06350710900473934 0.06066350710900474
1 0.6080568720379147 0.4819905213270142 0.06635071090047394 0.06066350710900474
9 0.01943127962085308 0.7696682464454976 0.03886255924170616 0.05687203791469194
1 0.034123222748815164 0.7398104265402844 0.058767772511848344 0.054976303317535544
6 0.06066350710900474 0.7165876777251184 0.05687203791469194 0.04739336492890995
6 0.05402843601895735 0.6919431279620853 0.05118483412322275 0.04265402843601896
8 0.5374407582938389 0.890521327014218 0.1004739336492891 0.1061611374407583
8 0.8327014218009479 0.9255924170616113 0.0966824644549763 0.0909952606635071
9 0.8260663507109005 0.8658767772511848 0.07772511848341232 0.06445497630331753
9 0.8090047393364929 0.818957345971564 0.07582938388625593 0.06729857819905213
9 0.5606635071090047 0.8355450236966825 0.07393364928909953 0.07962085308056872
9 0.5872037914691943 0.790521327014218 0.07772511848341232 0.07677725118483412
1 0.5995260663507109 0.7431279620853081 0.06350710900473934 0.06919431279620854
1 0.8056872037914692 0.7668246445497631 0.06919431279620854 0.06919431279620854
6 0.6445497630331753 0.7298578199052133 0.06066350710900474 0.06729857819905213
6 0.6872037914691943 0.7137440758293839 0.07203791469194312 0.07298578199052133
6 0.7417061611374408 0.7123222748815166 0.07677725118483412 0.08436018957345971
6 0.7753554502369668 0.7369668246445498 0.06729857819905213 0.06635071090047394