3 0.13601895734597155 0.008056872037914692 0.03886255924170616 0.016113744075829384
9 0.1052132701421801 0.047867298578199054 0.061611374407582936 0.06729857819905213
9 0.07345971563981042 0.07725118483412323 0.054976303317535544 0.06066350710900474
1 0.04597156398104266 0.10900473933649289 0.054976303317535544 0.06540284360189573
6 0.014691943127962086 0.12511848341232226 0.029383886255924172 0.05118483412322275
5 0.581042654028436 0.32701421800947866 0.04265402843601896 0.046445497630331754
8 0.943127962085308 0.2734597156398104 0.08720379146919431 0.0938388625592417
9 0.9436018957345972 0.33744075829383885 0.06635071090047394 0.061611374407582936
9 0.9459715639810427 0.36587677725118484 0.06635071090047394 0.026540284360189573
8 0.2990521327014218 0.7298578199052133 0.08341232227488152 0.08436018957345971
8 0.35639810426540286 0.7691943127962085 0.09004739336492891 0.0938388625592417
9 0.414218009478673 0.7924170616113744 0.06255924170616113 0.06255924170616113
9 0.45213270142180095 0.809478672985782 0.054976303317535544 0.06255924170616113
1 0.4725118483412322 0.8227488151658767 0.014218009478672985 0.06445497630331753
8 0.7454976303317535 0.6947867298578199 0.0976303317535545 0.1014218009478673
3 0.8123222748815165 0.709478672985782 0.04265402843601896 0.043601895734597156
9 0.8734597156398104 0.7071090047393365 0.06066350710900474 0.07298578199052133
9 0.918957345971564 0.7099526066350711 0.06066350710900474 0.06919431279620854
1 0.9687203791469194 0.7033175355450237 0.05781990521327014 0.061611374407582936
6 0.9848341232227488 0.680568720379147 0.03033175355450237 0.05118483412322275
6 0.9914691943127962 0.6521327014218009 0.017061611374407582 0.043601895734597156
6 0.9943127962085309 0.6298578199052133 0.011374407582938388 0.03886255924170616