6 0.3345971563981043 0.04028436018957346 0.043601895734597156 0.05402843601895735
6 0.3042654028436019 0.042180094786729856 0.04170616113744076 0.05308056872037915
6 0.2729857819905213 0.053554502369668244 0.04454976303317536 0.05118483412322275
6 0.25118483412322273 0.06966824644549763 0.04834123222748815 0.04739336492890995
1 0.23033175355450236 0.0995260663507109 0.05687203791469194 0.05118483412322275
1 0.36018957345971564 0.04312796208530806 0.018957345971563982 0.05402843601895735
9 0.21374407582938387 0.14075829383886257 0.05971563981042654 0.04549763033175355
9 0.21184834123222748 0.1848341232227488 0.05971563981042654 0.04834123222748815
8 0.20568720379146918 0.23412322274881517 0.05971563981042654 0.05971563981042654
8 0.2028436018957346 0.2895734597156398 0.05781990521327014 0.054976303317535544
8 0.4900473933649289 0.33696682464454975 0.06066350710900474 0.058767772511848344
8 0.49715639810426543 0.3919431279620853 0.06445497630331753 0.06255924170616113
9 0.5123222748815166 0.437914691943128 0.04928909952606635 0.05118483412322275
9 0.5312796208530806 0.4777251184834123 0.046445497630331754 0.04739336492890995
1 0.5492890995260663 0.5146919431279621 0.04739336492890995 0.05402843601895735
8 0.8009478672985783 0.3933649289099526 0.06255924170616113 0.06255924170616113
8 0.7753554502369668 0.43886255924170614 0.06350710900473934 0.06729857819905213
9 0.7440758293838863 0.4758293838862559 0.05023696682464455 0.05971563981042654
9 0.7127962085308057 0.5023696682464455 0.046445497630331754 0.05118483412322275
1 0.6838862559241706 0.5341232227488152 0.046445497630331754 0.05023696682464455
6 0.6540284360189573 0.5383886255924171 0.03601895734597156 0.04170616113744076
6 0.6270142180094787 0.5417061611374407 0.031279620853080566 0.035071090047393366
6 0.5962085308056873 0.5398104265402843 0.03222748815165877 0.03886255924170616
6 0.5748815165876777 0.5317535545023697 0.037914691943127965 0.05023696682464455
8 0.22985781990521326 0.8279620853080568 0.06635071090047394 0.055924170616113746
9 0.22322274881516588 0.8706161137440759 0.054976303317535544 0.058767772511848344
9 0.21374407582938387 0.9085308056872038 0.05023696682464455 0.05402843601895735
9 0.010900473933649289 0.9388625592417061 0.021800947867298578 0.05781990521327014
1 0.02890995260663507 0.9682464454976303 0.05118483412322275 0.05118483412322275
1 0.19194312796208532 0.9459715639810427 0.04928909952606635 0.052132701421800945
6 0.16540284360189572 0.9620853080568721 0.04075829383886256 0.04170616113744076
6 0.13175355450236967 0.9710900473933649 0.03601895734597156 0.04170616113744076
6 0.0971563981042654 0.9748815165876777 0.037914691943127965 0.04265402843601896
6 0.061611374407582936 0.975829383886256 0.04075829383886256 0.03981042654028436
8 0.7639810426540284 0.7199052132701422 0.06255924170616113 0.05971563981042654
8 0.7080568720379147 0.6853080568720379 0.07014218009478673 0.06824644549763033
9 0.6601895734597156 0.6521327014218009 0.06350710900473934 0.06635071090047394
3 0.6189573459715639 0.6464454976303318 0.029383886255924172 0.04265402843601896
3 0.5725118483412323 0.6511848341232227 0.025592417061611375 0.03033175355450237
3 0.5080568720379147 0.6853080568720379 0.04265402843601896 0.04454976303317536
6 0.4374407582938389 0.6763033175355451 0.06824644549763033 0.0881516587677725
6 0.4151658767772512 0.7137440758293839 0.06635071090047394 0.058767772511848344
1 0.4075829383886256 0.7573459715639811 0.06919431279620854 0.05402843601895735
9 0.40616113744075827 0.8085308056872038 0.06635071090047394 0.058767772511848344
8 0.45260663507109006 0.9492890995260663 0.07109004739336493 0.058767772511848344
8 0.4308056872037915 0.9009478672985782 0.061611374407582936 0.055924170616113746
9 0.4156398104265403 0.8530805687203792 0.058767772511848344 0.04739336492890995