9 0.008530805687203791 0.03033175355450237 0.017061611374407582 0.06066350710900474
8 0.2876777251184834 0.6075829383886255 0.04454976303317536 0.07582938388625593
8 0.2781990521327014 0.6545023696682465 0.06350710900473934 0.07488151658767772
9 0.26303317535545023 0.6947867298578199 0.07109004739336493 0.07488151658767772
9 0.23791469194312795 0.7355450236966825 0.06824644549763033 0.08056872037914692
5 0.2080568720379147 0.7687203791469195 0.03601895734597156 0.03696682464454976
4 0.0971563981042654 0.8113744075829384 0.04075829383886256 0.03886255924170616
5 0.05260663507109005 0.7914691943127962 0.043601895734597156 0.04170616113744076
9 0.02037914691943128 0.7644549763033175 0.04075829383886256 0.05781990521327014
9 0.00995260663507109 0.7241706161137441 0.01990521327014218 0.06255924170616113
8 0.6440758293838863 0.6800947867298578 0.08246445497630332 0.09194312796208531
9 0.6872037914691943 0.6454976303317536 0.058767772511848344 0.06919431279620854
9 0.7208530805687203 0.6279620853080569 0.05971563981042654 0.07109004739336493
1 0.762085308056872 0.6123222748815166 0.05971563981042654 0.06824644549763033
6 0.8052132701421801 0.6127962085308057 0.06635071090047394 0.07014218009478673
6 0.8440758293838863 0.6213270142180095 0.07393364928909953 0.06919431279620854