8 0.0990521327014218 0.442654028436019 0.07582938388625593 0.06919431279620854
8 0.03696682464454976 0.42890995260663506 0.07393364928909953 0.07488151658767772
8 0.5881516587677725 0.5090047393364929 0.07014218009478673 0.07298578199052133
8 0.6260663507109004 0.46161137440758293 0.08056872037914692 0.08720379146919431
9 0.9701421800947867 0.54739336492891 0.05971563981042654 0.04454976303317536
9 0.6611374407582938 0.41800947867298577 0.05687203791469194 0.058767772511848344
9 0.690521327014218 0.38388625592417064 0.055924170616113746 0.058767772511848344
1 0.7279620853080568 0.33886255924170616 0.06824644549763033 0.05971563981042654
6 0.785781990521327 0.32654028436018956 0.07109004739336493 0.07488151658767772
6 0.8511848341232228 0.33364928909952607 0.0881516587677725 0.08151658767772511
6 0.9085308056872038 0.36066350710900474 0.08625592417061612 0.08341232227488152
6 0.9488151658767773 0.4075829383886256 0.06255924170616113 0.061611374407582936
1 0.9753554502369668 0.44786729857819907 0.04928909952606635 0.07109004739336493
9 0.9720379146919431 0.5066350710900474 0.055924170616113746 0.05402843601895735
1 0.4137440758293839 0.8530805687203792 0.031279620853080566 0.05308056872037915
6 0.381042654028436 0.8540284360189574 0.04265402843601896 0.04834123222748815
6 0.34360189573459715 0.8417061611374408 0.03981042654028436 0.04834123222748815
6 0.3123222748815166 0.8203791469194313 0.04265402843601896 0.04075829383886256
6 0.2886255924170616 0.7981042654028436 0.05023696682464455 0.04454976303317536
1 0.27440758293838863 0.7573459715639811 0.05971563981042654 0.05118483412322275
9 0.27677725118483415 0.7161137440758294 0.055924170616113746 0.04928909952606635
9 0.2853080568720379 0.671563981042654 0.06540284360189573 0.05781990521327014
3 0.6308056872037915 0.6109004739336493 0.035071090047393366 0.037914691943127965
4 0.6360189573459716 0.7312796208530805 0.04265402843601896 0.04075829383886256
5 0.623696682464455 0.771563981042654 0.04075829383886256 0.03886255924170616
8 0.6327014218009479 0.6677725118483412 0.09194312796208531 0.08625592417061612
9 0.44644549763033176 0.8360189573459715 0.034123222748815164 0.06255924170616113
1 0.4725118483412322 0.8535545023696682 0.055924170616113746 0.06350710900473934
1 0.6132701421800948 0.8208530805687204 0.06066350710900474 0.05971563981042654
6 0.5383886255924171 0.8744075829383886 0.046445497630331754 0.05781990521327014
6 0.5118483412322274 0.8639810426540284 0.05402843601895735 0.058767772511848344
6 0.5597156398104265 0.8535545023696682 0.04549763033175355 0.05402843601895735
6 0.5886255924170616 0.8440758293838863 0.055924170616113746 0.055924170616113746