8 0.16066350710900473 0.22654028436018958 0.07582938388625593 0.07677725118483412
8 0.10900473933649289 0.266824644549763 0.08151658767772511 0.07582938388625593
9 0.06350710900473934 0.3014218009478673 0.06255924170616113 0.052132701421800945
9 0.02985781990521327 0.3251184834123223 0.05971563981042654 0.04928909952606635
8 0.771563981042654 0.2981042654028436 0.06919431279620854 0.08246445497630332
8 0.709478672985782 0.2976303317535545 0.06066350710900474 0.07488151658767772
9 0.6701421800947868 0.2672985781990521 0.05118483412322275 0.06350710900473934
9 0.6222748815165877 0.25165876777251184 0.05971563981042654 0.06540284360189573
1 0.5739336492890995 0.24312796208530807 0.05781990521327014 0.06729857819905213
6 0.5203791469194313 0.24739336492890995 0.05402843601895735 0.05118483412322275
6 0.46824644549763034 0.2663507109004739 0.06919431279620854 0.054976303317535544
9 0.03175355450236967 0.8075829383886256 0.04928909952606635 0.054976303317535544
1 0.07345971563981042 0.809478672985782 0.04834123222748815 0.05687203791469194
6 0.10426540284360189 0.8317535545023697 0.043601895734597156 0.04549763033175355
6 0.13601895734597155 0.8587677725118483 0.04549763033175355 0.04075829383886256
6 0.15545023696682464 0.895260663507109 0.043601895734597156 0.03222748815165877
8 0.5497630331753555 0.6336492890995261 0.08056872037914692 0.07962085308056872
8 0.5545023696682464 0.7023696682464455 0.07109004739336493 0.07393364928909953
8 0.5644549763033175 0.7720379146919432 0.07677725118483412 0.07772511848341232
8 0.9260663507109005 0.6753554502369669 0.07677725118483412 0.08056872037914692
8 0.9052132701421801 0.7426540284360189 0.07298578199052133 0.07867298578199051
8 0.871563981042654 0.7995260663507109 0.07298578199052133 0.07109004739336493
9 0.8407582938388626 0.8355450236966825 0.06540284360189573 0.06066350710900474
9 0.8184834123222748 0.8734597156398104 0.06066350710900474 0.061611374407582936
9 0.5758293838862559 0.8265402843601896 0.055924170616113746 0.05687203791469194
9 0.5933649289099526 0.8696682464454977 0.052132701421800945 0.05308056872037915
1 0.7848341232227488 0.9056872037914692 0.055924170616113746 0.06445497630331753
1 0.6199052132701421 0.8990521327014218 0.05402843601895735 0.06540284360189573
6 0.752132701421801 0.9232227488151659 0.03886255924170616 0.05781990521327014
6 0.7170616113744076 0.9279620853080569 0.035071090047393366 0.05402843601895735
6 0.6838862559241706 0.9265402843601895 0.035071090047393366 0.05402843601895735
6 0.6521327014218009 0.9146919431279621 0.04454976303317536 0.06350710900473934