8 0.17440758293838862 0.14028436018957346 0.07867298578199051 0.08436018957345971
8 0.23791469194312795 0.15829383886255924 0.09289099526066351 0.09289099526066351
8 0.3071090047393365 0.16350710900473933 0.0881516587677725 0.09194312796208531
9 0.3630331753554502 0.15876777251184834 0.05402843601895735 0.07203791469194312
9 0.4104265402843602 0.15308056872037915 0.058767772511848344 0.07014218009478673
1 0.4327014218009479 0.13933649289099526 0.014218009478672985 0.058767772511848344
0 0.9914691943127962 0.24360189573459715 0.017061611374407582 0.06066350710900474
4 0.9497630331753555 0.26587677725118486 0.03981042654028436 0.04170616113744076
8 0.9734597156398104 0.5469194312796208 0.05308056872037915 0.04549763033175355
8 0.9417061611374408 0.533649289099526 0.1052132701421801 0.07203791469194312
9 0.8914691943127963 0.523696682464455 0.07488151658767772 0.07298578199052133
9 0.8511848341232228 0.4981042654028436 0.07772511848341232 0.07203791469194312
1 0.8052132701421801 0.47014218009478675 0.09194312796208531 0.07203791469194312
6 0.7829383886255924 0.42843601895734595 0.07488151658767772 0.06066350710900474
6 0.7725118483412322 0.3791469194312796 0.07488151658767772 0.07393364928909953
6 0.7924170616113744 0.32559241706161135 0.09573459715639811 0.08246445497630332
0 0.8578199052132701 0.2947867298578199 0.06066350710900474 0.05971563981042654
4 0.1990521327014218 0.9559241706161138 0.03981042654028436 0.03981042654028436
4 0.2028436018957346 0.9161137440758294 0.04075829383886256 0.04075829383886256
4 0.2004739336492891 0.876303317535545 0.04075829383886256 0.04265402843601896
4 0.35402843601895734 0.737914691943128 0.035071090047393366 0.03696682464454976
4 0.22274881516587677 0.7853080568720379 0.03696682464454976 0.037914691943127965
9 0.1981042654028436 0.828909952606635 0.07677725118483412 0.07298578199052133
9 0.42369668246445497 0.7815165876777251 0.03222748815165877 0.061611374407582936
1 0.4056872037914692 0.74739336492891 0.061611374407582936 0.05687203791469194
8 0.5559241706161138 0.6483412322274882 0.07677725118483412 0.07962085308056872
8 0.5781990521327014 0.6042654028436019 0.07962085308056872 0.06919431279620854
8 0.862085308056872 0.7303317535545024 0.07582938388625593 0.06540284360189573
8 0.8654028436018958 0.6729857819905213 0.08530805687203792 0.07203791469194312
9 0.8658767772511848 0.6222748815165877 0.06445497630331753 0.05118483412322275
9 0.8554502369668247 0.5890995260663507 0.06729857819905213 0.03886255924170616