9 0.46398104265402845 0.4213270142180095 0.031279620853080566 0.055924170616113746
9 0.42843601895734595 0.4246445497630332 0.05023696682464455 0.052132701421800945
1 0.38436018957345974 0.4146919431279621 0.05118483412322275 0.04739336492890995
6 0.35118483412322277 0.3985781990521327 0.054976303317535544 0.04928909952606635
6 0.3345971563981043 0.3824644549763033 0.052132701421800945 0.04549763033175355
8 0.4928909952606635 0.3014218009478673 0.026540284360189573 0.07962085308056872
6 0.48625592417061614 0.5364928909952607 0.013270142180094787 0.04170616113744076
6 0.5104265402843602 0.5459715639810426 0.04075829383886256 0.026540284360189573
1 0.5469194312796208 0.54739336492891 0.04928909952606635 0.023696682464454975
9 0.5933649289099526 0.5445497630331754 0.04928909952606635 0.029383886255924172
9 0.6336492890995261 0.5369668246445498 0.046445497630331754 0.04454976303317536
8 0.671090047393365 0.5156398104265403 0.055924170616113746 0.05687203791469194
8 0.7175355450236967 0.4909952606635071 0.05687203791469194 0.061611374407582936
8 0.32180094786729857 0.923696682464455 0.07772511848341232 0.07582938388625593
3 0.2616113744075829 0.9483412322274881 0.043601895734597156 0.04170616113744076
9 0.2 0.9379146919431279 0.05118483412322275 0.06255924170616113
9 0.15639810426540285 0.943127962085308 0.052132701421800945 0.05687203791469194
1 0.11516587677725118 0.9350710900473934 0.046445497630331754 0.05118483412322275
6 0.08530805687203792 0.9132701421800948 0.034123222748815164 0.04928909952606635
6 0.07582938388625593 0.8900473933649289 0.04170616113744076 0.04170616113744076