8 0.35450236966824644 0.32748815165876777 0.0966824644549763 0.1004739336492891
8 0.3009478672985782 0.2853080568720379 0.11090047393364928 0.1004739336492891
8 0.25781990521327014 0.23744075829383887 0.1080568720379147 0.1033175355450237
9 0.22180094786729856 0.19478672985781992 0.07772511848341232 0.07582938388625593
9 0.1962085308056872 0.15450236966824646 0.07962085308056872 0.07488151658767772
1 0.16635071090047393 0.109478672985782 0.0938388625592417 0.07582938388625593
6 0.16398104265402844 0.06255924170616113 0.07677725118483412 0.06350710900473934
6 0.17440758293838862 0.025592417061611375 0.07772511848341232 0.05118483412322275
4 0.4819905213270142 0.4369668246445498 0.046445497630331754 0.024644549763033177
0 0.5421800947867299 0.41184834123222747 0.05402843601895735 0.054976303317535544
9 0.5862559241706161 0.3862559241706161 0.06824644549763033 0.07962085308056872
9 0.6312796208530805 0.36682464454976305 0.07109004739336493 0.07867298578199051
1 0.6824644549763034 0.35497630331753555 0.07014218009478673 0.07772511848341232
6 0.7293838862559242 0.35924170616113743 0.061611374407582936 0.06919431279620854
6 0.7781990521327015 0.3753554502369668 0.0881516587677725 0.08625592417061612
6 0.8109004739336493 0.4099526066350711 0.08436018957345971 0.07867298578199051
6 0.8236966824644549 0.4369668246445498 0.07203791469194312 0.024644549763033177
8 0.18056872037914692 0.637914691943128 0.08436018957345971 0.08625592417061612
8 0.109478672985782 0.6293838862559241 0.08530805687203792 0.08436018957345971
9 0.05402843601895735 0.6208530805687204 0.061611374407582936 0.07203791469194312
9 0.018957345971563982 0.6066350710900474 0.037914691943127965 0.06445497630331753
8 0.7431279620853081 0.6469194312796208 0.08720379146919431 0.0909952606635071
9 0.7127962085308057 0.6881516587677725 0.06540284360189573 0.061611374407582936
9 0.681042654028436 0.7156398104265402 0.05781990521327014 0.05781990521327014
1 0.6426540284360189 0.7369668246445498 0.052132701421800945 0.054976303317535544
6 0.6118483412322275 0.7497630331753554 0.046445497630331754 0.05023696682464455
6 0.5772511848341232 0.747867298578199 0.04170616113744076 0.04834123222748815
6 0.5450236966824644 0.7364928909952607 0.04454976303317536 0.04739336492890995
6 0.5161137440758294 0.7232227488151659 0.04454976303317536 0.04739336492890995
1 0.4947867298578199 0.6971563981042654 0.05308056872037915 0.054976303317535544
9 0.4710900473933649 0.6630331753554503 0.054976303317535544 0.055924170616113746