3 0.44597156398104265 0.22748815165876776 0.04265402843601896 0.043601895734597156
8 0.3900473933649289 0.25118483412322273 0.08909952606635071 0.09573459715639811
9 0.4957345971563981 0.2014218009478673 0.06540284360189573 0.07582938388625593
9 0.5421800947867299 0.1938388625592417 0.06445497630331753 0.07677725118483412
1 0.5781990521327014 0.18672985781990523 0.043601895734597156 0.06824644549763033
9 0.8568720379146919 0.33981042654028437 0.07203791469194312 0.07298578199052133
9 0.8630331753554502 0.2886255924170616 0.06540284360189573 0.06445497630331753
1 0.8772511848341232 0.24265402843601896 0.05971563981042654 0.06066350710900474
6 0.8966824644549763 0.20900473933649288 0.05402843601895735 0.06350710900473934
6 0.9293838862559242 0.195260663507109 0.04549763033175355 0.054976303317535544
6 0.9611374407582939 0.18246445497630331 0.04739336492890995 0.06540284360189573
6 0.9838862559241706 0.17819905213270143 0.03222748815165877 0.07014218009478673
3 0.3075829383886256 0.580568720379147 0.03981042654028436 0.03601895734597156
3 0.3298578199052133 0.6175355450236967 0.03317535545023697 0.034123222748815164
9 0.5511848341232227 0.5848341232227489 0.061611374407582936 0.05118483412322275
9 0.5289099526066351 0.6161137440758294 0.058767772511848344 0.06066350710900474
1 0.5061611374407583 0.6554502369668247 0.06255924170616113 0.06729857819905213
6 0.46729857819905213 0.6834123222748815 0.05118483412322275 0.058767772511848344
6 0.4213270142180095 0.6914691943127962 0.061611374407582936 0.06919431279620854
6 0.3767772511848341 0.6872037914691943 0.06255924170616113 0.06635071090047394
6 0.3464454976303318 0.6630331753554503 0.05687203791469194 0.058767772511848344
9 0.7028436018957346 0.9933649289099526 0.05971563981042654 0.013270142180094787
9 0.7222748815165877 0.9691943127962085 0.058767772511848344 0.061611374407582936
9 0.9753554502369668 0.9772511848341232 0.04928909952606635 0.04549763033175355
9 0.9454976303317536 0.9483412322274881 0.05308056872037915 0.05781990521327014
1 0.9146919431279621 0.9218009478672986 0.055924170616113746 0.07014218009478673
6 0.8777251184834123 0.9213270142180094 0.04549763033175355 0.07014218009478673
6 0.8469194312796209 0.9180094786729858 0.054976303317535544 0.07772511848341232
6 0.819431279620853 0.9199052132701422 0.05402843601895735 0.07109004739336493
6 0.7853080568720379 0.9308056872037914 0.061611374407582936 0.07772511848341232
1 0.7530805687203791 0.9459715639810427 0.06066350710900474 0.07203791469194312