9 0.24502369668246446 0.04691943127962085 0.07772511848341232 0.09289099526066351
9 0.2976303317535545 0.03317535545023697 0.07582938388625593 0.06635071090047394
8 0.4772511848341232 0.3165876777251185 0.1080568720379147 0.08341232227488152
8 0.5 0.25876777251184835 0.1061611374407583 0.08720379146919431
9 0.5137440758293839 0.2018957345971564 0.08056872037914692 0.06635071090047394
9 0.5184834123222749 0.16066350710900473 0.07203791469194312 0.05971563981042654
6 0.3909952606635071 0.021800947867298578 0.052132701421800945 0.043601895734597156
6 0.43601895734597157 0.03364928909952607 0.07014218009478673 0.06729857819905213
6 0.4824644549763033 0.05687203791469194 0.07203791469194312 0.07867298578199051
6 0.5075829383886256 0.08530805687203792 0.054976303317535544 0.055924170616113746
1 0.514218009478673 0.12085308056872038 0.06635071090047394 0.058767772511848344
1 0.34454976303317536 0.026066350710900472 0.06540284360189573 0.052132701421800945
2 0.9312796208530806 0.45165876777251185 0.06540284360189573 0.055924170616113746
9 0.9687203791469194 0.4137440758293839 0.06255924170616113 0.05971563981042654
9 0.9824644549763033 0.37819905213270144 0.035071090047393366 0.06255924170616113
8 0.34265402843601894 0.9777251184834124 0.08246445497630332 0.04454976303317536
8 0.34265402843601894 0.9374407582938389 0.08056872037914692 0.07298578199052133
9 0.34265402843601894 0.8867298578199052 0.07298578199052133 0.05971563981042654
9 0.35260663507109 0.8436018957345972 0.07298578199052133 0.058767772511848344
1 0.3635071090047393 0.7990521327014218 0.061611374407582936 0.061611374407582936
6 0.3919431279620853 0.7682464454976303 0.05308056872037915 0.05402843601895735
6 0.43554502369668247 0.7516587677725118 0.06540284360189573 0.06540284360189573
6 0.48625592417061614 0.7535545023696683 0.06635071090047394 0.07014218009478673
6 0.533649289099526 0.7639810426540284 0.05118483412322275 0.058767772511848344
1 0.5497630331753555 0.790521327014218 0.018957345971563982 0.06445497630331753
6 0.966350710900474 0.8440758293838863 0.06729857819905213 0.07109004739336493
6 0.990521327014218 0.8649289099526066 0.018957345971563982 0.08246445497630332