6 0.12227488151658768 0.5611374407582939 0.05687203791469194 0.05687203791469194
6 0.08341232227488152 0.5781990521327014 0.06255924170616113 0.022748815165876776
6 0.02890995260663507 0.5781990521327014 0.05781990521327014 0.022748815165876776
1 0.15450236966824646 0.5312796208530806 0.06255924170616113 0.06350710900473934
9 0.17535545023696683 0.4895734597156398 0.06919431279620854 0.05781990521327014
9 0.1881516587677725 0.44739336492890996 0.07677725118483412 0.058767772511848344
8 0.1971563981042654 0.3938388625592417 0.08436018957345971 0.07488151658767772
8 0.2028436018957346 0.3350710900473934 0.08530805687203792 0.06445497630331753
9 0.5412322274881517 0.12843601895734597 0.05308056872037915 0.04928909952606635
9 0.5772511848341232 0.14407582938388624 0.05308056872037915 0.05308056872037915
9 0.5184834123222749 0.36777251184834125 0.046445497630331754 0.04928909952606635
9 0.5511848341232227 0.35924170616113743 0.05118483412322275 0.05402843601895735
1 0.609478672985782 0.18341232227488152 0.04834123222748815 0.04739336492890995
1 0.5895734597156398 0.3251184834123223 0.04928909952606635 0.052132701421800945
6 0.6132701421800948 0.21753554502369668 0.04075829383886256 0.04265402843601896
6 0.6061611374407583 0.25687203791469193 0.04834123222748815 0.04170616113744076
6 0.6 0.2966824644549763 0.04928909952606635 0.04928909952606635