3 0.466824644549763 0.037914691943127965 0.03981042654028436 0.03886255924170616
3 0.4213270142180095 0.04454976303317536 0.034123222748815164 0.03601895734597156
1 0.35592417061611376 0.07298578199052133 0.06824644549763033 0.06824644549763033
6 0.304739336492891 0.07488151658767772 0.04834123222748815 0.05402843601895735
6 0.26540284360189575 0.06824644549763033 0.04834123222748815 0.04834123222748815
6 0.23838862559241705 0.046445497630331754 0.052132701421800945 0.04265402843601896
6 0.23744075829383887 0.017061611374407582 0.07488151658767772 0.034123222748815164
8 0.5454976303317536 0.04881516587677725 0.052132701421800945 0.0976303317535545
9 0.6265402843601896 0.02227488151658768 0.05687203791469194 0.04454976303317536
9 0.671563981042654 0.014691943127962086 0.05023696682464455 0.029383886255924172
1 0.7146919431279621 0.009478672985781991 0.05687203791469194 0.018957345971563982
9 0.8592417061611375 0.16445497630331754 0.07677725118483412 0.05402843601895735
1 0.866824644549763 0.11563981042654028 0.07488151658767772 0.05971563981042654
6 0.8052132701421801 0.012796208530805687 0.052132701421800945 0.025592417061611375
6 0.8407582938388626 0.02843601895734597 0.054976303317535544 0.05687203791469194
6 0.8592417061611375 0.07345971563981042 0.06350710900473934 0.05687203791469194
8 0.32701421800947866 0.7601895734597156 0.06540284360189573 0.06635071090047394
9 0.34881516587677724 0.7203791469194313 0.05781990521327014 0.05308056872037915
9 0.3687203791469194 0.6919431279620853 0.05308056872037915 0.05023696682464455
1 0.3919431279620853 0.6630331753554503 0.052132701421800945 0.04739336492890995
6 0.41184834123222747 0.6436018957345971 0.03696682464454976 0.035071090047393366
6 0.48625592417061614 0.6535545023696683 0.043601895734597156 0.046445497630331754
6 0.5085308056872038 0.6635071090047393 0.021800947867298578 0.03981042654028436
6 0.44691943127962086 0.647867298578199 0.04265402843601896 0.04739336492890995
4 0.8033175355450237 0.5682464454976304 0.03981042654028436 0.04170616113744076
0 0.8554502369668247 0.5208530805687204 0.046445497630331754 0.04739336492890995
9 0.8938388625592417 0.5061611374407583 0.05687203791469194 0.034123222748815164