8 0.2037914691943128 0.2862559241706161 0.08341232227488152 0.08625592417061612
8 0.24834123222748816 0.32180094786729857 0.08909952606635071 0.0938388625592417
9 0.290521327014218 0.35260663507109 0.06540284360189573 0.07393364928909953
9 0.32606635071090045 0.37298578199052135 0.06635071090047394 0.07488151658767772
1 0.3469194312796208 0.3909952606635071 0.024644549763033177 0.07109004739336493
3 0.5725118483412323 0.26398104265402844 0.04265402843601896 0.04075829383886256
9 0.6127962085308057 0.27630331753554505 0.054976303317535544 0.06635071090047394
8 0.6592417061611374 0.3090047393364929 0.08625592417061612 0.1004739336492891
8 0.7199052132701422 0.33270142180094786 0.07582938388625593 0.08436018957345971
1 0.523696682464455 0.25355450236966826 0.05971563981042654 0.06350710900473934
6 0.4777251184834123 0.25924170616113745 0.055924170616113746 0.052132701421800945
6 0.4317535545023697 0.28104265402843603 0.07109004739336493 0.06635071090047394
6 0.4033175355450237 0.32132701421800947 0.07109004739336493 0.06445497630331753
8 0.1843601895734597 0.814218009478673 0.09289099526066351 0.0909952606635071
9 0.15118483412322276 0.8644549763033176 0.06255924170616113 0.06350710900473934
9 0.14976303317535544 0.9142180094786729 0.05781990521327014 0.05781990521327014
1 0.11374407582938388 0.9308056872037914 0.05402843601895735 0.058767772511848344
6 0.07772511848341232 0.9421800947867298 0.046445497630331754 0.054976303317535544
6 0.04028436018957346 0.9436018957345972 0.04075829383886256 0.052132701421800945
6 0.013270142180094787 0.9402843601895735 0.026540284360189573 0.05687203791469194
8 0.5497630331753555 0.9800947867298578 0.09289099526066351 0.03981042654028436
9 0.8573459715639811 0.9777251184834124 0.06350710900473934 0.04454976303317536
9 0.8417061611374408 0.9440758293838862 0.06824644549763033 0.05971563981042654
9 0.5677725118483412 0.952132701421801 0.06729857819905213 0.05402843601895735
9 0.5971563981042654 0.9161137440758294 0.07014218009478673 0.06066350710900474
1 0.6227488151658768 0.8800947867298579 0.06255924170616113 0.06255924170616113
1 0.8255924170616113 0.9028436018957346 0.05308056872037915 0.055924170616113746
6 0.8023696682464455 0.8729857819905213 0.054976303317535544 0.06066350710900474
3 0.7611374407582938 0.8663507109004739 0.03033175355450237 0.03033175355450237
6 0.7080568720379147 0.8478672985781991 0.06445497630331753 0.06919431279620854
6 0.6625592417061611 0.8573459715639811 0.05023696682464455 0.05308056872037915