6 0.14691943127962084 0.24407582938388625 0.06540284360189573 0.05687203791469194
6 0.20616113744075829 0.24976303317535545 0.06255924170616113 0.061611374407582936
6 0.08767772511848342 0.2611374407582938 0.05023696682464455 0.054976303317535544
6 0.24407582938388625 0.2682464454976303 0.04549763033175355 0.04928909952606635
1 0.27014218009478674 0.2962085308056872 0.05687203791469194 0.054976303317535544
1 0.04170616113744076 0.28199052132701424 0.05971563981042654 0.06350710900473934
9 0.02985781990521327 0.328436018957346 0.05971563981042654 0.05971563981042654
9 0.018957345971563982 0.36777251184834125 0.037914691943127965 0.06066350710900474
9 0.2862559241706161 0.33744075829383885 0.06919431279620854 0.05023696682464455
9 0.29289099526066353 0.37109004739336493 0.07014218009478673 0.05023696682464455
8 0.9317535545023696 0.3753554502369668 0.08341232227488152 0.0909952606635071
8 0.8597156398104265 0.34834123222748814 0.08341232227488152 0.09194312796208531
9 0.8 0.323696682464455 0.06445497630331753 0.07488151658767772
4 0.7601895734597156 0.3109004739336493 0.03601895734597156 0.03981042654028436
1 0.7146919431279621 0.3 0.058767772511848344 0.061611374407582936
6 0.6663507109004739 0.3061611374407583 0.05781990521327014 0.055924170616113746
6 0.6251184834123222 0.328436018957346 0.07298578199052133 0.06540284360189573
3 0.26350710900473934 0.8232227488151659 0.04075829383886256 0.04075829383886256
3 0.23033175355450236 0.871563981042654 0.035071090047393366 0.037914691943127965
3 0.2156398104265403 0.9142180094786729 0.03696682464454976 0.03981042654028436
8 0.008530805687203791 0.8018957345971564 0.017061611374407582 0.07014218009478673
9 0.008530805687203791 0.8540284360189574 0.017061611374407582 0.05308056872037915
9 0.010900473933649289 0.8966824644549763 0.021800947867298578 0.04928909952606635
1 0.14739336492890995 0.9739336492890995 0.05971563981042654 0.052132701421800945
1 0.01848341232227488 0.9436018957345972 0.03696682464454976 0.05781990521327014
6 0.1037914691943128 0.9781990521327014 0.04075829383886256 0.043601895734597156
6 0.026066350710900472 0.9744075829383886 0.04170616113744076 0.04454976303317536
6 0.07630331753554502 0.9829383886255925 0.04075829383886256 0.034123222748815164
6 0.046445497630331754 0.981042654028436 0.037914691943127965 0.037914691943127965