8 0.29289099526066353 0.01990521327014218 0.07582938388625593 0.03981042654028436
8 0.2739336492890995 0.06066350710900474 0.07488151658767772 0.07109004739336493
8 0.25734597156398104 0.12796208530805686 0.06729857819905213 0.06824644549763033
9 0.23696682464454977 0.1819905213270142 0.05687203791469194 0.054976303317535544
9 0.23270142180094786 0.22843601895734597 0.05781990521327014 0.05402843601895735
6 0.33175355450236965 0.33364928909952607 0.06066350710900474 0.05402843601895735
6 0.3061611374407583 0.3184834123222749 0.05781990521327014 0.058767772511848344
6 0.28104265402843603 0.3113744075829384 0.04739336492890995 0.04834123222748815
6 0.26872037914691943 0.28199052132701424 0.04454976303317536 0.043601895734597156
1 0.24549763033175356 0.26350710900473934 0.06255924170616113 0.061611374407582936
8 0.7137440758293839 0.42274881516587676 0.07488151658767772 0.08720379146919431
3 0.7706161137440758 0.42417061611374407 0.04075829383886256 0.04170616113744076
9 0.8241706161137441 0.4151658767772512 0.05781990521327014 0.07014218009478673
9 0.8691943127962085 0.418957345971564 0.05781990521327014 0.07014218009478673
1 0.9170616113744076 0.4218009478672986 0.05971563981042654 0.061611374407582936
6 0.9578199052132701 0.43838862559241704 0.05781990521327014 0.055924170616113746
6 0.9748815165876777 0.46445497630331756 0.05023696682464455 0.06824644549763033
3 0.07488151658767772 0.9938388625592417 0.034123222748815164 0.012322274881516588
1 0.06066350710900474 0.966824644549763 0.05687203791469194 0.05781990521327014
6 0.03317535545023697 0.9388625592417061 0.05023696682464455 0.05308056872037915
6 0.008530805687203791 0.9246445497630332 0.017061611374407582 0.05971563981042654
8 0.4900473933649289 0.8274881516587678 0.07582938388625593 0.07962085308056872
8 0.504739336492891 0.8834123222748815 0.07867298578199051 0.08246445497630332
8 0.7597156398104266 0.8691943127962085 0.08056872037914692 0.07962085308056872
5 0.7729857819905214 0.8099526066350711 0.04075829383886256 0.03696682464454976
9 0.7445497630331753 0.9218009478672986 0.06540284360189573 0.05971563981042654
9 0.723696682464455 0.9606635071090047 0.06729857819905213 0.061611374407582936
9 0.518957345971564 0.9274881516587677 0.06445497630331753 0.06350710900473934
9 0.5393364928909953 0.9658767772511848 0.06824644549763033 0.06255924170616113
1 0.5772511848341232 0.9796208530805687 0.05687203791469194 0.04075829383886256
6 0.6075829383886255 0.9909952606635071 0.06635071090047394 0.01800947867298578
6 0.6601895734597156 0.9890995260663508 0.06540284360189573 0.021800947867298578
1 0.6876777251184835 0.9781990521327014 0.05023696682464455 0.043601895734597156