8 0.04976303317535545 0.3042654028436019 0.07677725118483412 0.08341232227488152
8 0.104739336492891 0.33270142180094786 0.07867298578199051 0.08530805687203792
2 0.16729857819905214 0.35497630331753555 0.06729857819905213 0.07962085308056872
9 0.21516587677725119 0.3853080568720379 0.05971563981042654 0.07203791469194312
9 0.26540284360189575 0.38436018957345974 0.06255924170616113 0.07393364928909953
1 0.3175355450236967 0.3848341232227488 0.06350710900473934 0.06540284360189573
6 0.36255924170616116 0.3767772511848341 0.06635071090047394 0.061611374407582936
6 0.3985781990521327 0.352132701421801 0.0909952606635071 0.06824644549763033
8 0.8061611374407583 0.1023696682464455 0.06445497630331753 0.06255924170616113
8 0.7853080568720379 0.15023696682464455 0.07109004739336493 0.07298578199052133
9 0.762085308056872 0.1976303317535545 0.061611374407582936 0.05687203791469194
9 0.5672985781990522 0.22606635071090048 0.016113744075829384 0.061611374407582936
1 0.7213270142180095 0.26492890995260665 0.05308056872037915 0.061611374407582936
0 0.6819905213270142 0.26872037914691943 0.02085308056872038 0.02843601895734597
6 0.657345971563981 0.2786729857819905 0.034123222748815164 0.058767772511848344
6 0.6298578199052133 0.27677725118483415 0.035071090047393366 0.05971563981042654
6 0.5985781990521327 0.27582938388625594 0.05023696682464455 0.06255924170616113
1 0.5777251184834123 0.2563981042654028 0.03696682464454976 0.06350710900473934
8 0.1895734597156398 0.576303317535545 0.058767772511848344 0.06635071090047394
8 0.15260663507109004 0.547867298578199 0.05781990521327014 0.06824644549763033
8 0.10284360189573459 0.5303317535545023 0.061611374407582936 0.06729857819905213
9 0.06018957345971564 0.5137440758293839 0.04739336492890995 0.052132701421800945
9 0.023696682464454975 0.504739336492891 0.04739336492890995 0.05023696682464455
8 0.6933649289099526 0.6777251184834123 0.0881516587677725 0.08720379146919431
9 0.6909952606635071 0.6203791469194313 0.07109004739336493 0.06350710900473934
9 0.6777251184834123 0.5777251184834123 0.06824644549763033 0.061611374407582936
1 0.666824644549763 0.5284360189573459 0.06540284360189573 0.07109004739336493
6 0.6018957345971564 0.5009478672985782 0.06255924170616113 0.04265402843601896
6 0.6360189573459716 0.5071090047393365 0.05687203791469194 0.054976303317535544