5 0.23317535545023696 0.176303317535545 0.04454976303317536 0.046445497630331754
8 0.16540284360189572 0.15687203791469195 0.09573459715639811 0.0881516587677725
8 0.0924170616113744 0.16540284360189572 0.0947867298578199 0.08909952606635071
9 0.2900473933649289 0.1734597156398104 0.07203791469194312 0.07393364928909953
9 0.3402843601895735 0.1815165876777251 0.06255924170616113 0.07014218009478673
1 0.385781990521327 0.1976303317535545 0.06729857819905213 0.07203791469194312
6 0.41753554502369666 0.2241706161137441 0.07014218009478673 0.07014218009478673
8 0.8943127962085308 0.2938388625592417 0.07203791469194312 0.07488151658767772
8 0.9146919431279621 0.33744075829383885 0.06919431279620854 0.07014218009478673
9 0.933175355450237 0.3687203791469194 0.06445497630331753 0.06729857819905213
9 0.9530805687203792 0.41137440758293836 0.06255924170616113 0.06729857819905213
1 0.9829383886255925 0.46445497630331756 0.034123222748815164 0.04928909952606635
8 0.44407582938388623 0.8421800947867298 0.08909952606635071 0.08151658767772511
8 0.381042654028436 0.8540284360189574 0.08720379146919431 0.08909952606635071
9 0.3303317535545024 0.8582938388625593 0.05687203791469194 0.06729857819905213
9 0.2890995260663507 0.8601895734597157 0.05781990521327014 0.06824644549763033
1 0.25071090047393363 0.843127962085308 0.05971563981042654 0.07109004739336493
6 0.22938388625592418 0.8127962085308057 0.052132701421800945 0.06635071090047394
6 0.2033175355450237 0.8 0.04265402843601896 0.061611374407582936
8 0.9255924170616113 0.7696682464454976 0.0938388625592417 0.0966824644549763
9 0.9037914691943127 0.8293838862559242 0.07203791469194312 0.07014218009478673
9 0.8862559241706162 0.875829383886256 0.07109004739336493 0.06540284360189573
9 0.8800947867298579 0.9327014218009478 0.07298578199052133 0.07488151658767772