8 0.16729857819905214 0.3962085308056872 0.1061611374407583 0.1033175355450237
9 0.18672985781990523 0.328436018957346 0.09573459715639811 0.07867298578199051
9 0.2004739336492891 0.27582938388625594 0.09004739336492891 0.08436018957345971
9 0.45876777251184836 0.2881516587677725 0.02085308056872038 0.08720379146919431
1 0.22654028436018958 0.22796208530805687 0.08151658767772511 0.08909952606635071
1 0.44644549763033176 0.23838862559241705 0.04549763033175355 0.0995260663507109
6 0.42843601895734595 0.1962085308056872 0.07109004739336493 0.08056872037914692
6 0.37251184834123224 0.1819905213270142 0.08720379146919431 0.0966824644549763
6 0.3080568720379147 0.17393364928909952 0.08246445497630332 0.08720379146919431
6 0.25924170616113745 0.1895734597156398 0.07488151658767772 0.08246445497630332
4 0.5033175355450237 0.011374407582938388 0.04739336492890995 0.022748815165876776
4 0.5218009478672986 0.054502369668246446 0.046445497630331754 0.04739336492890995
8 0.8066350710900474 0.052132701421800945 0.06445497630331753 0.07393364928909953
9 0.7890995260663507 0.1033175355450237 0.055924170616113746 0.05402843601895735
9 0.7611374407582938 0.13364928909952606 0.04170616113744076 0.04739336492890995
9 0.5587677725118484 0.11374407582938388 0.055924170616113746 0.058767772511848344
9 0.5739336492890995 0.15260663507109004 0.046445497630331754 0.046445497630331754
1 0.614218009478673 0.16824644549763032 0.046445497630331754 0.05308056872037915
6 0.6436018957345971 0.18056872037914692 0.03981042654028436 0.05023696682464455
6 0.671090047393365 0.18104265402843603 0.04075829383886256 0.04834123222748815
6 0.6976303317535545 0.17725118483412322 0.03981042654028436 0.05402843601895735
6 0.7213270142180095 0.17535545023696683 0.04075829383886256 0.04265402843601896
1 0.7445497630331753 0.16113744075829384 0.05023696682464455 0.04928909952606635
8 0.4308056872037915 0.7180094786729858 0.07677725118483412 0.08625592417061612
8 0.17298578199052134 0.6161137440758294 0.07582938388625593 0.07488151658767772
9 0.17251184834123223 0.6663507109004739 0.058767772511848344 0.05781990521327014
9 0.1815165876777251 0.7104265402843601 0.05687203791469194 0.05971563981042654
9 0.39478672985781993 0.7540284360189573 0.06255924170616113 0.06445497630331753
9 0.3635071090047393 0.7881516587677725 0.061611374407582936 0.06255924170616113
1 0.32132701421800947 0.8090047393364929 0.055924170616113746 0.05971563981042654
1 0.19194312796208532 0.7549763033175355 0.05402843601895735 0.05687203791469194
6 0.2066350710900474 0.7881516587677725 0.04928909952606635 0.05023696682464455
6 0.22322274881516588 0.8118483412322275 0.04075829383886256 0.04454976303317536
6 0.25308056872037915 0.8227488151658767 0.03981042654028436 0.046445497630331754
6 0.2838862559241706 0.8170616113744076 0.04739336492890995 0.04834123222748815
3 0.8104265402843602 0.6123222748815166 0.046445497630331754 0.05402843601895735
3 0.8739336492890996 0.6037914691943128 0.04454976303317536 0.04739336492890995
9 0.9388625592417061 0.5635071090047393 0.06540284360189573 0.08530805687203792
9 0.9753554502369668 0.566824644549763 0.04928909952606635 0.07582938388625593