8 0.2933649289099526 0.04075829383886256 0.07393364928909953 0.07582938388625593
8 0.27677725118483415 0.1004739336492891 0.07298578199052133 0.06919431279620854
8 0.5042654028436019 0.33080568720379144 0.1023696682464455 0.09289099526066351
8 0.26255924170616113 0.16824644549763032 0.06540284360189573 0.06635071090047394
9 0.24407582938388625 0.22274881516587677 0.055924170616113746 0.05308056872037915
9 0.24170616113744076 0.26966824644549764 0.05687203791469194 0.052132701421800945
9 0.45402843601895737 0.36018957345971564 0.05971563981042654 0.06445497630331753
6 0.34407582938388626 0.37109004739336493 0.05971563981042654 0.05308056872037915
6 0.3180094786729858 0.35687203791469196 0.055924170616113746 0.05687203791469194
6 0.29289099526066353 0.35071090047393366 0.046445497630331754 0.04739336492890995
6 0.2796208530805687 0.32180094786729857 0.043601895734597156 0.04265402843601896
1 0.2554502369668246 0.30379146919431277 0.061611374407582936 0.06066350710900474
8 0.6270142180094787 0.2616113744075829 0.07488151658767772 0.07962085308056872
3 0.6521327014218009 0.3075829383886256 0.04170616113744076 0.03981042654028436
0 0.9440758293838862 0.23791469194312795 0.04265402843601896 0.03886255924170616
3 0.9246445497630332 0.2909952606635071 0.03981042654028436 0.03886255924170616
9 0.9146919431279621 0.35639810426540286 0.05781990521327014 0.054976303317535544
9 0.9023696682464455 0.4009478672985782 0.05308056872037915 0.052132701421800945
1 0.8791469194312796 0.43459715639810426 0.05781990521327014 0.06066350710900474
6 0.8473933649289099 0.45213270142180095 0.04834123222748815 0.055924170616113746
6 0.8165876777251185 0.4597156398104265 0.046445497630331754 0.05781990521327014
6 0.7838862559241706 0.45924170616113746 0.043601895734597156 0.058767772511848344
6 0.7511848341232228 0.45924170616113746 0.04265402843601896 0.054976303317535544
1 0.7170616113744076 0.44407582938388623 0.05118483412322275 0.05402843601895735
9 0.6838862559241706 0.414218009478673 0.05402843601895735 0.05402843601895735
9 0.6663507109004739 0.3758293838862559 0.06255924170616113 0.06066350710900474
3 0.4028436018957346 0.70521327014218 0.04170616113744076 0.03222748815165877
3 0.3753554502369668 0.7497630331753554 0.037914691943127965 0.03696682464454976
3 0.36161137440758295 0.7677725118483413 0.03981042654028436 0.037914691943127965
3 0.34407582938388626 0.8028436018957346 0.03696682464454976 0.043601895734597156
3 0.25829383886255924 0.8109004739336493 0.03886255924170616 0.04265402843601896
3 0.2123222748815166 0.7829383886255924 0.05308056872037915 0.05118483412322275
3 0.17488151658767773 0.7431279620853081 0.046445497630331754 0.043601895734597156
3 0.16018957345971563 0.70521327014218 0.043601895734597156 0.03222748815165877
8 0.9393364928909953 0.9706161137440759 0.08151658767772511 0.058767772511848344
8 0.9312796208530806 0.9232227488151659 0.07962085308056872 0.06255924170616113
9 0.9251184834123223 0.8734597156398104 0.058767772511848344 0.054976303317535544
9 0.9213270142180094 0.8227488151658767 0.07393364928909953 0.06255924170616113
1 0.9317535545023696 0.7725118483412322 0.07867298578199051 0.06919431279620854
6 0.9478672985781991 0.7312796208530805 0.06919431279620854 0.07393364928909953
6 0.9677725118483412 0.7184834123222749 0.06445497630331753 0.058767772511848344