5 0.23696682464454977 0.46398104265402845 0.03601895734597156 0.03886255924170616
8 0.16635071090047393 0.46255924170616114 0.08056872037914692 0.07014218009478673
8 0.0981042654028436 0.4895734597156398 0.07867298578199051 0.07109004739336493
9 0.2909952606635071 0.44644549763033176 0.058767772511848344 0.06066350710900474
9 0.34170616113744073 0.44123222748815166 0.04834123222748815 0.05971563981042654
1 0.3900473933649289 0.44502369668246444 0.05402843601895735 0.05971563981042654
6 0.42748815165876775 0.46208530805687204 0.05687203791469194 0.05781990521327014
3 0.728909952606635 0.008530805687203791 0.043601895734597156 0.017061611374407582
5 0.7360189573459716 0.08530805687203792 0.04170616113744076 0.037914691943127965
1 0.7293838862559242 0.14028436018957346 0.05402843601895735 0.05308056872037915
9 0.5345971563981042 0.1848341232227488 0.009478672985781991 0.04928909952606635
9 0.5540284360189573 0.21184834123222748 0.046445497630331754 0.05402843601895735
1 0.5971563981042654 0.22890995260663508 0.04739336492890995 0.05971563981042654
6 0.6402843601895735 0.22938388625592418 0.04075829383886256 0.07203791469194312
6 0.6800947867298578 0.22843601895734597 0.052132701421800945 0.06445497630331753
6 0.7075829383886256 0.2127962085308057 0.05402843601895735 0.06350710900473934
6 0.7246445497630332 0.1872037914691943 0.052132701421800945 0.061611374407582936
8 0.5123222748815166 0.9824644549763033 0.035071090047393366 0.035071090047393366
9 0.2772511848341232 0.981042654028436 0.052132701421800945 0.037914691943127965
9 0.2886255924170616 0.9469194312796209 0.04834123222748815 0.04739336492890995
9 0.5009478672985782 0.9535545023696682 0.054976303317535544 0.05308056872037915
9 0.4829383886255924 0.9146919431279621 0.04739336492890995 0.05023696682464455
1 0.3052132701421801 0.9161137440758294 0.04075829383886256 0.052132701421800945
1 0.45402843601895737 0.8900473933649289 0.04170616113744076 0.05781990521327014
6 0.4255924170616114 0.8848341232227488 0.037914691943127965 0.05971563981042654
6 0.395260663507109 0.890521327014218 0.035071090047393366 0.054976303317535544
6 0.3630331753554502 0.8919431279620853 0.034123222748815164 0.06066350710900474
6 0.33791469194312795 0.9014218009478673 0.04075829383886256 0.05402843601895735
3 0.6872037914691943 0.6090047393364929 0.037914691943127965 0.04075829383886256
3 0.6872037914691943 0.6654028436018957 0.037914691943127965 0.034123222748815164
3 0.680568720379147 0.7246445497630332 0.034123222748815164 0.035071090047393366
1 0.690521327014218 0.762085308056872 0.06540284360189573 0.05308056872037915
6 0.681042654028436 0.7990521327014218 0.04834123222748815 0.04170616113744076
1 0.5398104265402843 0.8478672985781991 0.01990521327014218 0.06350710900473934
6 0.5687203791469194 0.8464454976303317 0.043601895734597156 0.05118483412322275
6 0.6037914691943128 0.8473933649289099 0.03981042654028436 0.05687203791469194
6 0.633175355450237 0.8369668246445497 0.03981042654028436 0.04739336492890995
6 0.6592417061611374 0.818957345971564 0.04834123222748815 0.04739336492890995