8 0.0971563981042654 0.27061611374407585 0.08625592417061612 0.0909952606635071
8 0.05545023696682464 0.3194312796208531 0.08625592417061612 0.08720379146919431
8 0.03033175355450237 0.3687203791469194 0.06066350710900474 0.08909952606635071
8 0.7317535545023697 0.08578199052132701 0.07677725118483412 0.08436018957345971
8 0.6815165876777252 0.05071090047393365 0.08341232227488152 0.09004739336492891
9 0.6407582938388625 0.02843601895734597 0.06255924170616113 0.05687203791469194
9 0.6028436018957346 0.02227488151658768 0.06445497630331753 0.04454976303317536
1 0.5606635071090047 0.014218009478672985 0.061611374407582936 0.02843601895734597
6 0.518957345971564 0.014218009478672985 0.05971563981042654 0.02843601895734597
6 0.48056872037914694 0.01990521327014218 0.06255924170616113 0.03981042654028436
8 0.4218009478672986 0.8549763033175355 0.054976303317535544 0.10426540284360189
8 0.10284360189573459 0.952132701421801 0.10710900473933649 0.09573459715639811
9 0.0947867298578199 0.9018957345971564 0.08246445497630332 0.06445497630331753
9 0.0881516587677725 0.8606635071090047 0.07393364928909953 0.05687203791469194
9 0.34170616113744073 0.7303317535545024 0.07582938388625593 0.07772511848341232
1 0.0938388625592417 0.8127962085308057 0.07393364928909953 0.06066350710900474
1 0.2947867298578199 0.7033175355450237 0.06445497630331753 0.07677725118483412
6 0.1023696682464455 0.7573459715639811 0.07109004739336493 0.06350710900473934
6 0.12985781990521328 0.7161137440758294 0.08056872037914692 0.07109004739336493
6 0.18056872037914692 0.6872037914691943 0.08625592417061612 0.08436018957345971
6 0.24360189573459715 0.680568720379147 0.07203791469194312 0.07677725118483412
9 0.5687203791469194 0.4886255924170616 0.07298578199052133 0.08625592417061612
9 0.6265402843601896 0.4909952606635071 0.07298578199052133 0.08625592417061612
6 0.7592417061611374 0.6725118483412322 0.06919431279620854 0.06540284360189573
6 0.7691943127962085 0.6189573459715639 0.08530805687203792 0.07962085308056872
6 0.7748815165876777 0.5611374407582939 0.09004739336492891 0.08246445497630332
9 0.7075829383886256 0.7298578199052133 0.08151658767772511 0.08436018957345971
6 0.7374407582938388 0.5279620853080569 0.07109004739336493 0.07393364928909953
1 0.6938388625592417 0.4933649289099526 0.08056872037914692 0.08151658767772511