9 0.05545023696682464 0.3909952606635071 0.06445497630331753 0.06540284360189573
9 0.1014218009478673 0.36587677725118484 0.06066350710900474 0.05971563981042654
1 0.14644549763033177 0.3469194312796208 0.05402843601895735 0.06635071090047394
6 0.19146919431279621 0.34739336492890993 0.04739336492890995 0.055924170616113746
6 0.23696682464454977 0.35165876777251187 0.06066350710900474 0.06445497630331753
6 0.28104265402843603 0.37156398104265403 0.06350710900473934 0.06350710900473934
6 0.3080568720379147 0.3981042654028436 0.05023696682464455 0.05118483412322275
1 0.3232227488151659 0.42274881516587676 0.05687203791469194 0.034123222748815164
8 0.5947867298578199 0.16350710900473933 0.05023696682464455 0.0881516587677725
8 0.633175355450237 0.11516587677725118 0.07962085308056872 0.09194312796208531
9 0.6867298578199053 0.08578199052132701 0.05402843601895735 0.06824644549763033
9 0.7293838862559242 0.06966824644549763 0.05308056872037915 0.06729857819905213
1 0.7701421800947867 0.054976303317535544 0.055924170616113746 0.06540284360189573
6 0.8161137440758294 0.054976303317535544 0.05023696682464455 0.05402843601895735
6 0.8545023696682464 0.07251184834123223 0.06824644549763033 0.05971563981042654
6 0.8881516587677725 0.11042654028436019 0.06540284360189573 0.06445497630331753
6 0.9104265402843602 0.14691943127962084 0.05971563981042654 0.052132701421800945
1 0.9142180094786729 0.1876777251184834 0.061611374407582936 0.05023696682464455
9 0.8976303317535546 0.271563981042654 0.06919431279620854 0.05023696682464455
8 0.8796208530805687 0.32606635071090045 0.08436018957345971 0.08056872037914692
7 0.9127962085308057 0.23270142180094786 0.037914691943127965 0.04265402843601896
4 0.31516587677725116 0.6137440758293838 0.03696682464454976 0.03696682464454976
3 0.24170616113744076 0.5156398104265403 0.034123222748815164 0.03222748815165877
3 0.2786729857819905 0.5312796208530806 0.031279620853080566 0.031279620853080566
9 0.3075829383886256 0.5748815165876777 0.058767772511848344 0.055924170616113746
3 0.15545023696682464 0.47345971563981043 0.029383886255924172 0.03222748815165877
1 0.11374407582938388 0.471563981042654 0.05308056872037915 0.06350710900473934
9 0.07677725118483412 0.4962085308056872 0.05781990521327014 0.054976303317535544
9 0.05545023696682464 0.5388625592417061 0.06540284360189573 0.06350710900473934
8 0.03175355450236967 0.5890995260663507 0.06350710900473934 0.09194312796208531
9 0.6459715639810426 0.4947867298578199 0.06540284360189573 0.06066350710900474
9 0.6601895734597156 0.5383886255924171 0.07014218009478673 0.06066350710900474
9 0.8800947867298579 0.5658767772511848 0.06635071090047394 0.06255924170616113
1 0.8644549763033176 0.609478672985782 0.06255924170616113 0.058767772511848344
6 0.828436018957346 0.6255924170616114 0.05308056872037915 0.06635071090047394
6 0.7838862559241706 0.6336492890995261 0.05971563981042654 0.06255924170616113
6 0.7298578199052133 0.6293838862559241 0.05971563981042654 0.05971563981042654
6 0.6947867298578199 0.6180094786729858 0.055924170616113746 0.052132701421800945
1 0.671090047393365 0.5824644549763033 0.058767772511848344 0.05118483412322275