3 0.4710900473933649 0.26492890995260665 0.046445497630331754 0.04834123222748815
3 0.4848341232227488 0.31990521327014215 0.04549763033175355 0.04265402843601896
8 0.7398104265402844 0.17962085308056872 0.08246445497630332 0.07867298578199051
8 0.7364928909952607 0.23933649289099526 0.08530805687203792 0.0909952606635071
9 0.7317535545023697 0.2957345971563981 0.061611374407582936 0.05781990521327014
9 0.7232227488151659 0.33270142180094786 0.06255924170616113 0.05308056872037915
1 0.7146919431279621 0.35260663507109 0.05687203791469194 0.013270142180094787
3 0.42890995260663506 0.6417061611374407 0.04265402843601896 0.04549763033175355
3 0.5028436018957346 0.6312796208530805 0.043601895734597156 0.04454976303317536
1 0.3630331753554502 0.6691943127962086 0.06255924170616113 0.07393364928909953
9 0.5203791469194313 0.657345971563981 0.018957345971563982 0.06540284360189573
9 0.33933649289099527 0.7071090047393365 0.06824644549763033 0.07488151658767772
9 0.32606635071090045 0.7450236966824645 0.07109004739336493 0.07109004739336493
8 0.8554502369668247 0.8450236966824645 0.0909952606635071 0.09194312796208531
8 0.9251184834123223 0.8563981042654029 0.09004739336492891 0.0909952606635071
9 0.9748815165876777 0.8649289099526066 0.05023696682464455 0.06729857819905213