8 0.15213270142180094 0.44218009478672987 0.0947867298578199 0.07867298578199051
9 0.17440758293838862 0.3933649289099526 0.08246445497630332 0.06635071090047394
6 0.0995260663507109 0.15545023696682464 0.06635071090047394 0.07677725118483412
6 0.14786729857819905 0.17109004739336492 0.07109004739336493 0.07488151658767772
6 0.1881516587677725 0.2004739336492891 0.07393364928909953 0.07109004739336493
6 0.1976303317535545 0.24502369668246446 0.08341232227488152 0.07488151658767772
1 0.2037914691943128 0.2895734597156398 0.08056872037914692 0.07677725118483412
1 0.04881516587677725 0.14834123222748816 0.07203791469194312 0.08151658767772511
9 0.016587677725118485 0.16540284360189572 0.03317535545023697 0.08056872037914692
9 0.1881516587677725 0.3464454976303318 0.08530805687203792 0.07488151658767772
8 0.557345971563981 0.16492890995260664 0.07109004739336493 0.07014218009478673
8 0.6170616113744076 0.16208530805687205 0.08246445497630332 0.0881516587677725
9 0.6672985781990521 0.17440758293838862 0.04834123222748815 0.05023696682464455
9 0.7109004739336493 0.18104265402843603 0.05023696682464455 0.05308056872037915
1 0.7511848341232228 0.2028436018957346 0.05023696682464455 0.05781990521327014
6 0.7848341232227488 0.23127962085308057 0.04265402843601896 0.03981042654028436
6 0.8037914691943128 0.25734597156398104 0.03886255924170616 0.03886255924170616
3 0.14454976303317535 0.8364928909952607 0.05023696682464455 0.05781990521327014
8 0.2018957345971564 0.8597156398104265 0.08625592417061612 0.08246445497630332
9 0.25734597156398104 0.8843601895734597 0.06066350710900474 0.07109004739336493
9 0.3014218009478673 0.9037914691943127 0.05781990521327014 0.06824644549763033
1 0.3469194312796208 0.9151658767772511 0.05971563981042654 0.061611374407582936
6 0.38436018957345974 0.9028436018957346 0.04834123222748815 0.05023696682464455
6 0.4146919431279621 0.8919431279620853 0.058767772511848344 0.04739336492890995
6 0.42938388625592416 0.8601895734597157 0.055924170616113746 0.04454976303317536
8 0.8881516587677725 0.761611374407583 0.08909952606635071 0.09194312796208531
9 0.9037914691943127 0.8161137440758294 0.058767772511848344 0.05971563981042654
9 0.9199052132701422 0.8559241706161137 0.058767772511848344 0.06255924170616113
1 0.9440758293838862 0.8924170616113745 0.054976303317535544 0.05971563981042654
6 0.9914691943127962 0.9279620853080569 0.017061611374407582 0.04928909952606635
6 0.9767772511848342 0.9113744075829384 0.046445497630331754 0.05023696682464455