4 0.2739336492890995 0.24123222748815165 0.04075829383886256 0.04265402843601896
3 0.24218009478672986 0.2919431279620853 0.046445497630331754 0.04739336492890995
4 0.21137440758293838 0.34739336492890993 0.03696682464454976 0.03981042654028436
6 0.08104265402843602 0.43317535545023694 0.058767772511848344 0.06445497630331753
6 0.02890995260663507 0.43981042654028435 0.05781990521327014 0.06445497630331753
9 0.17488151658767773 0.3943127962085308 0.07298578199052133 0.07393364928909953
8 0.4023696682464455 0.3180094786729858 0.046445497630331754 0.07677725118483412
8 0.45023696682464454 0.33981042654028437 0.07488151658767772 0.08151658767772511
5 0.4938388625592417 0.36161137440758295 0.03696682464454976 0.03886255924170616
9 0.5388625592417061 0.36161137440758295 0.052132701421800945 0.06255924170616113
1 0.581042654028436 0.35450236966824644 0.04549763033175355 0.05687203791469194
6 0.6194312796208531 0.34360189573459715 0.05308056872037915 0.05118483412322275
6 0.6436018957345971 0.3246445497630332 0.05023696682464455 0.03886255924170616
8 0.2838862559241706 0.7417061611374408 0.08246445497630332 0.08720379146919431
3 0.34976303317535545 0.771563981042654 0.04549763033175355 0.046445497630331754
8 0.46255924170616114 0.6488151658767772 0.07677725118483412 0.07298578199052133
8 0.7398104265402844 0.6312796208530805 0.08436018957345971 0.07298578199052133
8 0.45639810426540284 0.5914691943127962 0.06540284360189573 0.061611374407582936
8 0.7421800947867299 0.581042654028436 0.06350710900473934 0.05118483412322275
9 0.46303317535545024 0.5440758293838862 0.06540284360189573 0.054976303317535544
9 0.4781990521327014 0.5213270142180095 0.06919431279620854 0.022748815165876776
9 0.7341232227488151 0.5440758293838862 0.061611374407582936 0.04739336492890995
9 0.7170616113744076 0.5246445497630332 0.06729857819905213 0.029383886255924172