0 0.26303317535545023 0.2616113744075829 0.04549763033175355 0.04834123222748815
0 0.35023696682464456 0.3023696682464455 0.03886255924170616 0.037914691943127965
0 0.3957345971563981 0.3132701421800948 0.04170616113744076 0.04075829383886256
8 0.5303317535545023 0.08767772511848342 0.07772511848341232 0.07488151658767772
1 0.4322274881516588 0.323696682464455 0.06540284360189573 0.07298578199052133
6 0.4725118483412322 0.3113744075829384 0.054976303317535544 0.06824644549763033
6 0.4990521327014218 0.30379146919431277 0.058767772511848344 0.05687203791469194
6 0.5246445497630332 0.285781990521327 0.05971563981042654 0.05118483412322275
6 0.5393364928909953 0.25971563981042656 0.05971563981042654 0.05118483412322275
1 0.5402843601895735 0.22322274881516588 0.07582938388625593 0.061611374407582936
9 0.5398104265402843 0.18009478672985782 0.07014218009478673 0.05687203791469194
9 0.5383886255924171 0.13838862559241707 0.06350710900473934 0.05118483412322275
3 0.956872037914692 0.34312796208530805 0.03981042654028436 0.04075829383886256
3 0.923696682464455 0.2900473933649289 0.04265402843601896 0.04265402843601896
3 0.8881516587677725 0.25876777251184835 0.031279620853080566 0.035071090047393366
3 0.6601895734597156 0.45260663507109006 0.04265402843601896 0.03317535545023697
3 0.6388625592417062 0.4104265402843602 0.037914691943127965 0.037914691943127965
9 0.6412322274881517 0.36208530805687206 0.04265402843601896 0.05308056872037915
3 0.637914691943128 0.3194312796208531 0.03601895734597156 0.04739336492890995
1 0.6445497630331753 0.2616113744075829 0.04928909952606635 0.07772511848341232
6 0.6559241706161137 0.2104265402843602 0.06729857819905213 0.07203791469194312
6 0.6962085308056872 0.18388625592417063 0.06255924170616113 0.07393364928909953
6 0.7454976303317535 0.16303317535545023 0.07203791469194312 0.08341232227488152
6 0.795260663507109 0.15023696682464455 0.07298578199052133 0.08246445497630332
2 0.837914691943128 0.18625592417061612 0.04075829383886256 0.04549763033175355
2 0.876303317535545 0.22227488151658767 0.05781990521327014 0.04739336492890995
8 0.46824644549763034 0.7075829383886256 0.07677725118483412 0.04928909952606635
9 0.44454976303317534 0.7369668246445498 0.05781990521327014 0.05781990521327014
9 0.4255924170616114 0.7725118483412322 0.054976303317535544 0.05308056872037915
8 0.2 0.7255924170616114 0.06729857819905213 0.06635071090047394
9 0.22274881516587677 0.7606635071090048 0.05687203791469194 0.05308056872037915
9 0.24928909952606634 0.7909952606635071 0.05402843601895735 0.05118483412322275
1 0.40616113744075827 0.8042654028436019 0.04928909952606635 0.05402843601895735
1 0.2777251184834123 0.8127962085308057 0.04834123222748815 0.055924170616113746
6 0.304739336492891 0.8255924170616113 0.03981042654028436 0.05118483412322275
6 0.3289099526066351 0.8341232227488151 0.03696682464454976 0.05118483412322275
6 0.35260663507109 0.8298578199052132 0.03696682464454976 0.05308056872037915
6 0.3753554502369668 0.8184834123222748 0.04075829383886256 0.04928909952606635
8 0.871563981042654 0.6644549763033175 0.08909952606635071 0.0947867298578199
9 0.8706161137440759 0.7199052132701422 0.06445497630331753 0.05687203791469194
9 0.8573459715639811 0.7630331753554502 0.06445497630331753 0.058767772511848344
1 0.8417061611374408 0.8033175355450237 0.05687203791469194 0.06066350710900474
2 0.8085308056872038 0.8260663507109005 0.03696682464454976 0.04265402843601896
2 0.771563981042654 0.8469194312796209 0.04265402843601896 0.04928909952606635
2 0.6843601895734597 0.8492890995260663 0.03981042654028436 0.04739336492890995
2 0.6393364928909953 0.8255924170616113 0.03886255924170616 0.04928909952606635