6 0.17156398104265402 0.13649289099526066 0.06919431279620854 0.07677725118483412
6 0.21990521327014217 0.15165876777251186 0.07109004739336493 0.07488151658767772
6 0.25687203791469193 0.18578199052132702 0.07867298578199051 0.08056872037914692
6 0.2734597156398104 0.22796208530805687 0.08056872037914692 0.08056872037914692
1 0.11895734597156397 0.12890995260663507 0.06729857819905213 0.07772511848341232
1 0.27440758293838863 0.2734597156398104 0.07772511848341232 0.07582938388625593
9 0.07061611374407582 0.14691943127962084 0.07298578199052133 0.07772511848341232
9 0.029383886255924172 0.15971563981042655 0.058767772511848344 0.07488151658767772
9 0.26018957345971566 0.3289099526066351 0.08720379146919431 0.07298578199052133
9 0.24312796208530807 0.3767772511848341 0.0881516587677725 0.06824644549763033
8 0.00995260663507109 0.18625592417061612 0.01990521327014218 0.09194312796208531
8 0.22274881516587677 0.42369668246445497 0.09289099526066351 0.07962085308056872
8 0.518957345971564 0.34360189573459715 0.0995260663507109 0.11279620853080569
8 0.8469194312796209 0.2004739336492891 0.08436018957345971 0.0909952606635071
8 0.8327014218009479 0.27488151658767773 0.0881516587677725 0.1004739336492891
9 0.8042654028436019 0.3791469194312796 0.058767772511848344 0.061611374407582936
9 0.5829383886255924 0.41706161137440756 0.07203791469194312 0.07677725118483412
1 0.6175355450236967 0.44549763033175355 0.05402843601895735 0.06824644549763033
6 0.6582938388625592 0.4549763033175355 0.052132701421800945 0.04928909952606635
6 0.6971563981042654 0.45734597156398105 0.052132701421800945 0.04454976303317536
6 0.7255924170616114 0.45308056872037916 0.05971563981042654 0.05308056872037915
6 0.7559241706161137 0.44549763033175355 0.06255924170616113 0.06350710900473934
1 0.781042654028436 0.4194312796208531 0.06255924170616113 0.07109004739336493
8 0.36635071090047394 0.8492890995260663 0.08625592417061612 0.08436018957345971
0 0.3033175355450237 0.8511848341232228 0.04265402843601896 0.043601895734597156
9 0.24502369668246446 0.842654028436019 0.05971563981042654 0.06635071090047394
1 0.2023696682464455 0.8293838862559242 0.052132701421800945 0.05971563981042654
6 0.17440758293838862 0.8075829383886256 0.04739336492890995 0.04739336492890995
6 0.15308056872037915 0.7853080568720379 0.05023696682464455 0.04170616113744076
6 0.557345971563981 0.7085308056872038 0.05781990521327014 0.058767772511848344
6 0.6033175355450237 0.7341232227488151 0.06540284360189573 0.04928909952606635
6 0.6559241706161137 0.7298578199052133 0.07203791469194312 0.06729857819905213
6 0.7 0.7170616113744076 0.06066350710900474 0.05781990521327014
1 0.7331753554502369 0.6895734597156398 0.061611374407582936 0.05781990521327014
1 0.5161137440758294 0.6725118483412322 0.06540284360189573 0.07014218009478673
9 0.500473933649289 0.6303317535545023 0.06255924170616113 0.06824644549763033
9 0.4938388625592417 0.5862559241706161 0.04928909952606635 0.06540284360189573
9 0.7563981042654029 0.6530805687203791 0.06635071090047394 0.05781990521327014
9 0.7772511848341233 0.6170616113744076 0.06540284360189573 0.058767772511848344