8 0.1976303317535545 0.4014218009478673 0.08909952606635071 0.08056872037914692
8 0.2791469194312796 0.3909952606635071 0.08625592417061612 0.08625592417061612
9 0.34312796208530805 0.3876777251184834 0.05308056872037915 0.06255924170616113
8 0.6099526066350711 0.18293838862559242 0.06729857819905213 0.06635071090047394
8 0.6488151658767772 0.2241706161137441 0.06919431279620854 0.07203791469194312
9 0.685781990521327 0.25450236966824646 0.05023696682464455 0.05687203791469194
9 0.7218009478672985 0.27109004739336495 0.04834123222748815 0.05781990521327014
8 0.8900473933649289 0.025118483412322274 0.058767772511848344 0.05023696682464455
8 0.8976303317535546 0.07535545023696683 0.06350710900473934 0.06255924170616113
9 0.8990521327014218 0.12180094786729857 0.05781990521327014 0.043601895734597156
9 0.8938388625592417 0.16113744075829384 0.06255924170616113 0.04739336492890995
1 0.8843601895734597 0.2033175355450237 0.06445497630331753 0.04928909952606635
1 0.7654028436018957 0.27677725118483415 0.04834123222748815 0.055924170616113746
6 0.8042654028436019 0.2791469194312796 0.03981042654028436 0.04265402843601896
6 0.8374407582938389 0.2739336492890995 0.03886255924170616 0.04834123222748815
6 0.8625592417061612 0.2616113744075829 0.04170616113744076 0.04170616113744076
6 0.876303317535545 0.23981042654028437 0.05118483412322275 0.03981042654028436
3 0.22748815165876776 0.7777251184834123 0.04170616113744076 0.03981042654028436
3 0.17582938388625594 0.7417061611374408 0.037914691943127965 0.04265402843601896
9 0.12748815165876778 0.7402843601895734 0.061611374407582936 0.06350710900473934
9 0.08625592417061612 0.7227488151658767 0.05687203791469194 0.05687203791469194
1 0.03981042654028436 0.7203791469194313 0.054976303317535544 0.058767772511848344
6 0.016113744075829384 0.7341232227488151 0.03222748815165877 0.05023696682464455
6 0.9478672985781991 0.7540284360189573 0.061611374407582936 0.07014218009478673
6 0.9829383886255925 0.762085308056872 0.034123222748815164 0.06824644549763033
1 0.8947867298578199 0.7535545023696683 0.05971563981042654 0.07109004739336493
9 0.8492890995260663 0.7781990521327015 0.06540284360189573 0.07014218009478673
9 0.8033175355450237 0.7976303317535545 0.06540284360189573 0.06729857819905213
8 0.7635071090047393 0.8303317535545024 0.07488151658767772 0.08436018957345971
8 0.7203791469194313 0.8696682464454977 0.07109004739336493 0.08151658767772511