8 0.33649289099526064 0.021800947867298578 0.0947867298578199 0.043601895734597156
8 0.6767772511848341 0.11658767772511848 0.08436018957345971 0.0966824644549763
8 0.6303317535545023 0.16492890995260664 0.0938388625592417 0.1033175355450237
9 0.5876777251184834 0.2033175355450237 0.06824644549763033 0.07298578199052133
9 0.5511848341232227 0.22796208530805687 0.06445497630331753 0.06919431279620854
1 0.5099526066350711 0.25165876777251184 0.05308056872037915 0.06824644549763033
2 0.3298578199052133 0.15924170616113745 0.05687203791469194 0.04739336492890995
2 0.32701421800947866 0.11042654028436019 0.061611374407582936 0.05023696682464455
9 0.32132701421800947 0.05971563981042654 0.07488151658767772 0.05781990521327014
6 0.418957345971564 0.2682464454976303 0.061611374407582936 0.07393364928909953
6 0.37345971563981045 0.24549763033175356 0.06255924170616113 0.07488151658767772
4 0.466824644549763 0.25118483412322273 0.03601895734597156 0.037914691943127965
5 0.35687203791469196 0.195260663507109 0.035071090047393366 0.03601895734597156
8 0.5085308056872038 0.5625592417061611 0.06635071090047394 0.07962085308056872
2 0.45308056872037916 0.5526066350710901 0.06066350710900474 0.07772511848341232
9 0.4075829383886256 0.5298578199052133 0.05118483412322275 0.06540284360189573
9 0.36824644549763036 0.5265402843601896 0.052132701421800945 0.07014218009478673
1 0.3227488151658768 0.518957345971564 0.05781990521327014 0.05971563981042654
6 0.27630331753554505 0.5194312796208531 0.05023696682464455 0.05687203791469194
6 0.23981042654028437 0.5355450236966824 0.06635071090047394 0.06445497630331753