8 0.10284360189573459 0.2028436018957346 0.0881516587677725 0.09573459715639811
8 0.042180094786729856 0.22748815165876776 0.08436018957345971 0.0966824644549763
4 0.00900473933649289 0.24786729857819906 0.01800947867298578 0.04265402843601896
8 0.6530805687203791 0.15118483412322276 0.07962085308056872 0.08341232227488152
8 0.6436018957345971 0.21469194312796208 0.07488151658767772 0.08056872037914692
8 0.42938388625592416 0.3232227488151659 0.03981042654028436 0.06635071090047394
9 0.6388625592417062 0.266824644549763 0.06635071090047394 0.06350710900473934
9 0.6303317535545023 0.3080568720379147 0.06350710900473934 0.06635071090047394
9 0.44360189573459713 0.35402843601895734 0.06540284360189573 0.06540284360189573
1 0.6071090047393365 0.33886255924170616 0.058767772511848344 0.07109004739336493
1 0.4772511848341232 0.3758293838862559 0.061611374407582936 0.06824644549763033
6 0.5872037914691943 0.36729857819905215 0.03981042654028436 0.04739336492890995
6 0.5606635071090047 0.3739336492890995 0.03886255924170616 0.054976303317535544
6 0.5345971563981042 0.3800947867298578 0.043601895734597156 0.06066350710900474
6 0.504739336492891 0.3819905213270142 0.05023696682464455 0.06255924170616113
3 0.12085308056872038 0.8895734597156398 0.046445497630331754 0.05023696682464455
8 0.06729857819905213 0.8483412322274881 0.0976303317535545 0.1014218009478673
9 0.025118483412322274 0.8218009478672986 0.05023696682464455 0.07582938388625593
3 0.6933649289099526 0.6317535545023697 0.046445497630331754 0.04549763033175355
3 0.633175355450237 0.6132701421800948 0.043601895734597156 0.04834123222748815
9 0.5867298578199052 0.6270142180094787 0.07014218009478673 0.07203791469194312
9 0.5421800947867299 0.6227488151658768 0.06445497630331753 0.06445497630331753
1 0.4976303317535545 0.6350710900473934 0.06255924170616113 0.06540284360189573
6 0.4706161137440758 0.6582938388625592 0.058767772511848344 0.05781990521327014
6 0.45213270142180095 0.6843601895734597 0.054976303317535544 0.05308056872037915
6 0.43981042654028435 0.7208530805687203 0.055924170616113746 0.052132701421800945