9 0.4374407582938389 0.016113744075829384 0.06919431279620854 0.03222748815165877
9 0.45023696682464454 0.04834123222748815 0.061611374407582936 0.058767772511848344
8 0.7113744075829384 0.025118483412322274 0.0881516587677725 0.05023696682464455
9 0.6853080568720379 0.053554502369668244 0.061611374407582936 0.07109004739336493
9 0.6488151658767772 0.08862559241706161 0.05971563981042654 0.06255924170616113
1 0.614218009478673 0.11469194312796209 0.05402843601895735 0.08151658767772511
4 0.5454976303317536 0.08530805687203792 0.03601895734597156 0.03601895734597156
3 0.4829383886255924 0.055924170616113746 0.03886255924170616 0.04549763033175355
8 0.2184834123222749 0.6080568720379147 0.06445497630331753 0.06445497630331753
8 0.15687203791469195 0.6341232227488152 0.07582938388625593 0.06350710900473934
9 0.0966824644549763 0.6436018957345971 0.05023696682464455 0.05023696682464455
9 0.05118483412322275 0.6497630331753554 0.046445497630331754 0.046445497630331754
1 0.013744075829383886 0.6535545023696683 0.027488151658767772 0.05971563981042654
3 0.6578199052132702 0.5744075829383887 0.03886255924170616 0.035071090047393366
3 0.9293838862559242 0.5459715639810426 0.03317535545023697 0.03601895734597156
3 0.9137440758293839 0.6213270142180095 0.035071090047393366 0.035071090047393366
3 0.8943127962085308 0.6502369668246446 0.03317535545023697 0.03886255924170616
3 0.8085308056872038 0.6763033175355451 0.03601895734597156 0.04075829383886256
3 0.7483412322274882 0.662085308056872 0.031279620853080566 0.02843601895734597
3 0.7246445497630332 0.6516587677725119 0.034123222748815164 0.031279620853080566