3 0.3644549763033175 0.4156398104265403 0.04454976303317536 0.03981042654028436
4 0.3170616113744076 0.4981042654028436 0.04075829383886256 0.037914691943127965
8 0.05308056872037915 0.28720379146919434 0.0938388625592417 0.07582938388625593
8 0.04691943127962085 0.34786729857819904 0.0938388625592417 0.08151658767772511
9 0.04123222748815166 0.4028436018957346 0.08151658767772511 0.05781990521327014
9 0.04265402843601896 0.45213270142180095 0.07962085308056872 0.06350710900473934
1 0.05071090047393365 0.5071090047393365 0.07772511848341232 0.07014218009478673
1 0.24976303317535545 0.5620853080568721 0.06540284360189573 0.034123222748815164
9 0.2900473933649289 0.542654028436019 0.07014218009478673 0.07298578199052133
6 0.0909952606635071 0.5635071090047393 0.07772511848341232 0.031279620853080566
6 0.057345971563981045 0.5516587677725119 0.07109004739336493 0.054976303317535544
3 0.6767772511848341 0.22369668246445498 0.04739336492890995 0.04739336492890995
8 0.6023696682464454 0.24597156398104264 0.09004739336492891 0.08530805687203792
9 0.5364928909952607 0.262085308056872 0.05687203791469194 0.06824644549763033
9 0.4890995260663507 0.2777251184834123 0.05402843601895735 0.06540284360189573
1 0.44739336492890996 0.2834123222748815 0.055924170616113746 0.054976303317535544
6 0.41137440758293836 0.27440758293838863 0.043601895734597156 0.04834123222748815
6 0.4009478672985782 0.25876777251184835 0.022748815165876776 0.054976303317535544
8 0.22180094786729856 0.8246445497630331 0.09289099526066351 0.09004739336492891
9 0.23744075829383887 0.8815165876777251 0.06919431279620854 0.05687203791469194
9 0.25497630331753557 0.9260663507109005 0.07203791469194312 0.06350710900473934
6 0.3170616113744076 0.9848341232227488 0.05781990521327014 0.03033175355450237
1 0.28151658767772514 0.9654028436018958 0.06445497630331753 0.06255924170616113
8 0.9691943127962085 0.8739336492890996 0.061611374407582936 0.08151658767772511
8 0.657345971563981 0.9909952606635071 0.08246445497630332 0.01800947867298578
9 0.9725118483412323 0.9791469194312796 0.054976303317535544 0.04170616113744076