4 0.24075829383886255 0.08578199052132701 0.03696682464454976 0.037914691943127965
4 0.12511848341232226 0.0924170616113744 0.034123222748815164 0.034123222748815164
1 0.07203791469194312 0.11421800947867299 0.06729857819905213 0.06255924170616113
1 0.2966824644549763 0.0962085308056872 0.07014218009478673 0.05971563981042654
9 0.04123222748815166 0.15592417061611374 0.07203791469194312 0.061611374407582936
9 0.04312796208530806 0.1976303317535545 0.07867298578199051 0.04834123222748815
9 0.33080568720379144 0.13601895734597155 0.07203791469194312 0.05971563981042654
9 0.34407582938388626 0.17440758293838862 0.07203791469194312 0.05308056872037915
8 0.04881516587677725 0.24928909952606634 0.08246445497630332 0.07488151658767772
8 0.6853080568720379 0.13744075829383887 0.05971563981042654 0.07867298578199051
8 0.6322274881516587 0.12322274881516587 0.06445497630331753 0.07772511848341232
8 0.5867298578199052 0.9687203791469194 0.026540284360189573 0.06255924170616113
9 0.5786729857819906 0.9298578199052133 0.04265402843601896 0.05308056872037915
9 0.5559241706161138 0.895260663507109 0.04834123222748815 0.05023696682464455
9 0.3691943127962085 0.9872037914691943 0.05971563981042654 0.025592417061611375
9 0.3691943127962085 0.9559241706161138 0.05023696682464455 0.05308056872037915
1 0.3815165876777251 0.9127962085308057 0.05023696682464455 0.054976303317535544
1 0.5208530805687204 0.8672985781990521 0.04928909952606635 0.05781990521327014
6 0.4933649289099526 0.8549763033175355 0.04454976303317536 0.05402843601895735
6 0.45829383886255926 0.8545023696682464 0.037914691943127965 0.055924170616113746
6 0.42985781990521327 0.8639810426540284 0.04170616113744076 0.06255924170616113
6 0.404739336492891 0.8862559241706162 0.04549763033175355 0.05402843601895735
3 0.7170616113744076 0.7360189573459716 0.043601895734597156 0.04739336492890995
3 0.7066350710900474 0.8014218009478673 0.05023696682464455 0.04549763033175355
9 0.7090047393364929 0.8663507109004739 0.05781990521327014 0.06255924170616113
1 0.6928909952606636 0.9075829383886256 0.05687203791469194 0.06824644549763033
5 0.6056872037914692 0.9279620853080569 0.011374407582938388 0.04170616113744076
3 0.6516587677725119 0.9061611374407583 0.035071090047393366 0.04075829383886256