8 0.22985781990521326 0.36208530805687206 0.09004739336492891 0.10426540284360189
8 0.5345971563981042 0.33222748815165876 0.09194312796208531 0.1014218009478673
1 0.4706161137440758 0.4663507109004739 0.058767772511848344 0.07772511848341232
1 0.3009478672985782 0.4815165876777251 0.05781990521327014 0.07677725118483412
3 0.4213270142180095 0.45592417061611373 0.035071090047393366 0.037914691943127965
3 0.3412322274881517 0.45829383886255926 0.034123222748815164 0.03886255924170616
9 0.4924170616113744 0.4308056872037915 0.05402843601895735 0.06255924170616113
9 0.514218009478673 0.3928909952606635 0.06445497630331753 0.06350710900473934
9 0.24786729857819906 0.4194312796208531 0.061611374407582936 0.05687203791469194
9 0.271563981042654 0.4549763033175355 0.06066350710900474 0.061611374407582936
6 0.7848341232227488 0.5507109004739337 0.054976303317535544 0.017061611374407582
1 0.8672985781990521 0.5298578199052133 0.058767772511848344 0.058767772511848344
6 0.7549763033175355 0.5402843601895735 0.046445497630331754 0.037914691943127965
1 0.7104265402843601 0.5383886255924171 0.055924170616113746 0.04170616113744076
9 0.6796208530805687 0.5255924170616114 0.05687203791469194 0.06255924170616113
9 0.6654028436018957 0.49146919431279623 0.03222748815165877 0.061611374407582936
9 0.8995260663507109 0.5080568720379147 0.05781990521327014 0.06255924170616113
9 0.9213270142180094 0.471563981042654 0.06066350710900474 0.05971563981042654
8 0.9360189573459715 0.418957345971564 0.08151658767772511 0.08056872037914692
8 0.6611374407582938 0.44454976303317534 0.023696682464454975 0.07582938388625593
8 0.1819905213270142 0.9118483412322275 0.06824644549763033 0.06729857819905213
8 0.22654028436018958 0.9464454976303317 0.07014218009478673 0.07298578199052133
9 0.2677725118483412 0.9710900473933649 0.05118483412322275 0.05781990521327014
9 0.3061611374407583 0.975829383886256 0.04928909952606635 0.04834123222748815
8 0.43364928909952605 0.7104265402843601 0.05971563981042654 0.055924170616113746
8 0.4492890995260663 0.7606635071090048 0.06445497630331753 0.06350710900473934
9 0.45781990521327015 0.8061611374407583 0.05781990521327014 0.04454976303317536
9 0.45876777251184836 0.8459715639810427 0.06350710900473934 0.04834123222748815
1 0.45639810426540284 0.8890995260663507 0.06540284360189573 0.05023696682464455
1 0.34976303317535545 0.975829383886256 0.04928909952606635 0.04834123222748815
6 0.38909952606635073 0.976303317535545 0.04075829383886256 0.043601895734597156
6 0.4208530805687204 0.966350710900474 0.03981042654028436 0.04928909952606635
6 0.44360189573459713 0.9502369668246445 0.04265402843601896 0.04265402843601896
6 0.45402843601895737 0.9265402843601895 0.052132701421800945 0.04075829383886256
8 0.6706161137440758 0.981042654028436 0.04265402843601896 0.037914691943127965
2 0.7161137440758294 0.9687203791469194 0.06540284360189573 0.06255924170616113
9 0.7691943127962085 0.9601895734597157 0.05308056872037915 0.05687203791469194
9 0.8151658767772512 0.95260663507109 0.05023696682464455 0.054976303317535544
1 0.8568720379146919 0.9473933649289099 0.04928909952606635 0.05118483412322275
6 0.8924170616113745 0.9559241706161138 0.05118483412322275 0.04834123222748815
6 0.919431279620853 0.9720379146919431 0.04928909952606635 0.04075829383886256
6 0.9317535545023696 0.9909952606635071 0.05308056872037915 0.01800947867298578