3 0.2033175355450237 0.4255924170616114 0.03886255924170616 0.04454976303317536
8 0.1033175355450237 0.48530805687203793 0.07677725118483412 0.08341232227488152
8 0.15734597156398103 0.45213270142180095 0.07867298578199051 0.08909952606635071
9 0.24976303317535545 0.418957345971564 0.058767772511848344 0.07109004739336493
1 0.2976303317535545 0.4071090047393365 0.055924170616113746 0.061611374407582936
6 0.3407582938388626 0.4014218009478673 0.05781990521327014 0.05781990521327014
6 0.3753554502369668 0.4317535545023697 0.07109004739336493 0.06540284360189573
4 0.6066350710900474 0.5374407582938389 0.04170616113744076 0.046445497630331754
4 0.6246445497630332 0.44028436018957345 0.031279620853080566 0.03222748815165877
4 0.64739336492891 0.4004739336492891 0.031279620853080566 0.026540284360189573
4 0.7308056872037915 0.4018957345971564 0.03033175355450237 0.029383886255924172
4 0.8184834123222748 0.4085308056872038 0.03222748815165877 0.03222748815165877
4 0.8540284360189574 0.44360189573459713 0.035071090047393366 0.03886255924170616
4 0.8781990521327014 0.5274881516587677 0.03981042654028436 0.037914691943127965
8 0.24170616113744076 0.9781990521327014 0.06635071090047394 0.043601895734597156
9 0.671090047393365 0.7815165876777251 0.05402843601895735 0.05687203791469194
9 0.6957345971563981 0.8180094786729858 0.04834123222748815 0.05118483412322275
9 0.933175355450237 0.7388625592417062 0.06729857819905213 0.06066350710900474
9 0.9246445497630332 0.7867298578199052 0.055924170616113746 0.05118483412322275
1 0.8995260663507109 0.8213270142180095 0.04928909952606635 0.054976303317535544
1 0.7293838862559242 0.8440758293838863 0.052132701421800945 0.055924170616113746
6 0.8696682464454977 0.8478672985781991 0.04265402843601896 0.052132701421800945
6 0.8312796208530806 0.8545023696682464 0.04265402843601896 0.04739336492890995
6 0.795734597156398 0.8601895734597157 0.04170616113744076 0.04834123222748815
6 0.7663507109004739 0.8540284360189574 0.04834123222748815 0.046445497630331754