4 0.3966824644549763 0.2962085308056872 0.043601895734597156 0.04170616113744076
8 0.33649289099526064 0.27488151658767773 0.07962085308056872 0.08341232227488152
9 0.45260663507109006 0.3004739336492891 0.05971563981042654 0.07393364928909953
9 0.500473933649289 0.3014218009478673 0.05781990521327014 0.07393364928909953
1 0.5511848341232227 0.3052132701421801 0.05971563981042654 0.06824644549763033
6 0.5872037914691943 0.28672985781990523 0.04454976303317536 0.05781990521327014
6 0.6 0.25971563981042656 0.018957345971563982 0.05687203791469194
8 0.5137440758293839 0.8042654028436019 0.08625592417061612 0.07488151658767772
8 0.5383886255924171 0.7445497630331753 0.09289099526066351 0.08246445497630332
8 0.2018957345971564 0.6255924170616114 0.08625592417061612 0.0938388625592417
9 0.5516587677725119 0.6933649289099526 0.07014218009478673 0.05402843601895735
9 0.547867298578199 0.6440758293838863 0.07203791469194312 0.06066350710900474
8 0.23886255924170616 0.5734597156398105 0.09289099526066351 0.1004739336492891
9 0.2739336492890995 0.5355450236966824 0.06350710900473934 0.06635071090047394
9 0.3170616113744076 0.5090047393364929 0.07203791469194312 0.06824644549763033
1 0.36066350710900474 0.4843601895734597 0.06729857819905213 0.07298578199052133
1 0.5526066350710901 0.5914691943127962 0.06066350710900474 0.06066350710900474
6 0.4080568720379147 0.47345971563981043 0.055924170616113746 0.06350710900473934
6 0.46208530805687204 0.4791469194312796 0.06824644549763033 0.061611374407582936
6 0.5156398104265403 0.5033175355450237 0.06350710900473934 0.06540284360189573
6 0.5440758293838862 0.543127962085308 0.054976303317535544 0.05781990521327014
3 0.981042654028436 0.6630331753554503 0.037914691943127965 0.04075829383886256
9 0.9232227488151659 0.6421800947867299 0.05687203791469194 0.07677725118483412
9 0.8777251184834123 0.6317535545023697 0.05308056872037915 0.07488151658767772
1 0.833175355450237 0.6279620853080569 0.061611374407582936 0.07203791469194312
6 0.7824644549763033 0.6308056872037915 0.06635071090047394 0.06729857819905213
6 0.7360189573459716 0.6511848341232227 0.07962085308056872 0.07677725118483412