8 0.3023696682464455 0.11279620853080569 0.08720379146919431 0.09004739336492891
8 0.36018957345971564 0.12606635071090047 0.0947867298578199 0.0966824644549763
8 0.295260663507109 0.46303317535545024 0.07772511848341232 0.08436018957345971
8 0.35260663507109 0.44360189573459713 0.08151658767772511 0.08436018957345971
9 0.4066350710900474 0.42890995260663506 0.05971563981042654 0.06824644549763033
9 0.44360189573459713 0.4099526066350711 0.05118483412322275 0.06729857819905213
9 0.4151658767772512 0.14549763033175356 0.07014218009478673 0.07393364928909953
9 0.44597156398104265 0.16398104265402844 0.046445497630331754 0.07203791469194312
8 0.7563981042654029 0.609478672985782 0.07109004739336493 0.07298578199052133
8 0.7734597156398104 0.5521327014218009 0.07772511848341232 0.08625592417061612
9 0.7881516587677725 0.49715639810426543 0.06066350710900474 0.05687203791469194
9 0.8 0.45260663507109006 0.05781990521327014 0.05971563981042654
1 0.9928909952606635 0.42274881516587676 0.014218009478672985 0.054976303317535544
1 0.8151658767772512 0.4151658767772512 0.05402843601895735 0.05308056872037915
6 0.976303317535545 0.3928909952606635 0.04739336492890995 0.05781990521327014
6 0.9516587677725118 0.3800947867298578 0.05118483412322275 0.05402843601895735
6 0.9132701421800948 0.3815165876777251 0.046445497630331754 0.052132701421800945
6 0.8753554502369668 0.37867298578199055 0.046445497630331754 0.055924170616113746
6 0.8450236966824645 0.3928909952606635 0.05118483412322275 0.05781990521327014
6 0.009478672985781991 0.785781990521327 0.018957345971563982 0.04739336492890995
0 0.025118483412322274 0.7876777251184834 0.025592417061611375 0.026540284360189573
1 0.05781990521327014 0.7990521327014218 0.054976303317535544 0.055924170616113746
9 0.09194312796208531 0.8293838862559242 0.05308056872037915 0.054976303317535544
9 0.11469194312796209 0.8649289099526066 0.058767772511848344 0.055924170616113746