3 0.042180094786729856 0.12369668246445498 0.04075829383886256 0.037914691943127965
3 0.11800947867298578 0.12654028436018958 0.037914691943127965 0.037914691943127965
3 0.05639810426540284 0.16635071090047393 0.031279620853080566 0.025592417061611375
3 0.1052132701421801 0.16255924170616115 0.031279620853080566 0.02085308056872038
6 0.17298578199052134 0.14502369668246445 0.06729857819905213 0.06729857819905213
6 0.21137440758293838 0.14407582938388624 0.04549763033175355 0.06255924170616113
8 0.4834123222748815 0.42890995260663506 0.03222748815165877 0.06919431279620854
8 0.4872037914691943 0.4933649289099526 0.024644549763033177 0.06919431279620854
8 0.4886255924170616 0.5582938388625592 0.021800947867298578 0.07203791469194312
8 0.16492890995260664 0.5796208530805688 0.06066350710900474 0.06255924170616113
8 0.2009478672985782 0.6308056872037915 0.06350710900473934 0.07109004739336493
8 0.24928909952606634 0.681042654028436 0.07393364928909953 0.0909952606635071
9 0.2886255924170616 0.7241706161137441 0.061611374407582936 0.06445497630331753
9 0.32796208530805687 0.7492890995260664 0.05308056872037915 0.06445497630331753
1 0.3748815165876777 0.7687203791469195 0.054976303317535544 0.06255924170616113
6 0.4251184834123223 0.7677725118483413 0.054976303317535544 0.06255924170616113
6 0.4606635071090047 0.7639810426540284 0.06635071090047394 0.07867298578199051
6 0.4824644549763033 0.7364928909952607 0.034123222748815164 0.06255924170616113
1 0.4895734597156398 0.6957345971563981 0.01990521327014218 0.058767772511848344
9 0.6464454976303318 0.7312796208530805 0.06350710900473934 0.06919431279620854
9 0.6156398104265403 0.728909952606635 0.05308056872037915 0.05971563981042654
1 0.5791469194312796 0.7293838862559242 0.04549763033175355 0.05971563981042654
6 0.5492890995260663 0.7232227488151659 0.034123222748815164 0.05781990521327014
6 0.5175355450236967 0.7246445497630332 0.03601895734597156 0.06350710900473934
3 0.6763033175355451 0.7772511848341233 0.037914691943127965 0.03317535545023697
4 0.7180094786729858 0.7819905213270142 0.03886255924170616 0.03222748815165877