6 0.23696682464454977 0.42274881516587676 0.04549763033175355 0.08151658767772511
8 0.5312796208530806 0.24881516587677724 0.08720379146919431 0.08720379146919431
8 0.609478672985782 0.2502369668246445 0.0938388625592417 0.09194312796208531
9 0.6687203791469194 0.2559241706161137 0.05781990521327014 0.06729857819905213
9 0.7194312796208531 0.26350710900473934 0.06635071090047394 0.06919431279620854
1 0.7663507109004739 0.2739336492890995 0.07014218009478673 0.07488151658767772
6 0.7966824644549763 0.2919431279620853 0.06350710900473934 0.058767772511848344
6 0.8104265402843602 0.3227488151658768 0.05781990521327014 0.05023696682464455
3 0.4786729857819905 0.9398104265402843 0.05023696682464455 0.05402843601895735
3 0.5227488151658768 0.952132701421801 0.04739336492890995 0.04928909952606635
3 0.5895734597156398 0.9691943127962085 0.04928909952606635 0.052132701421800945
3 0.6213270142180095 0.9791469194312796 0.03886255924170616 0.04170616113744076
3 0.7213270142180095 0.7180094786729858 0.04549763033175355 0.016113744075829384
3 0.7232227488151659 0.7417061611374408 0.04454976303317536 0.04454976303317536
3 0.7488151658767772 0.8004739336492891 0.03886255924170616 0.04075829383886256
3 0.7417061611374408 0.8374407582938389 0.03886255924170616 0.04075829383886256
4 0.7364928909952607 0.8725118483412322 0.035071090047393366 0.03317535545023697
4 0.7232227488151659 0.9203791469194312 0.04170616113744076 0.04170616113744076
4 0.690521327014218 0.9578199052132701 0.04265402843601896 0.037914691943127965
2 0.6739336492890995 0.9796208530805687 0.054976303317535544 0.04075829383886256