8 0.2943127962085308 0.07867298578199051 0.07014218009478673 0.07772511848341232
8 0.23649289099526066 0.07298578199052133 0.07677725118483412 0.0995260663507109
9 0.16872037914691942 0.06635071090047394 0.058767772511848344 0.08151658767772511
9 0.12037914691943127 0.07630331753554502 0.06729857819905213 0.0881516587677725
1 0.07535545023696683 0.07867298578199051 0.06729857819905213 0.08625592417061612
6 0.03364928909952607 0.0985781990521327 0.06540284360189573 0.07677725118483412
6 0.01848341232227488 0.11990521327014218 0.03696682464454976 0.0881516587677725
8 0.9554502369668246 0.25260663507109005 0.08909952606635071 0.09573459715639811
8 0.6639810426540285 0.2876777251184834 0.0881516587677725 0.09194312796208531
9 0.6862559241706161 0.33838862559241706 0.06445497630331753 0.05971563981042654
9 0.7137440758293839 0.37251184834123224 0.06255924170616113 0.05781990521327014
9 0.9436018957345972 0.3090047393364929 0.06540284360189573 0.06540284360189573
9 0.9265402843601895 0.3469194312796208 0.05781990521327014 0.061611374407582936
6 0.8412322274881516 0.4127962085308057 0.05118483412322275 0.06445497630331753
6 0.8734597156398104 0.4018957345971564 0.052132701421800945 0.07203791469194312
6 0.8066350710900474 0.418957345971564 0.05023696682464455 0.06729857819905213
6 0.7772511848341233 0.4127962085308057 0.05687203791469194 0.06919431279620854
1 0.7417061611374408 0.3933649289099526 0.054976303317535544 0.07298578199052133
1 0.9004739336492891 0.3753554502369668 0.058767772511848344 0.07298578199052133
6 0.4369668246445498 0.6090047393364929 0.07298578199052133 0.07298578199052133
6 0.4706161137440758 0.6104265402843602 0.01800947867298578 0.07962085308056872
6 0.38341232227488153 0.6184834123222749 0.06066350710900474 0.06066350710900474
1 0.3962085308056872 0.6606635071090048 0.07393364928909953 0.07203791469194312
9 0.33696682464454975 0.7165876777251184 0.07582938388625593 0.07298578199052133
9 0.32132701421800947 0.7582938388625592 0.07393364928909953 0.06445497630331753
8 0.304739336492891 0.8075829383886256 0.0985781990521327 0.0995260663507109
8 0.5113744075829384 0.6606635071090048 0.06350710900473934 0.07014218009478673
8 0.543127962085308 0.6033175355450237 0.07014218009478673 0.06729857819905213
9 0.580568720379147 0.5630331753554503 0.06350710900473934 0.04739336492890995
9 0.6218009478672986 0.5464454976303318 0.05308056872037915 0.014218009478672985
1 0.7848341232227488 0.5521327014218009 0.058767772511848344 0.025592417061611375
9 0.8037914691943128 0.5744075829383887 0.058767772511848344 0.055924170616113746
9 0.8127962085308057 0.6170616113744076 0.061611374407582936 0.04928909952606635
8 0.8218009478672986 0.6597156398104266 0.06919431279620854 0.055924170616113746