8 0.15876777251184834 0.45592417061611373 0.0938388625592417 0.08909952606635071
3 0.109478672985782 0.4364928909952607 0.046445497630331754 0.04739336492890995
9 0.054502369668246446 0.414218009478673 0.06635071090047394 0.07203791469194312
9 0.02037914691943128 0.3957345971563981 0.04075829383886256 0.07488151658767772
8 0.44454976303317534 0.08199052132701422 0.07772511848341232 0.08341232227488152
8 0.4364928909952607 0.15023696682464455 0.08341232227488152 0.0881516587677725
8 0.7018957345971564 0.25450236966824646 0.07014218009478673 0.07014218009478673
8 0.6644549763033175 0.2919431279620853 0.07203791469194312 0.07393364928909953
9 0.6289099526066351 0.32132701421800947 0.05687203791469194 0.05781990521327014
9 0.5985781990521327 0.34881516587677724 0.054976303317535544 0.05687203791469194
9 0.4369668246445498 0.2052132701421801 0.05971563981042654 0.05687203791469194
9 0.4251184834123223 0.24834123222748816 0.058767772511848344 0.055924170616113746
1 0.5635071090047393 0.35924170616113743 0.055924170616113746 0.05971563981042654
1 0.4374407582938389 0.2881516587677725 0.054976303317535544 0.054976303317535544
6 0.44786729857819907 0.3170616113744076 0.04928909952606635 0.055924170616113746
6 0.4706161137440758 0.33696682464454975 0.04549763033175355 0.05402843601895735
6 0.49715639810426543 0.35165876777251187 0.04170616113744076 0.052132701421800945
6 0.5289099526066351 0.36018957345971564 0.04739336492890995 0.058767772511848344
8 0.22322274881516588 0.9345971563981043 0.07962085308056872 0.07393364928909953
8 0.22369668246445498 0.8815165876777251 0.08625592417061612 0.08436018957345971
9 0.2156398104265403 0.8336492890995261 0.07772511848341232 0.06445497630331753
9 0.2080568720379147 0.7943127962085308 0.07582938388625593 0.06919431279620854
1 0.01042654028436019 0.7066350710900474 0.02085308056872038 0.07109004739336493
1 0.1943127962085308 0.7516587677725118 0.07298578199052133 0.07867298578199051
6 0.07251184834123223 0.6938388625592417 0.07298578199052133 0.08530805687203792
6 0.12796208530805686 0.704265402843602 0.07298578199052133 0.08436018957345971
6 0.17014218009478674 0.7213270142180095 0.05687203791469194 0.07109004739336493
6 0.030805687203791468 0.6981042654028436 0.061611374407582936 0.08056872037914692
8 0.5061611374407583 0.6061611374407583 0.07772511848341232 0.08341232227488152
8 0.4981042654028436 0.6744075829383887 0.08341232227488152 0.0881516587677725
8 0.7635071090047393 0.7786729857819905 0.07014218009478673 0.07014218009478673
8 0.7260663507109004 0.8161137440758294 0.07203791469194312 0.07393364928909953
9 0.690521327014218 0.8454976303317535 0.05687203791469194 0.05781990521327014
9 0.6601895734597156 0.8729857819905213 0.054976303317535544 0.05687203791469194
9 0.4985781990521327 0.7293838862559242 0.05971563981042654 0.05687203791469194
9 0.4867298578199052 0.7725118483412322 0.058767772511848344 0.055924170616113746
1 0.6251184834123222 0.8834123222748815 0.055924170616113746 0.05971563981042654
1 0.4990521327014218 0.8123222748815165 0.054976303317535544 0.054976303317535544
6 0.509478672985782 0.8412322274881516 0.04928909952606635 0.055924170616113746
6 0.5322274881516588 0.8611374407582938 0.04549763033175355 0.05402843601895735
6 0.5587677725118484 0.875829383886256 0.04170616113744076 0.052132701421800945
6 0.590521327014218 0.8843601895734597 0.04739336492890995 0.058767772511848344