8 0.1933649289099526 0.052132701421800945 0.07014218009478673 0.07677725118483412
8 0.13412322274881516 0.05165876777251185 0.07867298578199051 0.1023696682464455
9 0.06635071090047394 0.043601895734597156 0.06445497630331753 0.08720379146919431
9 0.025592417061611375 0.04549763033175355 0.05118483412322275 0.08151658767772511
8 0.9819905213270143 0.20616113744075829 0.03601895734597156 0.07488151658767772
9 0.7341232227488151 0.3109004739336493 0.061611374407582936 0.06445497630331753
9 0.9819905213270143 0.2554502369668246 0.03601895734597156 0.05971563981042654
9 0.9748815165876777 0.2914691943127962 0.05023696682464455 0.061611374407582936
9 0.7658767772511849 0.33696682464454975 0.05687203791469194 0.06445497630331753
6 0.9274881516587677 0.34976303317535545 0.046445497630331754 0.052132701421800945
6 0.8957345971563981 0.3630331753554502 0.046445497630331754 0.054976303317535544
6 0.8635071090047394 0.3687203791469194 0.04739336492890995 0.05781990521327014
6 0.8327014218009479 0.36682464454976305 0.04928909952606635 0.052132701421800945
1 0.79478672985782 0.3582938388625592 0.05687203791469194 0.06255924170616113
1 0.9606635071090047 0.32559241706161135 0.05118483412322275 0.06066350710900474
0 0.016113744075829384 0.7018957345971564 0.03222748815165877 0.04454976303317536
0 0.02890995260663507 0.6592417061611374 0.04454976303317536 0.03981042654028436
2 0.05971563981042654 0.6023696682464454 0.05118483412322275 0.052132701421800945
2 0.08341232227488152 0.576303317535545 0.05308056872037915 0.055924170616113746
8 0.3109004739336493 0.7848341232227488 0.08246445497630332 0.06919431279620854
8 0.3075829383886256 0.7265402843601896 0.08720379146919431 0.07582938388625593
9 0.30379146919431277 0.6729857819905213 0.07014218009478673 0.05118483412322275
9 0.2985781990521327 0.6322274881516587 0.07109004739336493 0.05308056872037915
1 0.2914691943127962 0.5862559241706161 0.06445497630331753 0.058767772511848344
6 0.2720379146919431 0.5563981042654028 0.06445497630331753 0.05308056872037915
6 0.23270142180094786 0.54739336492891 0.06540284360189573 0.035071090047393366
6 0.1853080568720379 0.5440758293838862 0.06350710900473934 0.02843601895734597
6 0.13886255924170615 0.5454976303317536 0.05023696682464455 0.031279620853080566
1 0.1037914691943128 0.5516587677725119 0.052132701421800945 0.043601895734597156
8 0.8639810426540284 0.6156398104265403 0.08436018957345971 0.08720379146919431
8 0.8829383886255924 0.6838862559241706 0.08151658767772511 0.08436018957345971
9 0.8981042654028436 0.7308056872037915 0.06824644549763033 0.06350710900473934
9 0.9061611374407583 0.7729857819905214 0.06635071090047394 0.06540284360189573
3 0.9009478672985782 0.819431279620853 0.04170616113744076 0.03981042654028436
3 0.8777251184834123 0.8796208530805687 0.04454976303317536 0.04549763033175355
3 0.7914691943127962 0.9104265402843602 0.037914691943127965 0.04170616113744076
9 0.7203791469194313 0.8829383886255924 0.07582938388625593 0.06824644549763033