8 0.45876777251184836 0.31469194312796206 0.02085308056872038 0.08341232227488152
8 0.4260663507109005 0.34170616113744073 0.08625592417061612 0.09004739336492891
9 0.37251184834123224 0.35924170616113743 0.06066350710900474 0.07298578199052133
9 0.32796208530805687 0.36492890995260663 0.06255924170616113 0.07109004739336493
1 0.28720379146919434 0.37156398104265403 0.05687203791469194 0.06540284360189573
6 0.2563981042654028 0.3578199052132701 0.05308056872037915 0.04928909952606635
6 0.23317535545023696 0.33791469194312795 0.06066350710900474 0.055924170616113746
8 0.6454976303317536 0.4056872037914692 0.0985781990521327 0.06824644549763033
8 0.6867298578199053 0.3582938388625592 0.11279620853080569 0.11658767772511848
9 0.7227488151658767 0.3080568720379147 0.08341232227488152 0.08909952606635071
9 0.7535545023696683 0.26398104265402844 0.0909952606635071 0.0909952606635071
1 0.8 0.22701421800947869 0.07677725118483412 0.0881516587677725
1 0.990521327014218 0.2824644549763033 0.018957345971563982 0.07962085308056872
6 0.85260663507109 0.2042654028436019 0.07393364928909953 0.08909952606635071
6 0.9061611374407583 0.18625592417061612 0.08625592417061612 0.0966824644549763
6 0.9502369668246445 0.2042654028436019 0.07582938388625593 0.09194312796208531
6 0.9777251184834124 0.23459715639810427 0.04454976303317536 0.08246445497630332
2 0.015165876777251185 0.819431279620853 0.03033175355450237 0.07488151658767772
8 0.2938388625592417 0.7853080568720379 0.0976303317535545 0.0938388625592417
9 0.27440758293838863 0.7331753554502369 0.07867298578199051 0.06540284360189573
9 0.25355450236966826 0.6938388625592417 0.07582938388625593 0.06540284360189573
1 0.2241706161137441 0.6521327014218009 0.07203791469194312 0.07109004739336493
1 0.025118483412322274 0.681042654028436 0.05023696682464455 0.07298578199052133
6 0.1924170616113744 0.628436018957346 0.061611374407582936 0.06066350710900474
6 0.14265402843601896 0.6184834123222749 0.07298578199052133 0.07582938388625593
6 0.08862559241706161 0.6279620853080569 0.07109004739336493 0.07014218009478673
6 0.04407582938388625 0.6507109004739337 0.06255924170616113 0.06445497630331753
7 0.0042654028436018955 0.7672985781990521 0.008530805687203791 0.046445497630331754
7 0.009478672985781991 0.7317535545023697 0.018957345971563982 0.04928909952606635
6 0.6009478672985782 0.6412322274881517 0.05687203791469194 0.07677725118483412
6 0.5639810426540285 0.6440758293838863 0.06540284360189573 0.07203791469194312
6 0.5308056872037915 0.6417061611374407 0.06635071090047394 0.07393364928909953
6 0.6260663507109004 0.6298578199052133 0.05781990521327014 0.06635071090047394
1 0.666824644549763 0.6184834123222749 0.061611374407582936 0.07298578199052133
1 0.5118483412322274 0.609478672985782 0.061611374407582936 0.06445497630331753
9 0.6881516587677725 0.571563981042654 0.06445497630331753 0.06635071090047394
9 0.7018957345971564 0.5208530805687204 0.06635071090047394 0.07014218009478673
9 0.490521327014218 0.5777251184834123 0.04265402843601896 0.061611374407582936
9 0.4777251184834123 0.533649289099526 0.017061611374407582 0.06255924170616113
8 0.7312796208530805 0.46966824644549765 0.09004739336492891 0.05971563981042654