9 0.23554502369668245 0.02227488151658768 0.052132701421800945 0.04454976303317536
9 0.00995260663507109 0.06919431279620854 0.01990521327014218 0.05687203791469194
9 0.022748815165876776 0.11090047393364928 0.04549763033175355 0.058767772511848344
9 0.22511848341232227 0.061611374407582936 0.05781990521327014 0.06066350710900474
6 0.12843601895734597 0.14928909952606634 0.04170616113744076 0.05971563981042654
6 0.15924170616113745 0.14644549763033177 0.05023696682464455 0.061611374407582936
6 0.18625592417061612 0.13080568720379146 0.05308056872037915 0.06635071090047394
6 0.0881516587677725 0.14928909952606634 0.04265402843601896 0.061611374407582936
1 0.04407582938388625 0.13981042654028436 0.052132701421800945 0.06066350710900474
1 0.20853080568720378 0.1066350710900474 0.054976303317535544 0.05687203791469194
8 0.7720379146919432 0.33364928909952607 0.07772511848341232 0.07772511848341232
8 0.8497630331753554 0.3241706161137441 0.08436018957345971 0.08151658767772511
9 0.9090047393364928 0.32132701421800947 0.05023696682464455 0.061611374407582936
9 0.9606635071090047 0.32180094786729857 0.058767772511848344 0.06255924170616113
1 0.9886255924170616 0.32559241706161135 0.022748815165876776 0.06729857819905213
1 0.13317535545023695 0.6014218009478673 0.058767772511848344 0.055924170616113746
6 0.031279620853080566 0.566350710900474 0.05971563981042654 0.058767772511848344
6 0.09052132701421801 0.5815165876777251 0.052132701421800945 0.05118483412322275
9 0.15497630331753554 0.6388625592417062 0.06729857819905213 0.06066350710900474
9 0.1819905213270142 0.6682464454976303 0.06635071090047394 0.06066350710900474
8 0.2018957345971564 0.714218009478673 0.08151658767772511 0.08151658767772511
8 0.9317535545023696 0.723696682464455 0.06729857819905213 0.07488151658767772
8 0.8701421800947867 0.7255924170616114 0.06255924170616113 0.07014218009478673
9 0.818957345971564 0.7322274881516587 0.046445497630331754 0.06066350710900474
9 0.7777251184834123 0.7274881516587678 0.04834123222748815 0.06255924170616113
1 0.7341232227488151 0.7345971563981043 0.054976303317535544 0.05118483412322275
6 0.6938388625592417 0.7194312796208531 0.05971563981042654 0.052132701421800945