1 0.35592417061611376 0.029383886255924172 0.027488151658767772 0.058767772511848344
6 0.3251184834123223 0.04028436018957346 0.052132701421800945 0.061611374407582936
6 0.2943127962085308 0.057345971563981045 0.06919431279620854 0.07298578199052133
4 0.8981042654028436 0.385781990521327 0.037914691943127965 0.04075829383886256
8 0.8459715639810427 0.3407582938388626 0.07393364928909953 0.08436018957345971
9 0.7985781990521327 0.3184834123222749 0.05402843601895735 0.06635071090047394
9 0.7545023696682465 0.30947867298578197 0.058767772511848344 0.06540284360189573
1 0.704265402843602 0.3023696682464455 0.06066350710900474 0.06255924170616113
6 0.657345971563981 0.3127962085308057 0.05308056872037915 0.052132701421800945
6 0.6175355450236967 0.33791469194312795 0.06635071090047394 0.06635071090047394
6 0.5800947867298578 0.3753554502369668 0.07203791469194312 0.06729857819905213
6 0.07867298578199051 0.8502369668246446 0.06350710900473934 0.05781990521327014
6 0.13696682464454976 0.8483412322274881 0.06255924170616113 0.06445497630331753
6 0.043601895734597156 0.8706161137440759 0.052132701421800945 0.05023696682464455
6 0.17725118483412322 0.8696682464454977 0.054976303317535544 0.061611374407582936
1 0.2104265402843602 0.9028436018957346 0.05971563981042654 0.05781990521327014
1 0.02085308056872038 0.8914691943127963 0.04170616113744076 0.055924170616113746
9 0.015165876777251185 0.9355450236966825 0.03033175355450237 0.06066350710900474
9 0.2213270142180095 0.95260663507109 0.07203791469194312 0.05781990521327014
9 0.23554502369668245 0.9853080568720379 0.06729857819905213 0.029383886255924172
3 0.8748815165876778 0.5672985781990522 0.04739336492890995 0.03886255924170616
3 0.8265402843601896 0.5796208530805688 0.04928909952606635 0.03981042654028436
3 0.7791469194312797 0.5919431279620853 0.04454976303317536 0.03886255924170616
3 0.7412322274881517 0.6075829383886255 0.037914691943127965 0.034123222748815164
3 0.7033175355450237 0.6208530805687204 0.037914691943127965 0.03601895734597156
3 0.6345971563981042 0.6369668246445498 0.03696682464454976 0.03222748815165877
3 0.5677725118483412 0.6554502369668247 0.07488151658767772 0.08625592417061612
3 0.6672985781990521 0.7701421800947867 0.05687203791469194 0.06066350710900474
3 0.6260663507109004 0.7540284360189573 0.054976303317535544 0.05687203791469194
3 0.6042654028436019 0.7426540284360189 0.04549763033175355 0.04928909952606635