9 0.24881516587677724 0.5298578199052133 0.06066350710900474 0.06635071090047394
9 0.23270142180094786 0.5729857819905213 0.05687203791469194 0.061611374407582936
1 0.2123222748815166 0.6090047393364929 0.04928909952606635 0.058767772511848344
6 0.19478672985781992 0.6398104265402843 0.04265402843601896 0.05118483412322275
6 0.17393364928909952 0.64739336492891 0.03886255924170616 0.04739336492890995
6 0.14454976303317535 0.6559241706161137 0.043601895734597156 0.05308056872037915
1 0.11137440758293839 0.6658767772511849 0.054976303317535544 0.06255924170616113
9 0.06540284360189573 0.6516587677725119 0.055924170616113746 0.06066350710900474
9 0.03033175355450237 0.6156398104265403 0.06066350710900474 0.07109004739336493
8 0.015165876777251185 0.5857819905213271 0.03033175355450237 0.08151658767772511
6 0.5658767772511848 0.5232227488151658 0.07109004739336493 0.07109004739336493
6 0.614691943127962 0.504739336492891 0.07014218009478673 0.07298578199052133
6 0.5289099526066351 0.5417061611374407 0.05687203791469194 0.05687203791469194
1 0.5071090047393365 0.5748815165876777 0.054976303317535544 0.06350710900473934
9 0.4957345971563981 0.6549763033175355 0.03222748815165877 0.06635071090047394
9 0.5014218009478673 0.6137440758293838 0.043601895734597156 0.07298578199052133
8 0.4943127962085308 0.7056872037914692 0.029383886255924172 0.08436018957345971
1 0.6933649289099526 0.5080568720379147 0.05687203791469194 0.06066350710900474
9 0.7199052132701422 0.5312796208530806 0.07203791469194312 0.06729857819905213
9 0.7507109004739336 0.5587677725118484 0.07109004739336493 0.07109004739336493
2 0.6582938388625592 0.5028436018957346 0.026540284360189573 0.043601895734597156