6 0.47345971563981043 0.47014218009478675 0.058767772511848344 0.054976303317535544
6 0.5104265402843602 0.4720379146919431 0.05781990521327014 0.05971563981042654
6 0.3966824644549763 0.44028436018957345 0.05118483412322275 0.06066350710900474
1 0.37298578199052135 0.4161137440758294 0.054976303317535544 0.06824644549763033
1 0.5412322274881517 0.46824644549763034 0.05971563981042654 0.06919431279620854
9 0.3464454976303318 0.3919431279620853 0.058767772511848344 0.06729857819905213
9 0.33696682464454975 0.36540284360189573 0.061611374407582936 0.07203791469194312
9 0.5829383886255924 0.418957345971564 0.061611374407582936 0.06350710900473934
9 0.590521327014218 0.4018957345971564 0.058767772511848344 0.054976303317535544
8 0.6587677725118484 0.38388625592417064 0.07772511848341232 0.0909952606635071
9 0.6426540284360189 0.43507109004739336 0.04549763033175355 0.06066350710900474
9 0.6312796208530805 0.47488151658767774 0.022748815165876776 0.058767772511848344
3 0.09194312796208531 0.6374407582938388 0.04739336492890995 0.016113744075829384
9 0.16018957345971563 0.6469194312796208 0.06635071090047394 0.035071090047393366
9 0.204739336492891 0.6559241706161137 0.06445497630331753 0.05308056872037915
1 0.24360189573459715 0.6739336492890995 0.07109004739336493 0.06824644549763033
6 0.27582938388625594 0.6592417061611374 0.06635071090047394 0.05971563981042654
6 0.314218009478673 0.656872037914692 0.06919431279620854 0.054976303317535544
6 0.33696682464454975 0.6355450236966824 0.05402843601895735 0.012322274881516588
3 0.6341232227488152 0.6421800947867299 0.02843601895734597 0.025592417061611375