8 0.08341232227488152 0.017535545023696683 0.07014218009478673 0.035071090047393366
8 0.1014218009478673 0.04881516587677725 0.07393364928909953 0.07772511848341232
9 0.12132701421800948 0.0909952606635071 0.05971563981042654 0.058767772511848344
9 0.13791469194312797 0.12606635071090047 0.05687203791469194 0.06540284360189573
1 0.16161137440758294 0.17203791469194313 0.05402843601895735 0.06445497630331753
6 0.2052132701421801 0.17819905213270143 0.04549763033175355 0.05023696682464455
6 0.23791469194312795 0.18388625592417063 0.037914691943127965 0.04739336492890995
6 0.2720379146919431 0.18341232227488152 0.04170616113744076 0.05023696682464455
6 0.3023696682464455 0.17677725118483412 0.04739336492890995 0.04928909952606635
1 0.33080568720379144 0.15876777251184834 0.05687203791469194 0.06066350710900474
9 0.6886255924170616 0.5018957345971564 0.06729857819905213 0.016113744075829384
9 0.6862559241706161 0.471563981042654 0.06445497630331753 0.052132701421800945
1 0.6772511848341233 0.4203791469194313 0.06635071090047394 0.06729857819905213
6 0.6336492890995261 0.34360189573459715 0.04834123222748815 0.06540284360189573
6 0.6611374407582938 0.3753554502369668 0.055924170616113746 0.06445497630331753
6 0.26872037914691943 0.7815165876777251 0.043601895734597156 0.05687203791469194
6 0.3033175355450237 0.7843601895734598 0.04265402843601896 0.058767772511848344
6 0.33791469194312795 0.781042654028436 0.037914691943127965 0.052132701421800945
6 0.23744075829383887 0.7696682464454976 0.04928909952606635 0.058767772511848344
1 0.2052132701421801 0.747867298578199 0.04454976303317536 0.06729857819905213
1 0.37203791469194314 0.7748815165876777 0.04170616113744076 0.07298578199052133
9 0.3933649289099526 0.7606635071090048 0.046445497630331754 0.05781990521327014
9 0.404739336492891 0.7341232227488151 0.05402843601895735 0.052132701421800945
9 0.17488151658767773 0.7327014218009479 0.04739336492890995 0.04928909952606635
9 0.16066350710900473 0.7099526066350711 0.05308056872037915 0.052132701421800945
9 0.6350710900473934 0.9687203791469194 0.05118483412322275 0.06255924170616113
1 0.6729857819905213 0.9691943127962085 0.05308056872037915 0.061611374407582936
6 0.7175355450236967 0.9781990521327014 0.06255924170616113 0.043601895734597156
6 0.762085308056872 0.9900473933649289 0.07393364928909953 0.01990521327014218