9 0.008530805687203791 0.34265402843601894 0.017061611374407582 0.07488151658767772
1 0.030805687203791468 0.36161137440758295 0.05971563981042654 0.058767772511848344
6 0.07867298578199051 0.35165876777251187 0.05971563981042654 0.055924170616113746
6 0.12037914691943127 0.3303317535545024 0.07867298578199051 0.07203791469194312
8 0.7293838862559242 0.3943127962085308 0.07488151658767772 0.03033175355450237
9 0.6838862559241706 0.3872037914691943 0.055924170616113746 0.04454976303317536
9 0.6388625592417062 0.3853080568720379 0.058767772511848344 0.04834123222748815
1 0.5914691943127962 0.38293838862559243 0.058767772511848344 0.05308056872037915
6 0.5450236966824644 0.3862559241706161 0.05308056872037915 0.046445497630331754
6 0.4985781990521327 0.3876777251184834 0.07203791469194312 0.043601895734597156
9 0.14644549763033177 0.7781990521327015 0.054976303317535544 0.05781990521327014
9 0.11279620853080569 0.8071090047393364 0.052132701421800945 0.05687203791469194
1 0.07582938388625593 0.8350710900473933 0.052132701421800945 0.058767772511848344
6 0.04834123222748815 0.8445497630331753 0.04739336492890995 0.06635071090047394
6 0.017535545023696683 0.8421800947867298 0.035071090047393366 0.05781990521327014
6 0.7706161137440758 0.9729857819905213 0.06445497630331753 0.05402843601895735
6 0.8246445497630331 0.9753554502369668 0.06066350710900474 0.04928909952606635
6 0.8682464454976303 0.9696682464454977 0.06066350710900474 0.06066350710900474
6 0.728436018957346 0.9611374407582939 0.055924170616113746 0.05971563981042654
1 0.6966824644549763 0.9293838862559242 0.055924170616113746 0.06255924170616113
1 0.8985781990521327 0.9402843601895735 0.05402843601895735 0.05781990521327014
9 0.9199052132701422 0.9023696682464455 0.07109004739336493 0.06635071090047394
9 0.9407582938388626 0.8725118483412322 0.07203791469194312 0.07014218009478673
9 0.6625592417061611 0.8649289099526066 0.06350710900473934 0.06540284360189573