8 0.32701421800947866 0.013744075829383886 0.0966824644549763 0.027488151658767772
9 0.3246445497630332 0.03696682464454976 0.07203791469194312 0.06255924170616113
9 0.32654028436018956 0.07772511848341232 0.07393364928909953 0.06824644549763033
1 0.32559241706161135 0.13175355450236967 0.07298578199052133 0.06919431279620854
6 0.390521327014218 0.1791469194312796 0.037914691943127965 0.07203791469194312
6 0.3696682464454976 0.16587677725118483 0.055924170616113746 0.07014218009478673
6 0.3469194312796208 0.15402843601895735 0.052132701421800945 0.05781990521327014
8 0.6800947867298578 0.5099526066350711 0.09573459715639811 0.03981042654028436
8 0.4194312796208531 0.4161137440758294 0.01990521327014218 0.0947867298578199
9 0.4312796208530806 0.36777251184834125 0.043601895734597156 0.07393364928909953
9 0.4483412322274882 0.3345971563981043 0.07772511848341232 0.07582938388625593
9 0.690521327014218 0.4781990521327014 0.08151658767772511 0.06919431279620854
9 0.690521327014218 0.4308056872037915 0.08151658767772511 0.07203791469194312
1 0.6914691943127962 0.3753554502369668 0.07677725118483412 0.07582938388625593
1 0.4876777251184834 0.2853080568720379 0.07867298578199051 0.08056872037914692
6 0.5265402843601896 0.27014218009478674 0.06445497630331753 0.07109004739336493
6 0.5834123222748815 0.2772511848341232 0.07962085308056872 0.07867298578199051
6 0.6360189573459716 0.2976303317535545 0.07962085308056872 0.08436018957345971
6 0.6758293838862559 0.328436018957346 0.07109004739336493 0.06824644549763033
8 0.5246445497630332 0.8947867298578199 0.07962085308056872 0.07962085308056872
8 0.5464454976303318 0.9545023696682464 0.0881516587677725 0.08909952606635071
9 0.5658767772511848 0.9881516587677726 0.06635071090047394 0.023696682464454975
9 0.8113744075829384 0.9886255924170616 0.06445497630331753 0.022748815165876776
8 0.8298578199052132 0.9578199052132701 0.07772511848341232 0.07582938388625593
8 0.8454976303317535 0.8966824644549763 0.07488151658767772 0.07393364928909953