8 0.12843601895734597 0.25734597156398104 0.06824644549763033 0.061611374407582936
8 0.12085308056872038 0.2014218009478673 0.07677725118483412 0.07677725118483412
8 0.4706161137440758 0.09146919431279621 0.06540284360189573 0.06729857819905213
8 0.4317535545023697 0.04691943127962085 0.07393364928909953 0.08341232227488152
9 0.11658767772511848 0.14407582938388624 0.06540284360189573 0.055924170616113746
9 0.12274881516587678 0.0966824644549763 0.07677725118483412 0.05687203791469194
9 0.395260663507109 0.017535545023696683 0.058767772511848344 0.035071090047393366
1 0.12369668246445498 0.04691943127962085 0.06350710900473934 0.06255924170616113
6 0.13554502369668248 0.00900473933649289 0.058767772511848344 0.01800947867298578
3 0.8834123222748815 0.4137440758293839 0.03601895734597156 0.03033175355450237
3 0.885308056872038 0.45023696682464454 0.03222748815165877 0.029383886255924172
1 0.8890995260663507 0.36777251184834125 0.055924170616113746 0.054976303317535544
6 0.9184834123222749 0.32748815165876777 0.04928909952606635 0.05781990521327014
6 0.9554502369668246 0.3009478672985782 0.06066350710900474 0.06729857819905213
6 0.990521327014218 0.2890995260663507 0.018957345971563982 0.07014218009478673
3 0.18341232227488152 0.6914691943127962 0.04075829383886256 0.04265402843601896
3 0.0881516587677725 0.6862559241706161 0.04265402843601896 0.043601895734597156
3 0.03459715639810427 0.7113744075829384 0.037914691943127965 0.04170616113744076
9 0.01848341232227488 0.7587677725118483 0.03696682464454976 0.055924170616113746
1 0.2672985781990521 0.7658767772511849 0.05781990521327014 0.061611374407582936
9 0.25497630331753557 0.8137440758293839 0.07203791469194312 0.05687203791469194
9 0.25829383886255924 0.8559241706161137 0.07582938388625593 0.04928909952606635
8 0.26587677725118486 0.9004739336492891 0.07203791469194312 0.061611374407582936
9 0.01042654028436019 0.7928909952606635 0.02085308056872038 0.052132701421800945
6 0.6763033175355451 0.6454976303317536 0.05308056872037915 0.04834123222748815
6 0.7132701421800948 0.6412322274881517 0.05118483412322275 0.05308056872037915
1 0.7431279620853081 0.633175355450237 0.05118483412322275 0.06255924170616113
9 0.7767772511848341 0.5777251184834123 0.054976303317535544 0.05687203791469194
9 0.7862559241706161 0.5592417061611374 0.06350710900473934 0.046445497630331754