4 0.34549763033175357 0.2990521327014218 0.027488151658767772 0.052132701421800945
3 0.7819905213270142 0.2018957345971564 0.04549763033175355 0.04834123222748815
6 0.7469194312796209 0.24123222748815165 0.07014218009478673 0.07867298578199051
6 0.6985781990521327 0.23886255924170616 0.061611374407582936 0.07109004739336493
6 0.8279620853080568 0.2037914691943128 0.06350710900473934 0.07582938388625593
1 0.6497630331753554 0.23270142180094786 0.06445497630331753 0.07203791469194312
1 0.8398104265402844 0.16303317535545023 0.06350710900473934 0.06445497630331753
9 0.6175355450236967 0.1985781990521327 0.07582938388625593 0.07203791469194312
9 0.8454976303317535 0.12322274881516587 0.07582938388625593 0.06919431279620854
9 0.8535545023696682 0.08293838862559241 0.07677725118483412 0.06919431279620854
8 0.3184834123222749 0.5943127962085308 0.08151658767772511 0.0947867298578199
8 0.25165876777251184 0.9199052132701422 0.08530805687203792 0.08625592417061612
8 0.1976303317535545 0.9004739336492891 0.08341232227488152 0.08151658767772511
8 0.16824644549763032 0.8412322274881516 0.09289099526066351 0.08530805687203792
9 0.2672985781990521 0.5744075829383887 0.06635071090047394 0.07488151658767772
9 0.22559241706161137 0.557345971563981 0.06350710900473934 0.07867298578199051
1 0.16540284360189572 0.5469194312796208 0.06445497630331753 0.07582938388625593
9 0.08909952606635071 0.7819905213270142 0.07962085308056872 0.061611374407582936
1 0.05971563981042654 0.7426540284360189 0.07488151658767772 0.06255924170616113
6 0.05023696682464455 0.6815165876777252 0.06729857819905213 0.06635071090047394
6 0.058767772511848344 0.6170616113744076 0.08436018957345971 0.08720379146919431
6 0.12890995260663507 0.5691943127962086 0.061611374407582936 0.06445497630331753
8 0.43507109004739336 0.7919431279620853 0.06919431279620854 0.07014218009478673
8 0.4919431279620853 0.7886255924170616 0.07488151658767772 0.08056872037914692
9 0.5393364928909953 0.795734597156398 0.05023696682464455 0.05971563981042654
9 0.5881516587677725 0.7876777251184834 0.061611374407582936 0.07488151658767772
1 0.6341232227488152 0.7729857819905214 0.06350710900473934 0.06635071090047394
6 0.6682464454976303 0.7563981042654029 0.055924170616113746 0.05308056872037915
6 0.6947867298578199 0.7265402843601896 0.07393364928909953 0.06919431279620854