9 0.23317535545023696 0.008056872037914692 0.07014218009478673 0.016113744075829384
9 0.24786729857819906 0.03744075829383886 0.08246445497630332 0.061611374407582936
1 0.25781990521327014 0.08625592417061612 0.07109004739336493 0.06540284360189573
6 0.2971563981042654 0.14454976303317535 0.025592417061611375 0.055924170616113746
6 0.2777251184834123 0.12085308056872038 0.05971563981042654 0.05971563981042654
8 0.6061611374407583 0.01943127962085308 0.08625592417061612 0.03886255924170616
8 0.5824644549763033 0.06018957345971564 0.0947867298578199 0.07772511848341232
9 0.5649289099526066 0.11279620853080569 0.08151658767772511 0.052132701421800945
8 0.9061611374407583 0.18672985781990523 0.07203791469194312 0.07014218009478673
8 0.8701421800947867 0.22369668246445498 0.0881516587677725 0.0881516587677725
9 0.8388625592417062 0.2611374407582938 0.061611374407582936 0.06729857819905213
9 0.7981042654028436 0.2957345971563981 0.07582938388625593 0.08436018957345971
9 0.5554502369668246 0.17772511848341233 0.09289099526066351 0.07582938388625593
1 0.5592417061611374 0.23791469194312795 0.0881516587677725 0.07677725118483412
1 0.7488151658767772 0.3251184834123223 0.06350710900473934 0.0881516587677725
6 0.6995260663507109 0.33364928909952607 0.05402843601895735 0.07109004739336493
6 0.6521327014218009 0.33696682464454975 0.06635071090047394 0.06729857819905213
6 0.6014218009478673 0.32180094786729857 0.06729857819905213 0.07298578199052133
6 0.5597156398104265 0.2890995260663507 0.05118483412322275 0.06445497630331753
8 0.2947867298578199 0.6251184834123222 0.03033175355450237 0.07867298578199051
6 0.5981042654028436 0.6450236966824645 0.05687203791469194 0.04739336492890995
6 0.6502369668246446 0.6559241706161137 0.058767772511848344 0.055924170616113746
6 0.5530805687203791 0.656872037914692 0.04549763033175355 0.04834123222748815
6 0.6938388625592417 0.6696682464454976 0.04549763033175355 0.05687203791469194
1 0.5137440758293839 0.6725118483412322 0.05023696682464455 0.06350710900473934
2 0.728436018957346 0.6914691943127962 0.04265402843601896 0.05687203791469194
9 0.495260663507109 0.7056872037914692 0.06350710900473934 0.05023696682464455
9 0.4767772511848341 0.7255924170616114 0.06729857819905213 0.055924170616113746
9 0.7436018957345971 0.7308056872037915 0.058767772511848344 0.04739336492890995
9 0.7545023696682465 0.7511848341232228 0.058767772511848344 0.04739336492890995