3 0.16777251184834124 0.1815165876777251 0.04075829383886256 0.035071090047393366
3 0.35545023696682465 0.036492890995260666 0.02843601895734597 0.04454976303317536
4 0.25497630331753557 0.04123222748815166 0.03981042654028436 0.03886255924170616
5 0.20616113744075829 0.06540284360189573 0.03601895734597156 0.035071090047393366
3 0.17298578199052134 0.13744075829383887 0.04170616113744076 0.034123222748815164
2 0.1815165876777251 0.0971563981042654 0.054976303317535544 0.04928909952606635
3 0.6725118483412322 0.23507109004739338 0.043601895734597156 0.04170616113744076
3 0.6800947867298578 0.1895734597156398 0.03222748815165877 0.04075829383886256
3 0.6876777251184835 0.14454976303317535 0.03696682464454976 0.03317535545023697
3 0.9796208530805687 0.25687203791469193 0.04075829383886256 0.04549763033175355
3 0.9710900473933649 0.2018957345971564 0.043601895734597156 0.04265402843601896
3 0.9507109004739337 0.16066350710900473 0.04170616113744076 0.04265402843601896
3 0.9303317535545024 0.12132701421800948 0.04170616113744076 0.04739336492890995
2 0.9161137440758294 0.07677725118483412 0.058767772511848344 0.06729857819905213
2 0.8767772511848341 0.04454976303317536 0.04549763033175355 0.06350710900473934
2 0.6938388625592417 0.095260663507109 0.05687203791469194 0.05402843601895735
2 0.6625592417061611 0.2876777251184834 0.07677725118483412 0.06445497630331753
9 0.3360189573459716 0.6630331753554503 0.05687203791469194 0.05308056872037915
9 0.3459715639810427 0.704265402843602 0.04739336492890995 0.04739336492890995
1 0.35971563981042654 0.7407582938388626 0.01990521327014218 0.05402843601895735