3 0.45545023696682463 0.37109004739336493 0.046445497630331754 0.04739336492890995
3 0.3966824644549763 0.38388625592417064 0.052132701421800945 0.05023696682464455
9 0.3459715639810427 0.418957345971564 0.05781990521327014 0.06255924170616113
9 0.3033175355450237 0.42938388625592416 0.055924170616113746 0.061611374407582936
1 0.25876777251184835 0.43601895734597157 0.06919431279620854 0.055924170616113746
6 0.23507109004739338 0.42417061611374407 0.07203791469194312 0.04928909952606635
6 0.2099526066350711 0.3971563981042654 0.06919431279620854 0.05308056872037915
8 0.5886255924170616 0.0867298578199052 0.08246445497630332 0.08530805687203792
9 0.6123222748815166 0.13270142180094788 0.054976303317535544 0.05402843601895735
9 0.6336492890995261 0.16729857819905214 0.052132701421800945 0.05402843601895735
1 0.814218009478673 0.18578199052132702 0.05023696682464455 0.06255924170616113
1 0.6658767772511849 0.1900473933649289 0.05687203791469194 0.06445497630331753
6 0.7800947867298578 0.1990521327014218 0.04265402843601896 0.052132701421800945
6 0.75260663507109 0.20900473933649288 0.04075829383886256 0.05023696682464455
6 0.7232227488151659 0.2127962085308057 0.037914691943127965 0.04834123222748815
6 0.6962085308056872 0.2052132701421801 0.04265402843601896 0.05118483412322275
9 0.17014218009478674 0.9895734597156398 0.06350710900473934 0.02085308056872038
1 0.12748815165876778 0.9853080568720379 0.052132701421800945 0.029383886255924172
6 0.08767772511848342 0.9862559241706161 0.05023696682464455 0.027488151658767772
6 0.054502369668246446 0.9900473933649289 0.052132701421800945 0.01990521327014218
8 0.8862559241706162 0.9796208530805687 0.07962085308056872 0.04075829383886256
8 0.8298578199052132 0.9734597156398104 0.08246445497630332 0.05308056872037915
9 0.7767772511848341 0.9739336492890995 0.061611374407582936 0.052132701421800945
9 0.7317535545023697 0.9739336492890995 0.06445497630331753 0.052132701421800945
1 0.6848341232227488 0.9748815165876777 0.06729857819905213 0.05023696682464455
6 0.6431279620853081 0.9886255924170616 0.061611374407582936 0.022748815165876776