8 0.36255924170616116 0.6781990521327014 0.03317535545023697 0.07867298578199051
9 0.35639810426540286 0.6151658767772512 0.04549763033175355 0.05308056872037915
9 0.33933649289099527 0.581042654028436 0.06066350710900474 0.058767772511848344
8 0.026066350710900472 0.7668246445497631 0.052132701421800945 0.07014218009478673
8 0.03033175355450237 0.6957345971563981 0.06066350710900474 0.07203791469194312
9 0.035545023696682464 0.6421800947867299 0.06350710900473934 0.055924170616113746
9 0.05781990521327014 0.5981042654028436 0.07393364928909953 0.054976303317535544
5 0.0924170616113744 0.5592417061611374 0.03696682464454976 0.03222748815165877
6 0.11990521327014218 0.5265402843601896 0.05781990521327014 0.06350710900473934
6 0.16208530805687205 0.5014218009478673 0.058767772511848344 0.06635071090047394
6 0.2161137440758294 0.495260663507109 0.06066350710900474 0.06919431279620854
6 0.27061611374407585 0.5075829383886256 0.04834123222748815 0.06350710900473934
1 0.3113744075829384 0.533649289099526 0.05402843601895735 0.06066350710900474
8 0.918957345971564 0.7222748815165877 0.07488151658767772 0.07109004739336493
8 0.8909952606635071 0.6507109004739337 0.07582938388625593 0.07488151658767772
4 0.6293838862559241 0.6630331753554503 0.037914691943127965 0.03696682464454976
5 0.6464454976303318 0.6004739336492891 0.03601895734597156 0.03222748815165877
9 0.8649289099526066 0.6014218009478673 0.05402843601895735 0.05118483412322275
9 0.8355450236966825 0.566350710900474 0.05308056872037915 0.05308056872037915
1 0.8023696682464455 0.5327014218009478 0.05687203791469194 0.05687203791469194
6 0.7554502369668247 0.5208530805687204 0.04739336492890995 0.04549763033175355
6 0.7199052132701422 0.5165876777251185 0.04075829383886256 0.04170616113744076
5 0.6966824644549763 0.5374407582938389 0.034123222748815164 0.03222748815165877
2 0.6658767772511849 0.5616113744075829 0.04928909952606635 0.04170616113744076