3 0.27488151658767773 0.2796208530805687 0.04170616113744076 0.04170616113744076
3 0.38909952606635073 0.2800947867298578 0.05402843601895735 0.05402843601895735
1 0.44454976303317534 0.3028436018957346 0.054976303317535544 0.05971563981042654
9 0.23554502369668245 0.32180094786729857 0.06540284360189573 0.04834123222748815
9 0.2052132701421801 0.34976303317535545 0.06540284360189573 0.052132701421800945
9 0.46303317535545024 0.33886255924170616 0.05781990521327014 0.052132701421800945
9 0.4706161137440758 0.3805687203791469 0.06824644549763033 0.05118483412322275
8 0.476303317535545 0.41232227488151657 0.06445497630331753 0.04265402843601896
8 0.46729857819905213 0.44786729857819907 0.07582938388625593 0.052132701421800945
8 0.19194312796208532 0.3876777251184834 0.07772511848341232 0.06919431279620854
6 0.9909952606635071 0.11943127962085308 0.01800947867298578 0.058767772511848344
6 0.9682464454976303 0.13412322274881516 0.06350710900473934 0.06540284360189573
6 0.9478672985781991 0.18293838862559242 0.07677725118483412 0.061611374407582936
6 0.9364928909952607 0.22985781990521326 0.06635071090047394 0.05023696682464455
1 0.943127962085308 0.27109004739336495 0.07393364928909953 0.05687203791469194
9 0.9459715639810427 0.31516587677725116 0.06350710900473934 0.05402843601895735