6 0.3744075829383886 0.5213270142180095 0.043601895734597156 0.017061611374407582
6 0.4085308056872038 0.5218009478672986 0.04170616113744076 0.016113744075829384
6 0.33744075829383885 0.5199052132701422 0.04739336492890995 0.01990521327014218
1 0.2966824644549763 0.5109004739336492 0.05118483412322275 0.037914691943127965
6 0.418957345971564 0.5113744075829384 0.02085308056872038 0.03696682464454976
9 0.26587677725118486 0.49715639810426543 0.052132701421800945 0.06540284360189573
9 0.25781990521327014 0.46161137440758293 0.06445497630331753 0.06445497630331753
8 0.5549763033175356 0.07345971563981042 0.08056872037914692 0.08246445497630332
8 0.5654028436018957 0.13981042654028436 0.08151658767772511 0.08530805687203792
8 0.8710900473933649 0.08578199052132701 0.0881516587677725 0.08246445497630332
8 0.842654028436019 0.15355450236966825 0.0909952606635071 0.09004739336492891
9 0.8175355450236966 0.20568720379146918 0.06540284360189573 0.061611374407582936
9 0.7966824644549763 0.24644549763033174 0.05687203791469194 0.05687203791469194
9 0.5834123222748815 0.1909952606635071 0.06255924170616113 0.05781990521327014
9 0.5947867298578199 0.23317535545023696 0.05402843601895735 0.054976303317535544
1 0.6099526066350711 0.26587677725118486 0.061611374407582936 0.05971563981042654
1 0.7744075829383886 0.2834123222748815 0.05023696682464455 0.054976303317535544
6 0.7412322274881517 0.295260663507109 0.043601895734597156 0.04834123222748815
6 0.70521327014218 0.2990521327014218 0.043601895734597156 0.055924170616113746
6 0.6744075829383887 0.2947867298578199 0.043601895734597156 0.04834123222748815
6 0.6407582938388625 0.2843601895734597 0.04834123222748815 0.05118483412322275
9 0.054502369668246446 0.7649289099526067 0.06350710900473934 0.052132701421800945
9 0.05260663507109005 0.7227488151658767 0.06350710900473934 0.052132701421800945
6 0.01990521327014218 0.6165876777251185 0.035071090047393366 0.03601895734597156
6 0.03744075829383886 0.6450236966824645 0.04454976303317536 0.04075829383886256
1 0.05781990521327014 0.680568720379147 0.055924170616113746 0.054976303317535544
4 0.9791469194312796 0.6037914691943128 0.04170616113744076 0.04549763033175355
9 0.9023696682464455 0.5962085308056873 0.06635071090047394 0.07298578199052133
9 0.8473933649289099 0.5985781990521327 0.05781990521327014 0.06729857819905213
1 0.7985781990521327 0.5933649289099526 0.06540284360189573 0.06350710900473934
6 0.7601895734597156 0.5682464454976304 0.055924170616113746 0.058767772511848344
6 0.7374407582938388 0.5492890995260663 0.04739336492890995 0.03886255924170616