8 0.3 0.38957345971563984 0.09573459715639811 0.1014218009478673
9 0.36066350710900474 0.4146919431279621 0.07014218009478673 0.07582938388625593
9 0.4099526066350711 0.4308056872037915 0.07109004739336493 0.07772511848341232
1 0.46161137440758293 0.43838862559241704 0.07203791469194312 0.07488151658767772
6 0.48009478672985784 0.414218009478673 0.03886255924170616 0.05687203791469194
7 0.23838862559241705 0.34739336492890993 0.08246445497630332 0.08625592417061612
3 0.7753554502369668 0.46492890995260666 0.05308056872037915 0.05402843601895735
3 0.7151658767772512 0.43317535545023694 0.05118483412322275 0.04549763033175355
9 0.6578199052132702 0.3848341232227488 0.06635071090047394 0.07772511848341232
9 0.6127962085308057 0.3696682464454976 0.06919431279620854 0.08246445497630332
1 0.5639810426540285 0.35260663507109 0.07109004739336493 0.06919431279620854
6 0.5218009478672986 0.35402843601895734 0.04454976303317536 0.061611374407582936
6 0.35924170616113743 0.6696682464454976 0.05687203791469194 0.01990521327014218
6 0.390521327014218 0.6725118483412322 0.06824644549763033 0.025592417061611375
5 0.6246445497630332 0.9274881516587677 0.046445497630331754 0.04739336492890995
5 0.738388625592417 0.9151658767772511 0.04928909952606635 0.05118483412322275
4 0.7829383886255924 0.9260663507109005 0.043601895734597156 0.04549763033175355
9 0.8080568720379147 0.975829383886256 0.07867298578199051 0.04834123222748815
9 0.8355450236966825 0.985781990521327 0.06919431279620854 0.02843601895734597
1 0.5786729857819906 0.9549763033175356 0.07677725118483412 0.08341232227488152
9 0.556872037914692 0.9815165876777251 0.07109004739336493 0.03696682464454976