9 0.323696682464455 0.3886255924170616 0.031279620853080566 0.058767772511848344
9 0.3227488151658768 0.33744075829383885 0.03317535545023697 0.06066350710900474
8 0.3090047393364929 0.2772511848341232 0.06066350710900474 0.08625592417061612
8 0.3123222748815166 0.1995260663507109 0.05402843601895735 0.09004739336492891
8 0.4729857819905213 0.3791469194312796 0.07393364928909953 0.08530805687203792
2 0.5355450236966824 0.3800947867298578 0.07109004739336493 0.08341232227488152
9 0.5862559241706161 0.4104265402843602 0.055924170616113746 0.07393364928909953
9 0.6345971563981042 0.4090047393364929 0.055924170616113746 0.07488151658767772
1 0.6781990521327014 0.4146919431279621 0.061611374407582936 0.07203791469194312
6 0.718957345971564 0.3962085308056872 0.06824644549763033 0.06350710900473934
8 0.07630331753554502 0.9829383886255925 0.08625592417061612 0.034123222748815164
9 0.0895734597156398 0.9469194312796209 0.07867298578199051 0.058767772511848344
9 0.0924170616113744 0.9018957345971564 0.07677725118483412 0.05781990521327014
1 0.08530805687203792 0.8502369668246446 0.06729857819905213 0.06445497630331753
6 0.04075829383886256 0.7971563981042654 0.06824644549763033 0.03601895734597156
6 0.07109004739336493 0.8080568720379147 0.06255924170616113 0.05781990521327014
9 0.4018957345971564 0.9620853080568721 0.06445497630331753 0.07582938388625593
1 0.4876777251184834 0.9388625592417061 0.06350710900473934 0.07582938388625593
6 0.5402843601895735 0.9440758293838862 0.05781990521327014 0.05781990521327014
6 0.5890995260663507 0.9592417061611375 0.06350710900473934 0.07203791469194312
6 0.6322274881516587 0.985781990521327 0.06824644549763033 0.02843601895734597