3 0.1881516587677725 0.1928909952606635 0.05118483412322275 0.054976303317535544
3 0.16492890995260664 0.24502369668246446 0.05023696682464455 0.05118483412322275
3 0.13649289099526066 0.2938388625592417 0.05118483412322275 0.05023696682464455
1 0.1080568720379147 0.34360189573459715 0.05687203791469194 0.07582938388625593
6 0.07582938388625593 0.3639810426540284 0.052132701421800945 0.06540284360189573
6 0.04075829383886256 0.37156398104265403 0.04739336492890995 0.06350710900473934
6 0.014691943127962086 0.36492890995260663 0.029383886255924172 0.07203791469194312
8 0.8369668246445497 0.12322274881516587 0.08530805687203792 0.08341232227488152
9 0.7962085308056872 0.23649289099526066 0.06350710900473934 0.061611374407582936
9 0.7767772511848341 0.28056872037914693 0.06445497630331753 0.05402843601895735
1 0.7540284360189573 0.32606635071090045 0.06255924170616113 0.06255924170616113
6 0.6786729857819905 0.36824644549763036 0.07203791469194312 0.07298578199052133
6 0.6227488151658768 0.37156398104265403 0.06824644549763033 0.07772511848341232
6 0.5800947867298578 0.35971563981042654 0.061611374407582936 0.06066350710900474
1 0.5535545023696683 0.323696682464455 0.05781990521327014 0.05971563981042654
9 0.5379146919431279 0.2791469194312796 0.03696682464454976 0.06350710900473934
9 0.5270142180094787 0.24170616113744076 0.015165876777251185 0.06066350710900474
3 0.8132701421800947 0.18388625592417063 0.04739336492890995 0.043601895734597156
9 0.3587677725118483 0.9800947867298578 0.07488151658767772 0.03981042654028436
1 0.33981042654028437 0.9469194312796209 0.058767772511848344 0.05971563981042654
1 0.13412322274881516 0.9729857819905213 0.05971563981042654 0.05402843601895735
6 0.15924170616113745 0.9469194312796209 0.05023696682464455 0.04928909952606635
6 0.1990521327014218 0.9208530805687204 0.06635071090047394 0.06635071090047394
6 0.25829383886255924 0.9137440758293839 0.06635071090047394 0.06729857819905213
6 0.2981042654028436 0.9274881516587677 0.04265402843601896 0.04834123222748815
3 0.557345971563981 0.533649289099526 0.04739336492890995 0.052132701421800945
8 0.6246445497630332 0.5379146919431279 0.08720379146919431 0.08341232227488152
9 0.6853080568720379 0.5308056872037915 0.061611374407582936 0.07014218009478673
9 0.7322274881516587 0.5383886255924171 0.061611374407582936 0.06350710900473934
1 0.7791469194312797 0.5327014218009478 0.05971563981042654 0.06919431279620854
6 0.814218009478673 0.5146919431279621 0.05402843601895735 0.06540284360189573
6 0.843127962085308 0.49715639810426543 0.061611374407582936 0.055924170616113746