8 0.1909952606635071 0.5635071090047393 0.0938388625592417 0.08720379146919431
9 0.21421800947867298 0.5175355450236967 0.07582938388625593 0.06445497630331753
9 0.2241706161137441 0.4725118483412322 0.07298578199052133 0.061611374407582936
9 0.022748815165876776 0.3071090047393365 0.04549763033175355 0.058767772511848344
1 0.05545023696682464 0.2895734597156398 0.058767772511848344 0.06255924170616113
1 0.22796208530805687 0.4165876777251185 0.07298578199052133 0.06729857819905213
6 0.1037914691943128 0.2838862559241706 0.05971563981042654 0.06445497630331753
6 0.15118483412322276 0.29241706161137443 0.06540284360189573 0.06919431279620854
6 0.1981042654028436 0.33127962085308055 0.07298578199052133 0.07677725118483412
6 0.22322274881516588 0.37345971563981045 0.06919431279620854 0.06540284360189573
3 0.7303317535545024 0.26350710900473934 0.04265402843601896 0.04265402843601896
3 0.8445497630331753 0.2682464454976303 0.055924170616113746 0.055924170616113746
1 0.8990521327014218 0.29289099526066353 0.05687203791469194 0.061611374407582936
9 0.6895734597156398 0.304739336492891 0.06635071090047394 0.05023696682464455
9 0.6582938388625592 0.33175355450236965 0.06635071090047394 0.05402843601895735
9 0.9161137440758294 0.3293838862559242 0.058767772511848344 0.05308056872037915
9 0.9222748815165877 0.37156398104265403 0.06919431279620854 0.05308056872037915
8 0.9270142180094787 0.4037914691943128 0.06540284360189573 0.04549763033175355
8 0.9165876777251185 0.43886255924170614 0.07677725118483412 0.05402843601895735
8 0.6436018957345971 0.3687203791469194 0.07962085308056872 0.07109004739336493
8 0.6725118483412322 0.9516587677725118 0.07962085308056872 0.08151658767772511
9 0.6421800947867299 0.9805687203791469 0.06919431279620854 0.03886255924170616