8 0.22748815165876776 0.45781990521327015 0.09004739336492891 0.09194312796208531
9 0.1900473933649289 0.42369668246445497 0.07109004739336493 0.07203791469194312
9 0.15260663507109004 0.3995260663507109 0.07014218009478673 0.06729857819905213
1 0.10995260663507109 0.38341232227488153 0.06255924170616113 0.07582938388625593
6 0.06587677725118483 0.37867298578199055 0.05687203791469194 0.06350710900473934
6 0.025118483412322274 0.3876777251184834 0.05023696682464455 0.07393364928909953
8 0.5563981042654028 0.11516587677725118 0.07488151658767772 0.08341232227488152
8 0.5786729857819906 0.06445497630331753 0.08341232227488152 0.09194312796208531
8 0.8672985781990521 0.1962085308056872 0.08625592417061612 0.07582938388625593
8 0.8729857819905213 0.14028436018957346 0.08436018957345971 0.07867298578199051
9 0.8729857819905213 0.08530805687203792 0.08246445497630332 0.058767772511848344
9 0.604739336492891 0.027962085308056873 0.07203791469194312 0.055924170616113746
9 0.6355450236966824 0.00995260663507109 0.07298578199052133 0.01990521327014218
3 0.8554502369668247 0.042180094786729856 0.043601895734597156 0.04454976303317536
1 0.8630331753554502 0.012322274881516588 0.06919431279620854 0.024644549763033177
8 0.24407582938388625 0.6436018957345971 0.07109004739336493 0.07203791469194312
8 0.23127962085308057 0.6943127962085308 0.07109004739336493 0.07109004739336493
9 0.0071090047393364926 0.7791469194312797 0.014218009478672985 0.06066350710900474
9 0.02227488151658768 0.8099526066350711 0.04454976303317536 0.055924170616113746
9 0.22037914691943128 0.7393364928909952 0.055924170616113746 0.055924170616113746
9 0.21469194312796208 0.7796208530805687 0.05687203791469194 0.058767772511848344
6 0.13270142180094788 0.8464454976303317 0.03981042654028436 0.052132701421800945
6 0.10284360189573459 0.8545023696682464 0.034123222748815164 0.04454976303317536
6 0.07725118483412323 0.852132701421801 0.04265402843601896 0.04834123222748815
6 0.16161137440758294 0.8360189573459715 0.04265402843601896 0.05308056872037915
1 0.1900473933649289 0.8151658767772512 0.05118483412322275 0.052132701421800945
1 0.04549763033175355 0.8445497630331753 0.052132701421800945 0.054976303317535544
6 0.9881516587677726 0.6985781990521327 0.023696682464454975 0.06255924170616113
6 0.9639810426540284 0.7137440758293839 0.05023696682464455 0.061611374407582936
6 0.9227488151658768 0.7222748815165877 0.05023696682464455 0.054976303317535544
1 0.8829383886255924 0.714218009478673 0.05308056872037915 0.058767772511848344
9 0.8554502369668247 0.681042654028436 0.05023696682464455 0.05402843601895735
9 0.8232227488151659 0.6526066350710901 0.055924170616113746 0.05687203791469194
8 0.7924170616113744 0.6175355450236967 0.07677725118483412 0.07582938388625593