8 0.5402843601895735 0.27488151658767773 0.018957345971563982 0.08341232227488152
8 0.26492890995260665 0.41232227488151657 0.09289099526066351 0.08436018957345971
8 0.2981042654028436 0.45734597156398105 0.0976303317535545 0.0947867298578199
2 0.33222748815165876 0.5099526066350711 0.06445497630331753 0.05971563981042654
9 0.36824644549763036 0.5303317535545023 0.07298578199052133 0.05781990521327014
1 0.4066350710900474 0.5497630331753555 0.06255924170616113 0.018957345971563982
6 0.533175355450237 0.5445497630331754 0.03317535545023697 0.029383886255924172
8 0.6796208530805687 0.2938388625592417 0.0881516587677725 0.07772511848341232
9 0.6748815165876777 0.33696682464454975 0.06824644549763033 0.06445497630331753
9 0.6649289099526067 0.3805687203791469 0.07962085308056872 0.07867298578199051
0 0.6492890995260664 0.42843601895734595 0.04549763033175355 0.05402843601895735
8 0.46492890995260666 0.5895734597156398 0.0995260663507109 0.06066350710900474
6 0.18341232227488152 0.5696682464454976 0.06919431279620854 0.02085308056872038
1 0.16824644549763032 0.6009478672985782 0.07014218009478673 0.06919431279620854
9 0.8165876777251185 0.6725118483412322 0.06445497630331753 0.06255924170616113
9 0.8199052132701422 0.633175355450237 0.06066350710900474 0.06255924170616113
9 0.9853080568720379 0.5725118483412323 0.029383886255924172 0.026540284360189573
1 0.828909952606635 0.6004739336492891 0.058767772511848344 0.06445497630331753
6 0.8497630331753554 0.5786729857819906 0.04834123222748815 0.03886255924170616
6 0.8815165876777251 0.571563981042654 0.04739336492890995 0.024644549763033177
2 0.9085308056872038 0.5649289099526066 0.04265402843601896 0.011374407582938388