3 0.11848341232227488 0.38957345971563984 0.035071090047393366 0.03886255924170616
3 0.014218009478672985 0.39478672985781993 0.02843601895734597 0.04265402843601896
3 0.22037914691943128 0.4981042654028436 0.052132701421800945 0.05308056872037915
3 0.18341232227488152 0.44502369668246444 0.04739336492890995 0.04739336492890995
9 0.15687203791469195 0.38909952606635073 0.058767772511848344 0.06540284360189573
8 0.6677725118483412 0.04597156398104266 0.10710900473933649 0.09194312796208531
8 0.6981042654028436 0.11563981042654028 0.1033175355450237 0.10426540284360189
9 0.9928909952606635 0.06066350710900474 0.014218009478672985 0.07203791469194312
9 0.9895734597156398 0.11516587677725118 0.02085308056872038 0.06919431279620854
9 0.7568720379146919 0.14976303317535544 0.07582938388625593 0.07677725118483412
9 0.7909952606635071 0.1933649289099526 0.06824644549763033 0.06919431279620854
1 0.8317535545023697 0.218957345971564 0.05687203791469194 0.07014218009478673
1 0.9862559241706161 0.15687203791469195 0.027488151658767772 0.07109004739336493
6 0.9156398104265403 0.2127962085308057 0.05402843601895735 0.06540284360189573
6 0.9507109004739337 0.1976303317535545 0.05687203791469194 0.06445497630331753
6 0.9720379146919431 0.17535545023696683 0.055924170616113746 0.06066350710900474
6 0.8753554502369668 0.21753554502369668 0.054976303317535544 0.06540284360189573
4 0.4066350710900474 0.7805687203791469 0.05781990521327014 0.05023696682464455
4 0.3914691943127962 0.7232227488151659 0.05402843601895735 0.05118483412322275
0 0.3815165876777251 0.6554502369668247 0.05971563981042654 0.05023696682464455
1 0.37772511848341234 0.6 0.07488151658767772 0.08151658767772511
6 0.42322274881516586 0.576303317535545 0.07298578199052133 0.034123222748815164
6 0.3919431279620853 0.580568720379147 0.06540284360189573 0.04265402843601896
8 0.6976303317535545 0.8502369668246446 0.06066350710900474 0.06540284360189573
8 0.7535545023696683 0.8625592417061612 0.06540284360189573 0.06445497630331753
9 0.8009478672985783 0.8729857819905213 0.05023696682464455 0.05023696682464455
9 0.8454976303317535 0.8777251184834123 0.05402843601895735 0.06255924170616113
1 0.8933649289099526 0.8706161137440759 0.055924170616113746 0.061611374407582936
6 0.923696682464455 0.8469194312796209 0.04928909952606635 0.04170616113744076
6 0.95260663507109 0.8317535545023697 0.055924170616113746 0.046445497630331754