8 0.3587677725118483 0.0966824644549763 0.0909952606635071 0.09004739336492891
3 0.2028436018957346 0.3848341232227488 0.06255924170616113 0.05971563981042654
3 0.25450236966824646 0.4042654028436019 0.055924170616113746 0.05781990521327014
0 0.4033175355450237 0.13981042654028436 0.05308056872037915 0.05308056872037915
0 0.4364928909952607 0.17156398104265402 0.05118483412322275 0.055924170616113746
0 0.4710900473933649 0.2042654028436019 0.05308056872037915 0.05023696682464455
0 0.3056872037914692 0.4146919431279621 0.05308056872037915 0.06350710900473934
0 0.34928909952606635 0.42369668246445497 0.054976303317535544 0.06255924170616113
1 0.4037914691943128 0.43317535545023694 0.07488151658767772 0.07582938388625593
1 0.4990521327014218 0.23886255924170616 0.061611374407582936 0.07582938388625593
6 0.44976303317535543 0.4246445497630332 0.07582938388625593 0.07014218009478673
6 0.4838862559241706 0.3928909952606635 0.08246445497630332 0.07677725118483412
6 0.4985781990521327 0.3407582938388626 0.06255924170616113 0.07677725118483412
6 0.5061611374407583 0.2881516587677725 0.04739336492890995 0.06824644549763033
3 0.6966824644549763 0.018957345971563982 0.04170616113744076 0.037914691943127965
3 0.8886255924170616 0.2720379146919431 0.052132701421800945 0.05402843601895735
3 0.7663507109004739 0.2729857819905213 0.03981042654028436 0.03601895734597156
3 0.723696682464455 0.2616113744075829 0.03601895734597156 0.037914691943127965
3 0.6796208530805687 0.25450236966824646 0.037914691943127965 0.037914691943127965
9 0.6545023696682465 0.06255924170616113 0.055924170616113746 0.05308056872037915
9 0.623696682464455 0.09194312796208531 0.05781990521327014 0.052132701421800945
1 0.6109004739336493 0.13364928909952606 0.07203791469194312 0.06066350710900474
3 0.6255924170616114 0.17582938388625594 0.04265402843601896 0.043601895734597156
8 0.3687203791469194 0.9862559241706161 0.0947867298578199 0.027488151658767772
9 0.07345971563981042 0.9829383886255925 0.06540284360189573 0.034123222748815164
9 0.3459715639810427 0.9706161137440759 0.07014218009478673 0.058767772511848344
9 0.3175355450236967 0.9398104265402843 0.06350710900473934 0.06350710900473934
1 0.08625592417061612 0.9497630331753555 0.06635071090047394 0.06350710900473934
1 0.28672985781990523 0.9071090047393365 0.06066350710900474 0.07109004739336493
6 0.24834123222748816 0.8900473933649289 0.06066350710900474 0.06919431279620854
6 0.195260663507109 0.875829383886256 0.07109004739336493 0.07867298578199051
6 0.14170616113744075 0.8881516587677725 0.06540284360189573 0.05971563981042654
6 0.1080568720379147 0.9090047393364928 0.07203791469194312 0.06635071090047394
8 0.8753554502369668 0.6530805687203791 0.09289099526066351 0.0909952606635071
9 0.8805687203791469 0.7123222748815166 0.06919431279620854 0.06540284360189573
9 0.8924170616113745 0.7545023696682465 0.06919431279620854 0.061611374407582936
1 0.8924170616113745 0.7867298578199052 0.06066350710900474 0.06066350710900474
6 0.9815165876777251 0.8175355450236966 0.03696682464454976 0.05402843601895735
6 0.956872037914692 0.8132701421800947 0.04549763033175355 0.054976303317535544
6 0.9317535545023696 0.7895734597156399 0.05023696682464455 0.05687203791469194