8 0.010900473933649289 0.35971563981042654 0.021800947867298578 0.0976303317535545
8 0.3052132701421801 0.28104265402843603 0.08246445497630332 0.09004739336492891
9 0.2919431279620853 0.33791469194312795 0.06540284360189573 0.06635071090047394
9 0.2834123222748815 0.3876777251184834 0.06635071090047394 0.06729857819905213
9 0.03222748815165877 0.4 0.06445497630331753 0.07203791469194312
9 0.052132701421800945 0.44407582938388623 0.06919431279620854 0.06824644549763033
1 0.2734597156398104 0.43033175355450237 0.06350710900473934 0.06540284360189573
1 0.0947867298578199 0.47393364928909953 0.058767772511848344 0.06919431279620854
6 0.23981042654028437 0.43933649289099524 0.05308056872037915 0.052132701421800945
6 0.2127962085308057 0.45924170616113746 0.055924170616113746 0.05687203791469194
6 0.176303317535545 0.47014218009478675 0.05308056872037915 0.05971563981042654
6 0.13696682464454976 0.47393364928909953 0.054976303317535544 0.05781990521327014
9 0.976303317535545 0.22748815165876776 0.04739336492890995 0.08720379146919431
1 0.9355450236966825 0.24644549763033174 0.07488151658767772 0.07677725118483412
6 0.8838862559241706 0.25213270142180094 0.06824644549763033 0.06729857819905213
6 0.8260663507109005 0.24123222748815165 0.08246445497630332 0.07867298578199051
8 0.1018957345971564 0.8568720379146919 0.08436018957345971 0.08720379146919431
8 0.16635071090047393 0.861611374407583 0.08720379146919431 0.09289099526066351
9 0.22511848341232227 0.8729857819905213 0.06255924170616113 0.06635071090047394
9 0.271563981042654 0.8706161137440759 0.05971563981042654 0.06350710900473934
1 0.314218009478673 0.8549763033175355 0.05687203791469194 0.061611374407582936
6 0.34881516587677724 0.8317535545023697 0.04928909952606635 0.04739336492890995
6 0.36824644549763036 0.804739336492891 0.05402843601895735 0.04834123222748815
6 0.7317535545023697 0.985781990521327 0.05118483412322275 0.02843601895734597
6 0.7436018957345971 0.9559241706161138 0.05687203791469194 0.054976303317535544