8 0.1009478672985782 0.17251184834123223 0.08909952606635071 0.1033175355450237
8 0.16350710900473933 0.14454976303317535 0.0909952606635071 0.0995260663507109
9 0.21374407582938387 0.12132701421800948 0.06445497630331753 0.08625592417061612
9 0.25781990521327014 0.1066350710900474 0.06540284360189573 0.08436018957345971
1 0.3104265402843602 0.09573459715639811 0.06729857819905213 0.07962085308056872
6 0.34834123222748814 0.0985781990521327 0.04265402843601896 0.06445497630331753
3 0.8805687203791469 0.029383886255924172 0.05023696682464455 0.05687203791469194
8 0.852132701421801 0.095260663507109 0.07677725118483412 0.08151658767772511
3 0.8345971563981043 0.13886255924170615 0.034123222748815164 0.03886255924170616
8 0.5374407582938389 0.022748815165876776 0.07772511848341232 0.04549763033175355
8 0.5559241706161138 0.07582938388625593 0.07488151658767772 0.07772511848341232
8 0.5696682464454976 0.12796208530805686 0.04739336492890995 0.04454976303317536
8 0.590047393364929 0.17109004739336492 0.058767772511848344 0.061611374407582936
6 0.6033175355450237 0.20853080568720378 0.061611374407582936 0.054976303317535544
9 0.8071090047393364 0.1843601895734597 0.05971563981042654 0.055924170616113746
6 0.7805687203791469 0.2161137440758294 0.05023696682464455 0.046445497630331754
3 0.6511848341232227 0.23222748815165878 0.03696682464454976 0.03981042654028436
3 0.7436018957345971 0.23601895734597156 0.03222748815165877 0.03886255924170616
8 0.04170616113744076 0.928436018957346 0.08341232227488152 0.08436018957345971
8 0.05071090047393365 0.8753554502369668 0.07488151658767772 0.06540284360189573
9 0.04597156398104266 0.828436018957346 0.07109004739336493 0.05308056872037915
9 0.03933649289099526 0.7938388625592417 0.06919431279620854 0.05687203791469194
1 0.02843601895734597 0.7545023696682465 0.05687203791469194 0.054976303317535544
6 0.01943127962085308 0.7232227488151659 0.03886255924170616 0.06445497630331753
8 0.5796208530805688 0.6407582938388625 0.061611374407582936 0.06350710900473934
8 0.9222748815165877 0.671563981042654 0.06824644549763033 0.06255924170616113
8 0.9180094786729858 0.6165876777251185 0.08151658767772511 0.08341232227488152
8 0.5976303317535545 0.5909952606635072 0.07772511848341232 0.08720379146919431
9 0.6151658767772512 0.5459715639810426 0.061611374407582936 0.061611374407582936
9 0.6388625592417062 0.509478672985782 0.054976303317535544 0.06255924170616113
9 0.904739336492891 0.5639810426540285 0.06350710900473934 0.05687203791469194
9 0.8933649289099526 0.5260663507109005 0.06729857819905213 0.05971563981042654
1 0.8744075829383886 0.4843601895734597 0.046445497630331754 0.052132701421800945
1 0.6587677725118484 0.4772511848341232 0.05023696682464455 0.05781990521327014
6 0.6976303317535545 0.4549763033175355 0.05402843601895735 0.04928909952606635
6 0.7436018957345971 0.4483412322274882 0.06635071090047394 0.055924170616113746
6 0.7943127962085308 0.44786729857819907 0.06445497630331753 0.05781990521327014
6 0.8402843601895734 0.45781990521327015 0.05023696682464455 0.046445497630331754