8 0.06966824644549763 0.012322274881516588 0.07109004739336493 0.024644549763033177
8 0.04549763033175355 0.035545023696682464 0.07109004739336493 0.07109004739336493
9 0.026066350710900472 0.07630331753554502 0.052132701421800945 0.055924170616113746
9 0.01848341232227488 0.11374407582938388 0.03696682464454976 0.058767772511848344
4 0.7018957345971564 0.36777251184834125 0.03981042654028436 0.04170616113744076
4 0.45639810426540284 0.24502369668246446 0.04265402843601896 0.04454976303317536
9 0.4317535545023697 0.3075829383886256 0.06255924170616113 0.05687203791469194
9 0.44075829383886256 0.35071090047393366 0.06066350710900474 0.05687203791469194
9 0.6682464454976303 0.41753554502369666 0.05781990521327014 0.06540284360189573
9 0.6303317535545023 0.4374407582938389 0.054976303317535544 0.06255924170616113
1 0.44739336492890996 0.3943127962085308 0.06635071090047394 0.06445497630331753
1 0.5971563981042654 0.46445497630331756 0.061611374407582936 0.07109004739336493
6 0.5507109004739337 0.4663507109004739 0.052132701421800945 0.06255924170616113
6 0.514218009478673 0.46398104265402845 0.05118483412322275 0.061611374407582936
6 0.4829383886255924 0.4488151658767773 0.04834123222748815 0.06350710900473934
6 0.46398104265402845 0.42890995260663506 0.058767772511848344 0.061611374407582936
8 0.209478672985782 0.7578199052132701 0.07962085308056872 0.08625592417061612
3 0.6943127962085308 0.5383886255924171 0.04834123222748815 0.037914691943127965
3 0.6535545023696683 0.5706161137440758 0.04928909952606635 0.04834123222748815
9 0.4251184834123223 0.5360189573459716 0.07677725118483412 0.03317535545023697
1 0.6118483412322275 0.6099526066350711 0.05402843601895735 0.07393364928909953
1 0.44123222748815166 0.566824644549763 0.06635071090047394 0.06919431279620854
6 0.5748815165876777 0.6203791469194313 0.04928909952606635 0.06350710900473934
6 0.5393364928909953 0.6175355450236967 0.04454976303317536 0.061611374407582936
6 0.5042654028436019 0.6 0.05118483412322275 0.07014218009478673
6 0.46966824644549765 0.5881516587677725 0.055924170616113746 0.07109004739336493