8 0.3687203791469194 0.3222748815165877 0.0938388625592417 0.10900473933649289
2 0.3090047393364929 0.35639810426540286 0.07488151658767772 0.09289099526066351
9 0.27061611374407585 0.3881516587677725 0.07393364928909953 0.08625592417061612
9 0.22606635071090048 0.4090047393364929 0.07488151658767772 0.0881516587677725
1 0.17156398104265402 0.42796208530805685 0.07582938388625593 0.07677725118483412
6 0.12037914691943127 0.43459715639810426 0.06919431279620854 0.06824644549763033
6 0.06255924170616113 0.4246445497630332 0.08341232227488152 0.07962085308056872
8 0.9227488151658768 0.23222748815165878 0.07393364928909953 0.07772511848341232
9 0.952132701421801 0.2672985781990521 0.04928909952606635 0.05023696682464455
9 0.9706161137440759 0.3052132701421801 0.05118483412322275 0.05687203791469194
1 0.9886255924170616 0.32132701421800947 0.022748815165876776 0.06255924170616113
3 0.18246445497630331 0.9914691943127962 0.046445497630331754 0.017061611374407582
3 0.1962085308056872 0.9450236966824644 0.04170616113744076 0.04454976303317536
1 0.45924170616113746 0.8834123222748815 0.061611374407582936 0.06255924170616113
9 0.2213270142180095 0.9056872037914692 0.07298578199052133 0.07014218009478673
9 0.24976303317535545 0.8687203791469195 0.07298578199052133 0.07014218009478673
1 0.2781990521327014 0.8322274881516588 0.05971563981042654 0.06066350710900474
6 0.3137440758293839 0.8109004739336493 0.055924170616113746 0.058767772511848344
6 0.3639810426540284 0.8004739336492891 0.06729857819905213 0.06919431279620854
6 0.4137440758293839 0.8113744075829384 0.06635071090047394 0.07014218009478673
6 0.43033175355450237 0.852132701421801 0.054976303317535544 0.05781990521327014
7 0.46161137440758293 0.9251184834123223 0.04928909952606635 0.052132701421800945
7 0.46350710900473935 0.9796208530805687 0.03981042654028436 0.04075829383886256
4 0.7345971563981043 0.7606635071090048 0.05308056872037915 0.052132701421800945
4 0.7895734597156399 0.7834123222748816 0.043601895734597156 0.043601895734597156
8 0.9535545023696682 0.5511848341232227 0.08056872037914692 0.07393364928909953
8 0.9691943127962085 0.6090047393364929 0.061611374407582936 0.07677725118483412
6 0.9729857819905213 0.7597156398104266 0.05402843601895735 0.06540284360189573
6 0.9786729857819905 0.7336492890995261 0.04265402843601896 0.06066350710900474
6 0.956872037914692 0.7886255924170616 0.06066350710900474 0.05308056872037915
6 0.9298578199052133 0.795734597156398 0.05781990521327014 0.06729857819905213
1 0.8938388625592417 0.8123222748815165 0.06919431279620854 0.08056872037914692
1 0.9829383886255925 0.6985781990521327 0.034123222748815164 0.05687203791469194
9 0.9767772511848342 0.657345971563981 0.046445497630331754 0.061611374407582936
9 0.8388625592417062 0.8175355450236966 0.06919431279620854 0.07203791469194312