3 0.36635071090047394 0.4317535545023697 0.03886255924170616 0.037914691943127965
8 0.04928909952606635 0.46777251184834123 0.08530805687203792 0.04265402843601896
8 0.06966824644549763 0.4308056872037915 0.07677725118483412 0.08246445497630332
9 0.10284360189573459 0.3876777251184834 0.06540284360189573 0.06729857819905213
9 0.13080568720379146 0.35450236966824644 0.061611374407582936 0.06255924170616113
1 0.16635071090047393 0.3246445497630332 0.061611374407582936 0.07014218009478673
6 0.204739336492891 0.3085308056872038 0.046445497630331754 0.07014218009478673
6 0.24786729857819906 0.3004739336492891 0.054976303317535544 0.06824644549763033
6 0.2966824644549763 0.3113744075829384 0.061611374407582936 0.06350710900473934
6 0.33222748815165876 0.3350710900473934 0.05781990521327014 0.06635071090047394
1 0.35402843601895734 0.3706161137440758 0.054976303317535544 0.054976303317535544
9 0.8127962085308057 0.006635071090047393 0.05971563981042654 0.013270142180094787
9 0.79478672985782 0.03364928909952607 0.05971563981042654 0.05971563981042654
9 0.5393364928909953 0.023696682464454975 0.058767772511848344 0.04739336492890995
9 0.5606635071090047 0.06398104265402843 0.058767772511848344 0.06066350710900474
1 0.595260663507109 0.0971563981042654 0.046445497630331754 0.06350710900473934
1 0.7772511848341233 0.07251184834123223 0.054976303317535544 0.06255924170616113
6 0.6786729857819905 0.10900473933649289 0.04454976303317536 0.058767772511848344
6 0.7161137440758294 0.1014218009478673 0.04739336492890995 0.05781990521327014
6 0.7450236966824645 0.08483412322274882 0.054976303317535544 0.052132701421800945
6 0.638388625592417 0.1052132701421801 0.04549763033175355 0.058767772511848344
8 0.14123222748815165 0.6497630331753554 0.06824644549763033 0.07677725118483412
8 0.2066350710900474 0.6691943127962086 0.06540284360189573 0.07014218009478673
2 0.26966824644549764 0.6876777251184835 0.05023696682464455 0.06729857819905213
9 0.3175355450236967 0.6990521327014217 0.04928909952606635 0.05781990521327014
1 0.36729857819905215 0.7099526066350711 0.052132701421800945 0.054976303317535544
6 0.3976303317535545 0.6791469194312796 0.04170616113744076 0.04170616113744076
6 0.42748815165876775 0.6592417061611374 0.04454976303317536 0.03317535545023697
6 0.4488151658767773 0.6317535545023697 0.05402843601895735 0.03601895734597156
6 0.4488151658767773 0.5990521327014218 0.05023696682464455 0.04265402843601896
8 0.6966824644549763 0.8701421800947867 0.06729857819905213 0.07109004739336493
8 0.7601895734597156 0.8938388625592417 0.07393364928909953 0.07109004739336493
9 0.8161137440758294 0.9052132701421801 0.05308056872037915 0.05971563981042654
9 0.861611374407583 0.9061611374407583 0.05118483412322275 0.05781990521327014
1 0.9080568720379147 0.9090047393364928 0.05118483412322275 0.05781990521327014
6 0.9454976303317536 0.890521327014218 0.04928909952606635 0.05023696682464455
6 0.9682464454976303 0.8691943127962085 0.04170616113744076 0.05023696682464455
6 0.9796208530805687 0.8464454976303317 0.04075829383886256 0.04170616113744076