8 0.027962085308056873 0.16066350710900473 0.055924170616113746 0.0976303317535545
8 0.34407582938388626 0.21184834123222748 0.08246445497630332 0.09004739336492891
9 0.3109004739336493 0.25971563981042656 0.06540284360189573 0.06635071090047394
9 0.2838862559241706 0.3023696682464455 0.06635071090047394 0.06729857819905213
9 0.04123222748815166 0.21800947867298578 0.07677725118483412 0.07203791469194312
9 0.04834123222748815 0.2682464454976303 0.06919431279620854 0.06824644549763033
1 0.25876777251184835 0.33791469194312795 0.06350710900473934 0.06540284360189573
1 0.07677725118483412 0.3118483412322275 0.058767772511848344 0.06919431279620854
6 0.2241706161137441 0.3341232227488152 0.05308056872037915 0.052132701421800945
6 0.19194312796208532 0.34265402843601894 0.055924170616113746 0.05687203791469194
6 0.15402843601895735 0.33886255924170616 0.05308056872037915 0.05971563981042654
6 0.11611374407582939 0.32748815165876777 0.054976303317535544 0.05781990521327014
9 0.6739336492890995 0.04312796208530806 0.06824644549763033 0.06635071090047394
9 0.628436018957346 0.07440758293838863 0.058767772511848344 0.06350710900473934
1 0.5744075829383887 0.07109004739336493 0.05971563981042654 0.06255924170616113
6 0.47345971563981043 0.027014218009478674 0.06350710900473934 0.05402843601895735
3 0.4037914691943128 0.5886255924170616 0.011374407582938388 0.037914691943127965
3 0.37251184834123224 0.5815165876777251 0.037914691943127965 0.037914691943127965
9 0.34739336492890993 0.4028436018957346 0.055924170616113746 0.026540284360189573
9 0.3165876777251185 0.418957345971564 0.05781990521327014 0.052132701421800945
1 0.30379146919431277 0.4606635071090047 0.07203791469194312 0.06066350710900474
3 0.3184834123222749 0.5028436018957346 0.04265402843601896 0.043601895734597156
8 0.85260663507109 0.8151658767772512 0.0976303317535545 0.0909952606635071
9 0.8781990521327014 0.7701421800947867 0.07772511848341232 0.06824644549763033
9 0.8909952606635071 0.7260663507109004 0.07488151658767772 0.06445497630331753
4 0.6274881516587678 0.595260663507109 0.03886255924170616 0.043601895734597156
9 0.6530805687203791 0.571563981042654 0.05402843601895735 0.06066350710900474
9 0.6909952606635071 0.5492890995260663 0.06255924170616113 0.061611374407582936
1 0.7322274881516587 0.5341232227488152 0.06066350710900474 0.06445497630331753
1 0.8976303317535546 0.6701421800947868 0.07582938388625593 0.07014218009478673
6 0.7805687203791469 0.5312796208530806 0.06255924170616113 0.06635071090047394
6 0.8274881516587678 0.5421800947867299 0.06824644549763033 0.07109004739336493
6 0.8725118483412322 0.5829383886255924 0.07582938388625593 0.07962085308056872
6 0.895260663507109 0.6265402843601896 0.07109004739336493 0.06824644549763033