8 0.104739336492891 0.35734597156398107 0.07488151658767772 0.07393364928909953
8 0.11753554502369669 0.304739336492891 0.07677725118483412 0.07298578199052133
8 0.42274881516587676 0.3014218009478673 0.06824644549763033 0.07298578199052133
8 0.3943127962085308 0.25355450236966826 0.07109004739336493 0.07393364928909953
9 0.36587677725118484 0.21706161137440758 0.06255924170616113 0.06066350710900474
9 0.12890995260663507 0.25781990521327014 0.05687203791469194 0.058767772511848344
9 0.13507109004739337 0.21469194312796208 0.052132701421800945 0.058767772511848344
9 0.33696682464454975 0.18246445497630331 0.07298578199052133 0.06066350710900474
2 0.3066350710900474 0.14976303317535544 0.04928909952606635 0.046445497630331754
2 0.2729857819905213 0.14360189573459717 0.03601895734597156 0.043601895734597156
2 0.24786729857819906 0.14360189573459717 0.03601895734597156 0.04075829383886256
2 0.21800947867298578 0.15071090047393365 0.03317535545023697 0.04454976303317536
6 0.1843601895734597 0.15971563981042655 0.04928909952606635 0.058767772511848344
1 0.15592417061611374 0.1819905213270142 0.05308056872037915 0.061611374407582936
8 0.7582938388625592 0.4213270142180095 0.07867298578199051 0.08909952606635071
8 0.8236966824644549 0.4165876777251185 0.08056872037914692 0.08530805687203792
9 0.8829383886255924 0.4132701421800948 0.05971563981042654 0.06919431279620854
9 0.9260663507109005 0.4151658767772512 0.055924170616113746 0.07014218009478673
1 0.9729857819905213 0.4151658767772512 0.05402843601895735 0.06066350710900474
8 0.25497630331753557 0.5616113744075829 0.08909952606635071 0.08341232227488152
9 0.2559241706161137 0.6151658767772512 0.07203791469194312 0.06445497630331753
9 0.24549763033175356 0.6649289099526067 0.07014218009478673 0.06919431279620854
1 0.23127962085308057 0.7090047393364929 0.061611374407582936 0.05971563981042654
1 0.38957345971563984 0.8080568720379147 0.05402843601895735 0.055924170616113746
6 0.3464454976303318 0.8208530805687204 0.05308056872037915 0.06066350710900474
6 0.2990521327014218 0.8203791469194313 0.06635071090047394 0.06729857819905213
6 0.25687203791469193 0.795734597156398 0.06445497630331753 0.06824644549763033
6 0.25402843601895736 0.7511848341232228 0.054976303317535544 0.05687203791469194
3 0.4919431279620853 0.7208530805687203 0.015165876777251185 0.04265402843601896
7 0.4597156398104265 0.7625592417061612 0.054976303317535544 0.052132701421800945
7 0.4255924170616114 0.7838862559241706 0.058767772511848344 0.058767772511848344
8 0.9601895734597157 0.8848341232227488 0.07962085308056872 0.0881516587677725
9 0.909478672985782 0.8682464454976303 0.06066350710900474 0.06919431279620854
9 0.8625592417061612 0.8644549763033176 0.055924170616113746 0.06729857819905213
1 0.8180094786729858 0.8725118483412322 0.06729857819905213 0.07582938388625593
6 0.8004739336492891 0.8957345971563981 0.054976303317535544 0.06824644549763033
6 0.7744075829383886 0.9033175355450237 0.05023696682464455 0.07014218009478673
6 0.7578199052132701 0.923696682464455 0.055924170616113746 0.07393364928909953