8 0.23412322274881517 0.14834123222748816 0.07867298578199051 0.08246445497630332
8 0.218957345971564 0.22322274881516588 0.08530805687203792 0.08246445497630332
9 0.21184834123222748 0.28720379146919434 0.06540284360189573 0.05402843601895735
9 0.20568720379146918 0.33649289099526064 0.054976303317535544 0.05402843601895735
1 0.218957345971564 0.3739336492890995 0.055924170616113746 0.05118483412322275
6 0.290521327014218 0.4161137440758294 0.01800947867298578 0.026540284360189573
6 0.25355450236966826 0.3862559241706161 0.04075829383886256 0.03981042654028436
6 0.27488151658767773 0.4137440758293839 0.04549763033175355 0.031279620853080566
9 0.5753554502369668 0.005687203791469194 0.058767772511848344 0.011374407582938388
9 0.5734597156398105 0.03317535545023697 0.05781990521327014 0.046445497630331754
1 0.5890995260663507 0.07582938388625593 0.06540284360189573 0.05118483412322275
3 0.9090047393364928 0.007582938388625593 0.037914691943127965 0.015165876777251185
3 0.8592417061611375 0.03838862559241706 0.037914691943127965 0.04265402843601896
3 0.8161137440758294 0.07630331753554502 0.03601895734597156 0.035071090047393366
9 0.7758293838862559 0.11469194312796209 0.05023696682464455 0.06066350710900474
1 0.7322274881516587 0.13601895734597155 0.04834123222748815 0.06824644549763033
6 0.695260663507109 0.14075829383886257 0.037914691943127965 0.05308056872037915
6 0.662085308056872 0.14265402843601896 0.037914691943127965 0.04454976303317536
6 0.6317535545023697 0.12985781990521328 0.04454976303317536 0.04454976303317536
6 0.6033175355450237 0.109478672985782 0.043601895734597156 0.04265402843601896
9 0.27630331753554505 0.5962085308056873 0.046445497630331754 0.07393364928909953
2 0.22890995260663508 0.5815165876777251 0.05023696682464455 0.06729857819905213
1 0.16919431279620853 0.5748815165876777 0.06540284360189573 0.06729857819905213
6 0.11516587677725118 0.5881516587677725 0.052132701421800945 0.05023696682464455
6 0.09146919431279621 0.6151658767772512 0.07582938388625593 0.061611374407582936
8 0.6890995260663507 0.9483412322274881 0.08056872037914692 0.07298578199052133
8 0.4194312796208531 0.8549763033175355 0.07393364928909953 0.07772511848341232
9 0.44786729857819907 0.8033175355450237 0.06255924170616113 0.058767772511848344
9 0.47393364928909953 0.7625592417061612 0.058767772511848344 0.05971563981042654
9 0.7004739336492891 0.8900473933649289 0.06919431279620854 0.054976303317535544
9 0.7037914691943128 0.8308056872037914 0.06255924170616113 0.054976303317535544
1 0.5056872037914691 0.7132701421800948 0.05971563981042654 0.05308056872037915
6 0.5440758293838862 0.695260663507109 0.04549763033175355 0.05687203791469194
6 0.5966824644549763 0.6876777251184835 0.054976303317535544 0.06445497630331753
6 0.6421800947867299 0.7113744075829384 0.052132701421800945 0.05781990521327014
6 0.6791469194312796 0.7417061611374408 0.05118483412322275 0.05402843601895735
1 0.7004739336492891 0.7796208530805687 0.061611374407582936 0.05781990521327014