8 0.3080568720379147 0.1938388625592417 0.1014218009478673 0.09573459715639811
8 0.04549763033175355 0.03601895734597156 0.0909952606635071 0.07203791469194312
8 0.23601895734597156 0.22701421800947869 0.09194312796208531 0.09289099526066351
9 0.024170616113744076 0.08056872037914692 0.04834123222748815 0.07014218009478673
9 0.017061611374407582 0.12796208530805686 0.034123222748815164 0.06824644549763033
9 0.17962085308056872 0.25450236966824646 0.06635071090047394 0.07014218009478673
9 0.12938388625592417 0.2682464454976303 0.06350710900473934 0.06729857819905213
1 0.012322274881516588 0.176303317535545 0.024644549763033177 0.06635071090047394
1 0.08246445497630332 0.285781990521327 0.07109004739336493 0.07393364928909953
6 0.01848341232227488 0.21469194312796208 0.03696682464454976 0.055924170616113746
6 0.03838862559241706 0.23838862559241705 0.07677725118483412 0.055924170616113746
6 0.04265402843601896 0.25876777251184835 0.08530805687203792 0.06066350710900474
6 0.05165876777251185 0.2824644549763033 0.06255924170616113 0.05308056872037915
8 0.7199052132701422 0.4056872037914692 0.0938388625592417 0.04739336492890995
8 0.0924170616113744 0.9530805687203792 0.0938388625592417 0.0938388625592417
8 0.15402843601895735 0.928436018957346 0.0947867298578199 0.1023696682464455
9 0.2028436018957346 0.9023696682464455 0.06824644549763033 0.0881516587677725
9 0.24644549763033174 0.885781990521327 0.06919431279620854 0.08625592417061612
1 0.2981042654028436 0.8720379146919431 0.07014218009478673 0.08246445497630332
6 0.3464454976303318 0.8725118483412322 0.06540284360189573 0.06729857819905213
6 0.4 0.885308056872038 0.08909952606635071 0.08436018957345971
8 0.7066350710900474 0.7417061611374408 0.0976303317535545 0.09573459715639811
9 0.6763033175355451 0.7028436018957346 0.07677725118483412 0.06919431279620854
9 0.6412322274881517 0.681042654028436 0.07867298578199051 0.07298578199052133
6 0.5127962085308057 0.6445497630331753 0.04739336492890995 0.07582938388625593
6 0.5630331753554503 0.6436018957345971 0.06066350710900474 0.06066350710900474
1 0.6099526066350711 0.6511848341232227 0.06635071090047394 0.06540284360189573