3 0.3914691943127962 0.035071090047393366 0.04928909952606635 0.04265402843601896
3 0.3753554502369668 0.008056872037914692 0.043601895734597156 0.016113744075829384
8 0.8052132701421801 0.24881516587677724 0.06540284360189573 0.021800947867298578
8 0.23791469194312795 0.5284360189573459 0.06635071090047394 0.06540284360189573
8 0.2 0.5654028436018957 0.06540284360189573 0.06445497630331753
9 0.17203791469194313 0.6052132701421801 0.058767772511848344 0.055924170616113746
9 0.14170616113744075 0.6364928909952606 0.05308056872037915 0.058767772511848344
1 0.10426540284360189 0.6663507109004739 0.05023696682464455 0.06350710900473934
6 0.06350710900473934 0.6796208530805687 0.052132701421800945 0.05971563981042654
6 0.023222748815165877 0.680568720379147 0.046445497630331754 0.05687203791469194
6 0.009478672985781991 0.666824644549763 0.018957345971563982 0.061611374407582936
9 0.6526066350710901 0.5815165876777251 0.058767772511848344 0.05781990521327014
9 0.6720379146919432 0.6208530805687204 0.05971563981042654 0.05781990521327014
9 0.9146919431279621 0.6317535545023697 0.05971563981042654 0.05781990521327014
9 0.8791469194312796 0.6654028436018957 0.061611374407582936 0.05971563981042654
3 0.9345971563981043 0.5758293838862559 0.04170616113744076 0.04549763033175355
1 0.8488151658767773 0.6981042654028436 0.04928909952606635 0.054976303317535544
1 0.6924170616113744 0.6644549763033175 0.05687203791469194 0.05781990521327014
6 0.8118483412322275 0.7090047393364929 0.04834123222748815 0.054976303317535544
6 0.7781990521327015 0.7080568720379147 0.04170616113744076 0.05402843601895735
6 0.74739336492891 0.7009478672985782 0.04265402843601896 0.05023696682464455
6 0.7170616113744076 0.6867298578199053 0.04739336492890995 0.05402843601895735
8 0.6407582938388625 0.5279620853080569 0.06540284360189573 0.06350710900473934