8 0.5838862559241706 0.4199052132701422 0.08720379146919431 0.09289099526066351
2 0.45876777251184836 0.38436018957345974 0.03886255924170616 0.06350710900473934
3 0.4151658767772512 0.3876777251184834 0.035071090047393366 0.03601895734597156
1 0.35687203791469196 0.3687203791469194 0.06255924170616113 0.07203791469194312
1 0.24549763033175356 0.542654028436019 0.07393364928909953 0.03317535545023697
6 0.2985781990521327 0.3701421800947867 0.061611374407582936 0.06919431279620854
6 0.25781990521327014 0.3971563981042654 0.08341232227488152 0.07014218009478673
6 0.23175355450236967 0.44549763033175355 0.08530805687203792 0.08056872037914692
6 0.22985781990521326 0.5056872037914691 0.06350710900473934 0.05402843601895735
3 0.8042654028436019 0.07962085308056872 0.043601895734597156 0.04549763033175355
3 0.8312796208530806 0.13838862559241707 0.04075829383886256 0.04265402843601896
4 0.8649289099526066 0.17677725118483412 0.03696682464454976 0.03886255924170616
9 0.8734597156398104 0.22938388625592418 0.06350710900473934 0.05687203791469194
1 0.8985781990521327 0.26540284360189575 0.04739336492890995 0.04834123222748815
6 0.9909952606635071 0.3004739336492891 0.01800947867298578 0.04739336492890995
6 0.966824644549763 0.2962085308056872 0.04834123222748815 0.04265402843601896
6 0.9270142180094787 0.285781990521327 0.043601895734597156 0.04834123222748815
8 0.25971563981042656 0.747867298578199 0.07677725118483412 0.07298578199052133
3 0.3232227488151659 0.7606635071090048 0.03696682464454976 0.037914691943127965
9 0.3753554502369668 0.7800947867298578 0.05118483412322275 0.05781990521327014
2 0.476303317535545 0.5744075829383887 0.04265402843601896 0.03033175355450237
2 0.500473933649289 0.6014218009478673 0.052132701421800945 0.04265402843601896
9 0.41184834123222747 0.8014218009478673 0.05118483412322275 0.05687203791469194
1 0.5146919431279621 0.6426540284360189 0.05023696682464455 0.05308056872037915
1 0.44075829383886256 0.771090047393365 0.05118483412322275 0.05402843601895735
6 0.524170616113744 0.6838862559241706 0.054976303317535544 0.05118483412322275
6 0.5184834123222749 0.7080568720379147 0.055924170616113746 0.05402843601895735
6 0.4981042654028436 0.7454976303317535 0.05687203791469194 0.04834123222748815
6 0.47962085308056873 0.7663507109004739 0.05781990521327014 0.05118483412322275
9 0.7388625592417062 0.8781990521327014 0.058767772511848344 0.05402843601895735
9 0.7578199052132701 0.8312796208530806 0.05687203791469194 0.04928909952606635
9 0.9881516587677726 0.8236966824644549 0.023696682464454975 0.05118483412322275
9 0.9739336492890995 0.7919431279620853 0.052132701421800945 0.04834123222748815
1 0.9454976303317536 0.7601895734597156 0.05023696682464455 0.052132701421800945
1 0.7758293838862559 0.7805687203791469 0.05687203791469194 0.05308056872037915
6 0.8848341232227488 0.7374407582938388 0.05023696682464455 0.05971563981042654
6 0.8308056872037914 0.7454976303317535 0.04834123222748815 0.06635071090047394
6 0.795260663507109 0.7492890995260664 0.03981042654028436 0.035071090047393366
6 0.9274881516587677 0.7364928909952607 0.03696682464454976 0.046445497630331754