8 0.24739336492890995 0.04407582938388625 0.0909952606635071 0.0881516587677725
8 0.24976303317535545 0.1066350710900474 0.0909952606635071 0.0909952606635071
9 0.24170616113744076 0.16587677725118483 0.07677725118483412 0.06824644549763033
9 0.22701421800947869 0.20853080568720378 0.08530805687203792 0.07298578199052133
9 0.024644549763033177 0.25450236966824646 0.04928909952606635 0.08625592417061612
1 0.04834123222748815 0.2834123222748815 0.06255924170616113 0.08151658767772511
1 0.2009478672985782 0.24881516587677724 0.08530805687203792 0.08056872037914692
6 0.08862559241706161 0.2976303317535545 0.054976303317535544 0.07962085308056872
6 0.12274881516587678 0.2966824644549763 0.055924170616113746 0.08056872037914692
6 0.15402843601895735 0.295260663507109 0.055924170616113746 0.07014218009478673
6 0.1819905213270142 0.2862559241706161 0.061611374407582936 0.06350710900473934
3 0.985781990521327 0.24407582938388625 0.02843601895734597 0.046445497630331754
8 0.9473933649289099 0.1928909952606635 0.08720379146919431 0.0985781990521327
9 0.8672985781990521 0.14075829383886257 0.07203791469194312 0.08151658767772511
1 0.819431279620853 0.12180094786729857 0.06919431279620854 0.07962085308056872
6 0.7682464454976303 0.12274881516587678 0.07677725118483412 0.07772511848341232
6 0.718957345971564 0.13222748815165877 0.08909952606635071 0.08720379146919431
6 0.6772511848341233 0.16587677725118483 0.06824644549763033 0.06540284360189573
8 0.04976303317535545 0.6355450236966824 0.08625592417061612 0.07109004739336493
9 0.33696682464454975 0.614218009478673 0.06729857819905213 0.02843601895734597
8 0.34454976303317536 0.6454976303317536 0.08625592417061612 0.08720379146919431
9 0.06682464454976303 0.6085308056872037 0.06919431279620854 0.017061611374407582
3 0.5483412322274882 0.9834123222748815 0.04454976303317536 0.03317535545023697
4 0.5848341232227489 0.9625592417061611 0.04265402843601896 0.04170616113744076
4 0.6218009478672986 0.9454976303317536 0.04170616113744076 0.04549763033175355
1 0.6554502369668247 0.9151658767772511 0.06824644549763033 0.07109004739336493
1 0.8241706161137441 0.985781990521327 0.07109004739336493 0.02843601895734597
6 0.6981042654028436 0.9018957345971564 0.06729857819905213 0.07867298578199051
6 0.7516587677725118 0.9 0.07203791469194312 0.08436018957345971
6 0.7976303317535545 0.9255924170616113 0.07203791469194312 0.08246445497630332
6 0.8170616113744076 0.9606635071090047 0.07014218009478673 0.06729857819905213