8 0.23838862559241705 0.03459715639810427 0.08246445497630332 0.06919431279620854
8 0.24928909952606634 0.0909952606635071 0.08246445497630332 0.08246445497630332
9 0.24976303317535545 0.15071090047393365 0.07109004739336493 0.06066350710900474
9 0.24123222748815165 0.195260663507109 0.07867298578199051 0.06445497630331753
9 0.014218009478672985 0.25308056872037915 0.02843601895734597 0.07014218009478673
9 0.03601895734597156 0.27061611374407585 0.06445497630331753 0.07962085308056872
1 0.07440758293838863 0.2938388625592417 0.05402843601895735 0.07677725118483412
1 0.22085308056872038 0.23886255924170616 0.07772511848341232 0.07203791469194312
6 0.11658767772511848 0.3023696682464455 0.046445497630331754 0.07582938388625593
6 0.14976303317535544 0.2966824644549763 0.04739336492890995 0.07582938388625593
6 0.18056872037914692 0.2914691943127962 0.04834123222748815 0.06635071090047394
6 0.2071090047393365 0.2786729857819905 0.055924170616113746 0.05687203791469194
8 0.37772511848341234 0.5748815165876777 0.016113744075829384 0.05781990521327014
8 0.3909952606635071 0.5184834123222749 0.04265402843601896 0.08341232227488152
8 0.7739336492890996 0.6009478672985782 0.07109004739336493 0.017061611374407582
8 0.762085308056872 0.5672985781990522 0.07582938388625593 0.08341232227488152
9 0.7563981042654029 0.5033175355450237 0.06824644549763033 0.061611374407582936
9 0.7426540284360189 0.4545023696682464 0.07109004739336493 0.07488151658767772
9 0.3995260663507109 0.4654028436018957 0.05971563981042654 0.07203791469194312
9 0.4203791469194313 0.4184834123222749 0.07014218009478673 0.06635071090047394
1 0.7199052132701422 0.3957345971563981 0.07393364928909953 0.07582938388625593
1 0.45687203791469194 0.3635071090047393 0.07393364928909953 0.07582938388625593
8 0.34834123222748814 0.8909952606635071 0.04265402843601896 0.07772511848341232
8 0.3061611374407583 0.8919431279620853 0.07109004739336493 0.07393364928909953
9 0.25165876777251184 0.8900473933649289 0.058767772511848344 0.07393364928909953
9 0.2042654028436019 0.8805687203791469 0.05308056872037915 0.061611374407582936
1 0.16161137440758294 0.8696682464454977 0.04834123222748815 0.058767772511848344
2 0.46303317535545024 0.7568720379146919 0.07488151658767772 0.06255924170616113
3 0.466824644549763 0.6976303317535545 0.052132701421800945 0.04834123222748815
9 0.4886255924170616 0.6421800947867299 0.07582938388625593 0.05781990521327014
9 0.5066350710900474 0.6184834123222749 0.07109004739336493 0.01800947867298578