8 0.1990521327014218 0.25071090047393363 0.07677725118483412 0.08436018957345971
8 0.14786729857819905 0.22701421800947869 0.08625592417061612 0.0947867298578199
9 0.10758293838862559 0.1995260663507109 0.061611374407582936 0.07393364928909953
9 0.07109004739336493 0.16966824644549763 0.06729857819905213 0.08151658767772511
1 0.03175355450236967 0.13554502369668248 0.061611374407582936 0.06445497630331753
6 0.0071090047393364926 0.12606635071090047 0.014218009478672985 0.054976303317535544
9 0.8867298578199052 0.009478672985781991 0.055924170616113746 0.018957345971563982
1 0.8796208530805687 0.035545023696682464 0.06729857819905213 0.06350710900473934
6 0.8890995260663507 0.07630331753554502 0.04739336492890995 0.04739336492890995
6 0.9151658767772511 0.1037914691943128 0.046445497630331754 0.054976303317535544
6 0.9450236966824644 0.11895734597156397 0.04454976303317536 0.05402843601895735
6 0.9796208530805687 0.12417061611374408 0.04075829383886256 0.058767772511848344
3 0.5526066350710901 0.6360189573459716 0.013270142180094787 0.06635071090047394
1 0.5345971563981042 0.7056872037914692 0.04928909952606635 0.0881516587677725
6 0.5123222748815166 0.7317535545023697 0.054976303317535544 0.07203791469194312
6 0.45924170616113746 0.7497630331753554 0.07772511848341232 0.09004739336492891
6 0.3943127962085308 0.752132701421801 0.08056872037914692 0.08436018957345971
1 0.3042654028436019 0.7033175355450237 0.07014218009478673 0.09194312796208531
9 0.24312796208530807 0.6090047393364929 0.08436018957345971 0.08056872037914692
2 0.34786729857819904 0.7208530805687203 0.05023696682464455 0.06255924170616113
3 0.6118483412322275 0.7867298578199052 0.05118483412322275 0.05781990521327014
3 0.9777251184834124 0.8303317535545024 0.04454976303317536 0.054976303317535544
8 0.6289099526066351 0.876303317535545 0.0938388625592417 0.0985781990521327
8 0.9587677725118483 0.9004739336492891 0.08246445497630332 0.08909952606635071
9 0.6601895734597156 0.9345971563981043 0.07677725118483412 0.06635071090047394
9 0.6758293838862559 0.9720379146919431 0.07582938388625593 0.055924170616113746
9 0.9402843601895735 0.9535545023696682 0.07867298578199051 0.07582938388625593
9 0.9180094786729858 0.9872037914691943 0.061611374407582936 0.025592417061611375