6 0.38957345971563984 0.2995260663507109 0.06066350710900474 0.06919431279620854
6 0.44028436018957345 0.3109004739336493 0.07582938388625593 0.07677725118483412
6 0.490521327014218 0.32701421800947866 0.07203791469194312 0.08341232227488152
6 0.509478672985782 0.37156398104265403 0.06824644549763033 0.06919431279620854
1 0.5156398104265403 0.418957345971564 0.06824644549763033 0.07772511848341232
9 0.5109004739336492 0.46350710900473935 0.07772511848341232 0.06824644549763033
9 0.5066350710900474 0.5104265402843602 0.07867298578199051 0.06729857819905213
8 0.4928909952606635 0.5616113744075829 0.1033175355450237 0.0909952606635071
8 0.46919431279620855 0.609478672985782 0.1004739336492891 0.06066350710900474
1 0.3407582938388626 0.2995260663507109 0.06824644549763033 0.07393364928909953
2 0.1909952606635071 0.3957345971563981 0.08246445497630332 0.08625592417061612
2 0.23364928909952606 0.36018957345971564 0.07393364928909953 0.08151658767772511
2 0.3004739336492891 0.3246445497630332 0.05971563981042654 0.06350710900473934
9 0.671090047393365 0.5535545023696683 0.06540284360189573 0.07014218009478673
9 0.6796208530805687 0.5061611374407583 0.06445497630331753 0.06919431279620854
6 0.5587677725118484 0.3862559241706161 0.01800947867298578 0.052132701421800945
6 0.580568720379147 0.3957345971563981 0.05118483412322275 0.06066350710900474
6 0.6232227488151659 0.4090047393364929 0.05118483412322275 0.052132701421800945
6 0.6511848341232227 0.43838862559241704 0.04928909952606635 0.058767772511848344
1 0.6881516587677725 0.45071090047393364 0.04549763033175355 0.055924170616113746
3 0.2890995260663507 0.7345971563981043 0.046445497630331754 0.05023696682464455
4 0.2985781990521327 0.6781990521327014 0.03886255924170616 0.03886255924170616
9 0.5767772511848341 0.9635071090047393 0.05402843601895735 0.07298578199052133
1 0.6170616113744076 0.9630331753554502 0.06635071090047394 0.07203791469194312
6 0.6521327014218009 0.9772511848341232 0.06066350710900474 0.04549763033175355
6 0.6867298578199053 0.9853080568720379 0.07298578199052133 0.029383886255924172