8 0.16729857819905214 0.35639810426540286 0.0909952606635071 0.0938388625592417
8 0.21374407582938387 0.4075829383886256 0.07962085308056872 0.08246445497630332
9 0.24739336492890995 0.45213270142180095 0.06445497630331753 0.06540284360189573
1 0.2862559241706161 0.4815165876777251 0.05402843601895735 0.06066350710900474
6 0.32606635071090045 0.4890995260663507 0.055924170616113746 0.05781990521327014
6 0.36113744075829385 0.4824644549763033 0.04928909952606635 0.05781990521327014
6 0.390521327014218 0.471563981042654 0.055924170616113746 0.054976303317535544
6 0.42322274881516586 0.45118483412322274 0.05308056872037915 0.054976303317535544
1 0.442654028436019 0.4184834123222749 0.05971563981042654 0.061611374407582936
9 0.45876777251184836 0.3696682464454976 0.06540284360189573 0.06445497630331753
8 0.45071090047393364 0.31469194312796206 0.07677725118483412 0.07488151658767772
8 0.46303317535545024 0.24644549763033174 0.0995260663507109 0.0976303317535545
8 0.45355450236966827 0.1843601895734597 0.08530805687203792 0.06824644549763033
3 0.7440758293838863 0.5246445497630332 0.04739336492890995 0.04549763033175355
9 0.9890995260663508 0.44549763033175355 0.021800947867298578 0.06635071090047394
9 0.9720379146919431 0.409478672985782 0.055924170616113746 0.06824644549763033
1 0.9597156398104265 0.36635071090047394 0.06824644549763033 0.07109004739336493
6 0.9289099526066351 0.33649289099526064 0.06635071090047394 0.06824644549763033
6 0.8341232227488151 0.33744075829383885 0.06540284360189573 0.06445497630331753
6 0.8052132701421801 0.36824644549763036 0.05687203791469194 0.05687203791469194
1 0.7677725118483413 0.3924170616113744 0.07203791469194312 0.07393364928909953
9 0.7587677725118483 0.44360189573459713 0.08151658767772511 0.07298578199052133
9 0.7507109004739336 0.4829383886255924 0.07582938388625593 0.07014218009478673
9 0.2156398104265403 0.6014218009478673 0.08056872037914692 0.04454976303317536
8 0.23175355450236967 0.6535545023696683 0.1061611374407583 0.10426540284360189
8 0.26398104265402844 0.7137440758293839 0.0947867298578199 0.0976303317535545
3 0.8398104265402844 0.671563981042654 0.05308056872037915 0.04928909952606635
3 0.7796208530805687 0.671090047393365 0.05308056872037915 0.052132701421800945
9 0.7199052132701422 0.6407582938388625 0.061611374407582936 0.07203791469194312
9 0.6758293838862559 0.6488151658767772 0.06255924170616113 0.07203791469194312
1 0.6279620853080569 0.6563981042654028 0.06635071090047394 0.06919431279620854
6 0.5843601895734597 0.6734597156398104 0.06066350710900474 0.06445497630331753
6 0.5535545023696683 0.6990521327014217 0.06824644549763033 0.07109004739336493