6 0.01042654028436019 0.25829383886255924 0.02085308056872038 0.061611374407582936
1 0.03317535545023697 0.26303317535545023 0.061611374407582936 0.08246445497630332
9 0.07393364928909953 0.2672985781990521 0.06066350710900474 0.07109004739336493
9 0.11327014218009479 0.24691943127962085 0.06255924170616113 0.06824644549763033
8 0.16540284360189572 0.22796208530805687 0.08909952606635071 0.0909952606635071
8 0.22464454976303316 0.1895734597156398 0.0881516587677725 0.0938388625592417
8 0.6123222748815166 0.32654028436018956 0.0909952606635071 0.0947867298578199
8 0.8805687203791469 0.5345971563981042 0.09289099526066351 0.07962085308056872
8 0.904739336492891 0.4758293838862559 0.09573459715639811 0.0881516587677725
8 0.6635071090047393 0.2914691943127962 0.0985781990521327 0.1004739336492891
9 0.70521327014218 0.25213270142180094 0.06919431279620854 0.07582938388625593
9 0.7459715639810427 0.23601895734597156 0.07393364928909953 0.07582938388625593
9 0.9270142180094787 0.4251184834123223 0.07488151658767772 0.06255924170616113
9 0.9327014218009478 0.3800947867298578 0.07772511848341232 0.06729857819905213
1 0.9440758293838862 0.33317535545023697 0.07393364928909953 0.06919431279620854
1 0.7881516587677725 0.2099526066350711 0.06635071090047394 0.07677725118483412
6 0.8322274881516588 0.2033175355450237 0.06066350710900474 0.07582938388625593
6 0.8815165876777251 0.21706161137440758 0.07772511848341232 0.08151658767772511
6 0.9232227488151659 0.24976303317535545 0.07488151658767772 0.08056872037914692
6 0.9459715639810427 0.2881516587677725 0.07014218009478673 0.07014218009478673
8 0.21706161137440758 0.8805687203791469 0.0909952606635071 0.0976303317535545
8 0.2786729857819905 0.9071090047393365 0.08246445497630332 0.0938388625592417
9 0.32654028436018956 0.9298578199052133 0.06350710900473934 0.0881516587677725
9 0.37156398104265403 0.9502369668246445 0.06540284360189573 0.07677725118483412
1 0.3995260663507109 0.9691943127962085 0.01990521327014218 0.061611374407582936
3 0.6398104265402843 0.614691943127962 0.04549763033175355 0.01042654028436019
8 0.6938388625592417 0.6431279620853081 0.0909952606635071 0.06729857819905213
9 0.7407582938388626 0.6582938388625592 0.05971563981042654 0.06445497630331753
9 0.785781990521327 0.6696682464454976 0.06066350710900474 0.06635071090047394
1 0.828436018957346 0.6796208530805687 0.05402843601895735 0.05687203791469194
6 0.8644549763033176 0.6739336492890995 0.054976303317535544 0.04739336492890995
6 0.8943127962085308 0.6545023696682465 0.058767772511848344 0.04549763033175355