1 0.02227488151658768 0.3061611374407583 0.04454976303317536 0.06824644549763033
6 0.05781990521327014 0.3080568720379147 0.05023696682464455 0.06635071090047394
6 0.0985781990521327 0.3033175355450237 0.052132701421800945 0.061611374407582936
6 0.14739336492890995 0.3071090047393365 0.06066350710900474 0.06729857819905213
6 0.1876777251184834 0.32085308056872036 0.05118483412322275 0.06066350710900474
9 0.013744075829383886 0.33127962085308055 0.027488151658767772 0.06540284360189573
1 0.22274881516587677 0.33175355450236965 0.046445497630331754 0.06445497630331753
9 0.24644549763033174 0.35118483412322277 0.04549763033175355 0.058767772511848344
9 0.6890995260663507 0.006635071090047393 0.04739336492890995 0.013270142180094787
9 0.7033175355450237 0.00995260663507109 0.037914691943127965 0.01990521327014218
6 0.34928909952606635 0.7360189573459716 0.04075829383886256 0.061611374407582936
6 0.3132701421800948 0.7402843601895734 0.04739336492890995 0.06350710900473934
1 0.2777251184834123 0.7232227488151659 0.055924170616113746 0.06824644549763033
9 0.24123222748815165 0.6947867298578199 0.061611374407582936 0.06445497630331753
9 0.2132701421800948 0.6587677725118484 0.06445497630331753 0.06635071090047394
8 0.17819905213270143 0.6099526066350711 0.08151658767772511 0.08625592417061612
8 0.13601895734597155 0.5497630331753555 0.08909952606635071 0.08909952606635071
4 0.7597156398104266 0.5350710900473934 0.05971563981042654 0.06919431279620854
8 0.685781990521327 0.4957345971563981 0.0976303317535545 0.07203791469194312
9 0.8265402843601896 0.5507109004739337 0.06540284360189573 0.07109004739336493
9 0.8767772511848341 0.566350710900474 0.05781990521327014 0.07014218009478673
1 0.9298578199052133 0.5767772511848341 0.06540284360189573 0.06255924170616113
6 0.9654028436018958 0.5635071090047393 0.06919431279620854 0.061611374407582936
6 0.9838862559241706 0.5364928909952607 0.03222748815165877 0.06445497630331753