6 0.005213270142180095 0.4815165876777251 0.01042654028436019 0.05118483412322275
6 0.03033175355450237 0.4829383886255924 0.04454976303317536 0.054976303317535544
1 0.07914691943127962 0.4781990521327014 0.05402843601895735 0.05687203791469194
4 0.11090047393364928 0.45639810426540284 0.035071090047393366 0.029383886255924172
2 0.16445497630331754 0.41184834123222747 0.06919431279620854 0.06255924170616113
2 0.2066350710900474 0.35924170616113743 0.07203791469194312 0.06729857819905213
4 0.8924170616113745 0.33222748815165876 0.04739336492890995 0.046445497630331754
5 0.8872037914691943 0.38909952606635073 0.04928909952606635 0.05118483412322275
9 0.8791469194312796 0.4601895734597156 0.07488151658767772 0.07393364928909953
1 0.8582938388625593 0.5180094786729857 0.07772511848341232 0.07488151658767772
6 0.8298578199052132 0.5630331753554503 0.07014218009478673 0.06445497630331753
6 0.7909952606635071 0.5848341232227489 0.06350710900473934 0.06540284360189573
6 0.7393364928909952 0.5928909952606635 0.061611374407582936 0.07109004739336493
6 0.6886255924170616 0.5853080568720379 0.06729857819905213 0.07109004739336493
1 0.6436018957345971 0.5606635071090047 0.06635071090047394 0.07393364928909953
9 0.6 0.5156398104265403 0.07393364928909953 0.07393364928909953
8 0.5578199052132702 0.45592417061611373 0.09194312796208531 0.0909952606635071
8 0.5265402843601896 0.3985781990521327 0.06255924170616113 0.07014218009478673
8 0.08388625592417062 0.7516587677725118 0.08436018957345971 0.09004739336492891
8 0.2890995260663507 0.981042654028436 0.08151658767772511 0.037914691943127965
9 0.04312796208530806 0.8099526066350711 0.058767772511848344 0.05687203791469194
9 0.026540284360189573 0.8582938388625593 0.05308056872037915 0.055924170616113746
1 0.017535545023696683 0.9090047393364928 0.035071090047393366 0.05118483412322275
6 0.029383886255924172 0.981042654028436 0.04170616113744076 0.037914691943127965
6 0.02037914691943128 0.9554502369668246 0.04075829383886256 0.054976303317535544
8 0.7270142180094786 0.752132701421801 0.08246445497630332 0.08246445497630332
8 0.6502369668246446 0.7753554502369668 0.08530805687203792 0.08625592417061612
9 0.5824644549763033 0.7848341232227488 0.06255924170616113 0.061611374407582936
9 0.5312796208530806 0.7734597156398104 0.055924170616113746 0.06445497630331753
1 0.4824644549763033 0.7644549763033175 0.05687203791469194 0.052132701421800945
6 0.45260663507109006 0.7469194312796209 0.06350710900473934 0.05687203791469194
6 0.42985781990521327 0.7132701421800948 0.06066350710900474 0.04454976303317536