8 0.014691943127962086 0.03459715639810427 0.029383886255924172 0.06919431279620854
8 0.02132701421800948 0.1018957345971564 0.04265402843601896 0.08436018957345971
9 0.02085308056872038 0.16540284360189572 0.04170616113744076 0.05402843601895735
9 0.023222748815165877 0.21374407582938387 0.046445497630331754 0.055924170616113746
1 0.05260663507109005 0.24312796208530807 0.05402843601895735 0.06066350710900474
6 0.0881516587677725 0.26066350710900477 0.04549763033175355 0.06066350710900474
6 0.11611374407582939 0.27630331753554505 0.04170616113744076 0.054976303317535544
6 0.15023696682464455 0.2729857819905213 0.03981042654028436 0.05402843601895735
6 0.1848341232227488 0.2611374407582938 0.04739336492890995 0.05402843601895735
1 0.22654028436018958 0.24597156398104264 0.05023696682464455 0.05971563981042654
9 0.25781990521327014 0.22037914691943128 0.05402843601895735 0.05687203791469194
9 0.27061611374407585 0.17251184834123223 0.06066350710900474 0.058767772511848344
8 0.2962085308056872 0.11374407582938388 0.08341232227488152 0.0881516587677725
8 0.3246445497630332 0.04312796208530806 0.09004739336492891 0.08625592417061612
8 0.8990521327014218 0.25355450236966826 0.07867298578199051 0.08720379146919431
8 0.5672985781990522 0.2838862559241706 0.07582938388625593 0.08341232227488152
9 0.5971563981042654 0.3412322274881517 0.04928909952606635 0.054976303317535544
9 0.885781990521327 0.3161137440758294 0.054976303317535544 0.05308056872037915
9 0.8635071090047394 0.3582938388625592 0.04834123222748815 0.04549763033175355
9 0.6227488151658768 0.3800947867298578 0.04454976303317536 0.046445497630331754
1 0.828436018957346 0.3876777251184834 0.04739336492890995 0.05308056872037915
6 0.7928909952606635 0.4127962085308057 0.03981042654028436 0.054976303317535544
6 0.761611374407583 0.43412322274881515 0.04549763033175355 0.07393364928909953
0 0.7355450236966825 0.4208530805687204 0.025592417061611375 0.03222748815165877
6 0.6933649289099526 0.4218009478672986 0.05118483412322275 0.054976303317535544
1 0.6549763033175355 0.4085308056872038 0.05118483412322275 0.05687203791469194
8 0.25071090047393363 0.633175355450237 0.08341232227488152 0.08151658767772511
8 0.1966824644549763 0.6085308056872037 0.07867298578199051 0.037914691943127965
2 0.6909952606635071 0.7241706161137441 0.055924170616113746 0.05023696682464455
4 0.5090047393364929 0.6824644549763034 0.03981042654028436 0.037914691943127965
4 0.6317535545023697 0.6981042654028436 0.03601895734597156 0.03601895734597156
3 0.6962085308056872 0.7777251184834123 0.04265402843601896 0.04170616113744076
3 0.7056872037914692 0.8208530805687204 0.034123222748815164 0.02843601895734597