0 0.46398104265402845 0.23080568720379147 0.04265402843601896 0.06635071090047394
0 0.581042654028436 0.2075829383886256 0.03886255924170616 0.05402843601895735
0 0.633175355450237 0.24075829383886255 0.013270142180094787 0.07203791469194312
8 0.36682464454976305 0.4052132701421801 0.07867298578199051 0.08720379146919431
8 0.3824644549763033 0.3341232227488152 0.08720379146919431 0.08625592417061612
9 0.3990521327014218 0.2800947867298578 0.07488151658767772 0.06350710900473934
9 0.4208530805687204 0.24123222748815165 0.06824644549763033 0.07014218009478673
9 0.8573459715639811 0.542654028436019 0.058767772511848344 0.055924170616113746
9 0.8639810426540284 0.500473933649289 0.061611374407582936 0.06066350710900474
1 0.8933649289099526 0.46919431279620855 0.05308056872037915 0.054976303317535544
6 0.9218009478672986 0.45118483412322274 0.046445497630331754 0.046445497630331754
6 0.9601895734597157 0.44502369668246444 0.043601895734597156 0.043601895734597156
6 0.9867298578199052 0.44644549763033176 0.026540284360189573 0.043601895734597156
3 0.6018957345971564 0.7663507109004739 0.04928909952606635 0.04739336492890995
8 0.2781990521327014 0.7497630331753554 0.08056872037914692 0.02085308056872038
8 0.25876777251184835 0.7834123222748816 0.07962085308056872 0.07772511848341232
1 0.8383886255924171 0.809478672985782 0.05402843601895735 0.055924170616113746
1 0.6492890995260664 0.8170616113744076 0.018957345971563982 0.054976303317535544
6 0.8109004739336493 0.833175355450237 0.04739336492890995 0.04265402843601896
6 0.7687203791469195 0.8469194312796209 0.061611374407582936 0.05781990521327014
6 0.7165876777251184 0.8587677725118483 0.055924170616113746 0.035071090047393366
6 0.6696682464454976 0.8393364928909952 0.04928909952606635 0.05402843601895735