8 0.262085308056872 0.04123222748815166 0.08246445497630332 0.08246445497630332
8 0.3289099526066351 0.04028436018957346 0.08909952606635071 0.08056872037914692
9 0.38436018957345974 0.03175355450236967 0.061611374407582936 0.06350710900473934
9 0.42796208530805685 0.032701421800947865 0.06919431279620854 0.06540284360189573
1 0.45687203791469194 0.02985781990521327 0.024644549763033177 0.05971563981042654
3 0.48056872037914694 0.017535545023696683 0.022748815165876776 0.035071090047393366
8 0.7611374407582938 0.02985781990521327 0.06635071090047394 0.05971563981042654
3 0.14976303317535544 0.5620853080568721 0.04928909952606635 0.054976303317535544
8 0.08436018957345971 0.5687203791469194 0.09194312796208531 0.09289099526066351
9 0.026066350710900472 0.566824644549763 0.052132701421800945 0.07203791469194312
2 0.7582938388625592 0.557345971563981 0.09004739336492891 0.08909952606635071
9 0.9715639810426541 0.7592417061611374 0.05687203791469194 0.07772511848341232
1 0.9374407582938389 0.7933649289099526 0.06540284360189573 0.07109004739336493
9 0.7568720379146919 0.6132701421800948 0.06919431279620854 0.06919431279620854
9 0.7554502369668247 0.6677725118483412 0.07014218009478673 0.07109004739336493
6 0.890521327014218 0.7962085308056872 0.06066350710900474 0.05971563981042654
6 0.8511848341232228 0.795734597156398 0.05308056872037915 0.05781990521327014
6 0.8184834123222748 0.7791469194312797 0.04928909952606635 0.05118483412322275
6 0.7876777251184834 0.7535545023696683 0.058767772511848344 0.06066350710900474
1 0.7677725118483413 0.7208530805687203 0.06635071090047394 0.06635071090047394
7 0.7635071090047393 0.48104265402843605 0.08341232227488152 0.08436018957345971