8 0.13364928909952606 0.07725118483412323 0.0947867298578199 0.1004739336492891
8 0.14454976303317535 0.15781990521327013 0.08909952606635071 0.09004739336492891
9 0.15023696682464455 0.22180094786729856 0.06540284360189573 0.05781990521327014
9 0.15497630331753554 0.27109004739336495 0.058767772511848344 0.05971563981042654
1 0.18625592417061612 0.2995260663507109 0.05781990521327014 0.06066350710900474
6 0.22037914691943128 0.30995260663507107 0.05023696682464455 0.03981042654028436
6 0.24644549763033174 0.31990521327014215 0.04549763033175355 0.01990521327014218
6 0.28151658767772514 0.31990521327014215 0.043601895734597156 0.01990521327014218
6 0.3161137440758294 0.31516587677725116 0.05023696682464455 0.029383886255924172
1 0.35971563981042654 0.3075829383886256 0.05402843601895735 0.04454976303317536
9 0.3924170616113744 0.2933649289099526 0.05781990521327014 0.06066350710900474
9 0.4090047393364929 0.24644549763033174 0.06445497630331753 0.06255924170616113
8 0.437914691943128 0.1900473933649289 0.08909952606635071 0.0938388625592417
8 0.4720379146919431 0.11800947867298578 0.0966824644549763 0.0985781990521327
3 0.814218009478673 0.018957345971563982 0.043601895734597156 0.037914691943127965
3 0.8649289099526066 0.0071090047393364926 0.04265402843601896 0.014218009478672985
9 0.9241706161137441 0.007582938388625593 0.058767772511848344 0.015165876777251185
9 0.9672985781990522 0.0071090047393364926 0.055924170616113746 0.014218009478672985
3 0.2099526066350711 0.5170616113744075 0.06066350710900474 0.058767772511848344
8 0.2156398104265403 0.6137440758293838 0.10995260663507109 0.1061611374407583
9 0.2213270142180095 0.6886255924170616 0.0881516587677725 0.07393364928909953
9 0.24075829383886255 0.7436018957345971 0.08720379146919431 0.07962085308056872
8 0.6194312796208531 0.6071090047393365 0.08056872037914692 0.08625592417061612
8 0.5990521327014218 0.6772511848341233 0.1080568720379147 0.11090047393364928
9 0.566350710900474 0.7421800947867299 0.09004739336492891 0.08246445497630332
9 0.5246445497630332 0.7909952606635071 0.08151658767772511 0.08151658767772511
1 0.4957345971563981 0.8417061611374408 0.07203791469194312 0.07393364928909953
6 0.4483412322274882 0.8663507109004739 0.06445497630331753 0.08341232227488152
6 0.390521327014218 0.8829383886255924 0.07677725118483412 0.07962085308056872
6 0.32654028436018956 0.8753554502369668 0.06729857819905213 0.08436018957345971
6 0.2838862559241706 0.8502369668246446 0.06445497630331753 0.07772511848341232
1 0.2559241706161137 0.8066350710900474 0.06919431279620854 0.07298578199052133
8 0.7241706161137441 0.5118483412322274 0.07488151658767772 0.08056872037914692
8 0.6985781990521327 0.5767772511848341 0.07772511848341232 0.08246445497630332
9 0.6838862559241706 0.6298578199052133 0.04834123222748815 0.06350710900473934
1 0.6677725118483412 0.6744075829383887 0.016113744075829384 0.05402843601895735