9 0.32701421800947866 0.24454976303317535 0.024644549763033177 0.07962085308056872
9 0.318957345971564 0.2909952606635071 0.04075829383886256 0.06824644549763033
1 0.3123222748815166 0.33364928909952607 0.05402843601895735 0.06824644549763033
6 0.28056872037914693 0.36113744075829385 0.052132701421800945 0.04549763033175355
6 0.23270142180094786 0.3701421800947867 0.06255924170616113 0.055924170616113746
6 0.18056872037914692 0.36540284360189573 0.05687203791469194 0.05308056872037915
6 0.14691943127962084 0.34312796208530805 0.04834123222748815 0.04928909952606635
1 0.11848341232227488 0.3085308056872038 0.05118483412322275 0.054976303317535544
9 0.11232227488151658 0.2616113744075829 0.07014218009478673 0.05781990521327014
9 0.1061611374407583 0.2132701421800948 0.07867298578199051 0.058767772511848344
9 0.5843601895734597 0.006161137440758294 0.05402843601895735 0.012322274881516588
1 0.5417061611374407 0.005687203791469194 0.05023696682464455 0.011374407582938388
8 0.17535545023696683 0.7786729857819905 0.0995260663507109 0.09573459715639811
9 0.15545023696682464 0.7293838862559242 0.07867298578199051 0.06635071090047394
9 0.13317535545023695 0.6909952606635071 0.07393364928909953 0.05971563981042654
1 0.1061611374407583 0.6521327014218009 0.07488151658767772 0.07109004739336493
6 0.06919431279620854 0.6203791469194313 0.058767772511848344 0.06255924170616113
6 0.027014218009478674 0.609478672985782 0.05402843601895735 0.06824644549763033
1 0.7393364928909952 0.7194312796208531 0.06445497630331753 0.07488151658767772
6 0.7151658767772512 0.7113744075829384 0.04549763033175355 0.05971563981042654
6 0.6853080568720379 0.709478672985782 0.043601895734597156 0.054976303317535544
6 0.6492890995260664 0.7090047393364929 0.052132701421800945 0.06066350710900474
6 0.6080568720379147 0.7118483412322275 0.054976303317535544 0.06255924170616113
6 0.571563981042654 0.7165876777251184 0.04454976303317536 0.05687203791469194
6 0.5483412322274882 0.723696682464455 0.05402843601895735 0.06445497630331753
1 0.5165876777251185 0.7402843601895734 0.05687203791469194 0.06635071090047394
9 0.5066350710900474 0.7800947867298578 0.06255924170616113 0.07109004739336493
9 0.4867298578199052 0.8018957345971564 0.06729857819905213 0.07203791469194312