9 0.3071090047393365 0.18862559241706162 0.04549763033175355 0.058767772511848344
9 0.24786729857819906 0.012796208530805687 0.07488151658767772 0.025592417061611375
9 0.26066350710900477 0.1815165876777251 0.058767772511848344 0.06255924170616113
1 0.21516587677725119 0.01848341232227488 0.06255924170616113 0.03696682464454976
1 0.22180094786729856 0.15876777251184834 0.04834123222748815 0.05023696682464455
6 0.1976303317535545 0.03696682464454976 0.04739336492890995 0.03886255924170616
6 0.1872037914691943 0.07014218009478673 0.04075829383886256 0.035071090047393366
6 0.18909952606635072 0.1004739336492891 0.04454976303317536 0.03601895734597156
6 0.2 0.13317535545023695 0.046445497630331754 0.03981042654028436
8 0.7388625592417062 0.3028436018957346 0.08625592417061612 0.0938388625592417
4 0.6644549763033175 0.2611374407582938 0.05781990521327014 0.06919431279620854
9 0.5862559241706161 0.262085308056872 0.07488151658767772 0.07772511848341232
9 0.5284360189573459 0.26587677725118486 0.06445497630331753 0.07867298578199051
1 0.4772511848341232 0.2800947867298578 0.058767772511848344 0.07488151658767772
6 0.4085308056872038 0.31563981042654027 0.04739336492890995 0.03981042654028436
6 0.45165876777251185 0.32180094786729857 0.055924170616113746 0.061611374407582936
6 0.4308056872037915 0.35260663507109 0.06635071090047394 0.046445497630331754
6 0.4213270142180095 0.3767772511848341 0.08909952606635071 0.05308056872037915
9 0.03838862559241706 0.9720379146919431 0.07677725118483412 0.055924170616113746
9 0.055924170616113746 0.9312796208530806 0.07298578199052133 0.058767772511848344
9 0.3075829383886256 0.9606635071090047 0.04454976303317536 0.05971563981042654
1 0.07867298578199051 0.8848341232227488 0.055924170616113746 0.05402843601895735
1 0.2990521327014218 0.9127962085308057 0.054976303317535544 0.055924170616113746
6 0.12132701421800948 0.8582938388625593 0.05118483412322275 0.052132701421800945
6 0.16682464454976303 0.8502369668246446 0.055924170616113746 0.05687203791469194
6 0.22085308056872038 0.8559241706161137 0.06066350710900474 0.06445497630331753
6 0.2663507109004739 0.8791469194312796 0.052132701421800945 0.05781990521327014
3 0.9914691943127962 0.738388625592417 0.017061611374407582 0.06445497630331753
3 0.9502369668246445 0.8118483412322275 0.06066350710900474 0.06255924170616113
9 0.8895734597156398 0.8691943127962085 0.08720379146919431 0.08720379146919431
9 0.842654028436019 0.9161137440758294 0.0881516587677725 0.09004739336492891
8 0.5213270142180095 0.5748815165876777 0.12322274881516587 0.07109004739336493
8 0.518957345971564 0.6345971563981042 0.0976303317535545 0.08246445497630332
9 0.5170616113744075 0.70521327014218 0.0947867298578199 0.07677725118483412
9 0.524170616113744 0.7758293838862559 0.08436018957345971 0.08246445497630332
1 0.5450236966824644 0.8497630331753554 0.09289099526066351 0.09289099526066351
1 0.781042654028436 0.9483412322274881 0.07962085308056872 0.1014218009478673
6 0.7184834123222749 0.9592417061611375 0.07203791469194312 0.08151658767772511
6 0.6625592417061611 0.9530805687203792 0.06729857819905213 0.09004739336492891
6 0.6123222748815166 0.9322274881516588 0.07488151658767772 0.08246445497630332
6 0.5672985781990522 0.8962085308056872 0.07962085308056872 0.08530805687203792