8 0.17725118483412322 0.23933649289099526 0.06540284360189573 0.06540284360189573
8 0.21469194312796208 0.2663507109004739 0.07393364928909953 0.06824644549763033
9 0.25213270142180094 0.29241706161137443 0.07014218009478673 0.06635071090047394
9 0.290521327014218 0.3165876777251185 0.07014218009478673 0.07014218009478673
1 0.3293838862559242 0.33270142180094786 0.06445497630331753 0.06255924170616113
2 0.3696682464454976 0.3345971563981043 0.03601895734597156 0.035071090047393366
2 0.4009478672985782 0.32606635071090045 0.03222748815165877 0.03317535545023697
2 0.4260663507109005 0.3127962085308057 0.03317535545023697 0.03601895734597156
2 0.44786729857819907 0.2886255924170616 0.037914691943127965 0.03696682464454976
2 0.46398104265402845 0.25450236966824646 0.05118483412322275 0.04454976303317536
2 0.45734597156398105 0.2123222748815166 0.05687203791469194 0.04834123222748815
9 0.4431279620853081 0.16824644549763032 0.06919431279620854 0.06255924170616113
8 0.4317535545023697 0.11706161137440758 0.07677725118483412 0.07582938388625593
8 0.41800947867298577 0.06398104265402843 0.07203791469194312 0.06729857819905213
9 0.9341232227488152 0.4706161137440758 0.08436018957345971 0.08720379146919431
9 0.9511848341232227 0.4161137440758294 0.07677725118483412 0.07772511848341232
6 0.9881516587677726 0.34265402843601894 0.023696682464454975 0.07488151658767772
1 0.9691943127962085 0.3744075829383886 0.061611374407582936 0.08151658767772511
8 0.04265402843601896 0.7890995260663507 0.08530805687203792 0.0976303317535545
3 0.2990521327014218 0.723696682464455 0.043601895734597156 0.043601895734597156
4 0.304739336492891 0.771563981042654 0.04075829383886256 0.04075829383886256
6 0.16824644549763032 0.9151658767772511 0.055924170616113746 0.06445497630331753
6 0.21374407582938387 0.9142180094786729 0.07109004739336493 0.07772511848341232
6 0.26350710900473934 0.8919431279620853 0.07393364928909953 0.07962085308056872
6 0.2943127962085308 0.8592417061611375 0.058767772511848344 0.06350710900473934
1 0.3132701421800948 0.814218009478673 0.06445497630331753 0.06729857819905213
1 0.12559241706161137 0.9004739336492891 0.06445497630331753 0.06919431279620854
3 0.7421800947867299 0.7886255924170616 0.04928909952606635 0.04928909952606635
8 0.6734597156398104 0.7824644549763033 0.09289099526066351 0.08625592417061612
8 0.6080568720379147 0.7805687203791469 0.07677725118483412 0.1052132701421801
9 0.8 0.7630331753554502 0.07014218009478673 0.08246445497630332
6 0.8492890995260663 0.7402843601895734 0.06255924170616113 0.07582938388625593