3 0.11563981042654028 0.16303317535545023 0.04265402843601896 0.04170616113744076
3 0.12606635071090047 0.10284360189573459 0.03886255924170616 0.03886255924170616
3 0.13317535545023695 0.045023696682464455 0.03601895734597156 0.035071090047393366
9 0.15639810426540285 0.016113744075829384 0.06066350710900474 0.03222748815165877
9 0.35971563981042654 0.01990521327014218 0.05402843601895735 0.03981042654028436
8 0.3796208530805687 0.05639810426540284 0.06255924170616113 0.06445497630331753
8 0.4037914691943128 0.1023696682464455 0.055924170616113746 0.054976303317535544
8 0.7037914691943128 0.15213270142180094 0.10995260663507109 0.11848341232227488
8 0.6938388625592417 0.26540284360189575 0.10900473933649289 0.11469194312796209
9 0.6872037914691943 0.34928909952606635 0.07867298578199051 0.06729857819905213
9 0.6663507109004739 0.4071090047393365 0.07867298578199051 0.07393364928909953
1 0.64739336492891 0.44502369668246444 0.07203791469194312 0.04834123222748815
8 0.3009478672985782 0.6881516587677725 0.07867298578199051 0.07772511848341232
8 0.2919431279620853 0.7649289099526067 0.08341232227488152 0.08530805687203792
9 0.2563981042654028 0.8677725118483413 0.05402843601895735 0.05402843601895735
1 0.23364928909952606 0.9104265402843602 0.052132701421800945 0.05687203791469194
9 0.00995260663507109 0.8578199052132701 0.01990521327014218 0.054976303317535544
1 0.04739336492890995 0.919431279620853 0.05118483412322275 0.055924170616113746
6 0.1876777251184834 0.9398104265402843 0.04834123222748815 0.052132701421800945
6 0.16113744075829384 0.9549763033175356 0.04739336492890995 0.05308056872037915
6 0.11848341232227488 0.957345971563981 0.03981042654028436 0.05781990521327014
6 0.08720379146919431 0.9440758293838862 0.046445497630331754 0.05118483412322275
9 0.985781990521327 0.49146919431279623 0.02843601895734597 0.04454976303317536
9 0.9478672985781991 0.49146919431279623 0.054976303317535544 0.04454976303317536
1 0.8990521327014218 0.4909952606635071 0.061611374407582936 0.043601895734597156
6 0.8478672985781991 0.4966824644549763 0.06540284360189573 0.054976303317535544
6 0.8146919431279621 0.533175355450237 0.08436018957345971 0.06729857819905213