8 0.2890995260663507 0.16398104265402844 0.0909952606635071 0.0947867298578199
8 0.2990521327014218 0.24075829383886255 0.08530805687203792 0.09194312796208531
9 0.3175355450236967 0.3 0.06066350710900474 0.06066350710900474
9 0.34170616113744073 0.33933649289099527 0.05687203791469194 0.05971563981042654
1 0.3706161137440758 0.3796208530805687 0.058767772511848344 0.058767772511848344
6 0.390521327014218 0.4137440758293839 0.04739336492890995 0.04834123222748815
6 0.42227488151658765 0.4203791469194313 0.04265402843601896 0.03886255924170616
6 0.45592417061611373 0.4208530805687204 0.04549763033175355 0.037914691943127965
6 0.4900473933649289 0.41753554502369666 0.03981042654028436 0.04454976303317536
1 0.5018957345971564 0.3909952606635071 0.016113744075829384 0.05781990521327014
2 0.8123222748815165 0.12890995260663507 0.08909952606635071 0.07298578199052133
3 0.7834123222748816 0.07298578199052133 0.04454976303317536 0.04454976303317536
2 0.7691943127962085 0.03033175355450237 0.06919431279620854 0.05687203791469194
2 0.7511848341232228 0.008056872037914692 0.07488151658767772 0.016113744075829384
8 0.16872037914691942 0.604739336492891 0.08530805687203792 0.0985781990521327
9 0.11469194312796209 0.5966824644549763 0.058767772511848344 0.07867298578199051
9 0.07298578199052133 0.6056872037914692 0.06066350710900474 0.08056872037914692
1 0.030805687203791468 0.6165876777251185 0.061611374407582936 0.07488151658767772
6 0.007582938388625593 0.6289099526066351 0.015165876777251185 0.05781990521327014
8 0.7507109004739336 0.5625592417061611 0.08530805687203792 0.07867298578199051
8 0.9862559241706161 0.4981042654028436 0.027488151658767772 0.08436018957345971
9 0.7862559241706161 0.5966824644549763 0.06350710900473934 0.06350710900473934
9 0.8104265402843602 0.6327014218009479 0.05971563981042654 0.06255924170616113
1 0.842654028436019 0.6578199052132702 0.05402843601895735 0.06445497630331753
9 0.9848341232227488 0.5454976303317536 0.03033175355450237 0.06350710900473934
9 0.9867298578199052 0.5895734597156398 0.026540284360189573 0.06255924170616113
1 0.981042654028436 0.6232227488151659 0.037914691943127965 0.06540284360189573
6 0.966350710900474 0.6440758293838863 0.052132701421800945 0.06540284360189573
6 0.9364928909952607 0.6578199052132702 0.05118483412322275 0.06729857819905213
6 0.9009478672985782 0.6701421800947868 0.04549763033175355 0.06445497630331753
6 0.8672985781990521 0.671090047393365 0.05118483412322275 0.06729857819905213