3 0.16919431279620853 0.08625592417061612 0.04549763033175355 0.04265402843601896
8 0.23649289099526066 0.08578199052132701 0.08436018957345971 0.0909952606635071
9 0.2881516587677725 0.06824644549763033 0.061611374407582936 0.07298578199052133
9 0.33222748815165876 0.07725118483412323 0.05781990521327014 0.07109004739336493
1 0.3767772511848341 0.0924170616113744 0.05781990521327014 0.06350710900473934
6 0.41137440758293836 0.10426540284360189 0.03601895734597156 0.06255924170616113
8 0.4658767772511848 0.3066350710900474 0.07298578199052133 0.1033175355450237
8 0.5270142180094787 0.2734597156398104 0.11563981042654028 0.11848341232227488
9 0.5985781990521327 0.24691943127962085 0.08530805687203792 0.08436018957345971
9 0.6611374407582938 0.23364928909952606 0.09289099526066351 0.1033175355450237
1 0.7270142180094786 0.20568720379146918 0.0947867298578199 0.0909952606635071
6 0.8018957345971564 0.2104265402843602 0.0909952606635071 0.07867298578199051
6 0.8511848341232228 0.23649289099526066 0.11563981042654028 0.08909952606635071
8 0.41706161137440756 0.795260663507109 0.024644549763033177 0.08530805687203792
9 0.4090047393364929 0.728436018957346 0.04075829383886256 0.08625592417061612
3 0.06540284360189573 0.8630331753554502 0.061611374407582936 0.06255924170616113
8 0.0938388625592417 0.8009478672985783 0.07582938388625593 0.07772511848341232
8 0.12417061611374408 0.7507109004739336 0.07677725118483412 0.08056872037914692
3 0.16113744075829384 0.70521327014218 0.04549763033175355 0.04454976303317536
1 0.2009478672985782 0.6464454976303318 0.08151658767772511 0.08246445497630332
1 0.39478672985781993 0.6687203791469194 0.06919431279620854 0.07677725118483412
6 0.23364928909952606 0.6123222748815166 0.07109004739336493 0.08341232227488152
6 0.2834123222748815 0.6080568720379147 0.06350710900473934 0.07962085308056872
6 0.328436018957346 0.6161137440758294 0.06255924170616113 0.07962085308056872
6 0.37345971563981045 0.6317535545023697 0.06635071090047394 0.08151658767772511
8 0.5265402843601896 0.952132701421801 0.1052132701421801 0.09573459715639811
9 0.6725118483412322 0.9715639810426541 0.06729857819905213 0.05687203791469194
9 0.7251184834123223 0.9819905213270143 0.06635071090047394 0.03601895734597156
7 0.6061611374407583 0.9739336492890995 0.09004739336492891 0.052132701421800945