3 0.16066350710900473 0.3222748815165877 0.03981042654028436 0.04170616113744076
3 0.195260663507109 0.2834123222748815 0.04170616113744076 0.04265402843601896
9 0.22274881516587677 0.24597156398104264 0.05781990521327014 0.04739336492890995
9 0.22985781990521326 0.2014218009478673 0.055924170616113746 0.05118483412322275
1 0.23981042654028437 0.15592417061611374 0.05781990521327014 0.05781990521327014
6 0.23459715639810427 0.10995260663507109 0.043601895734597156 0.04454976303317536
6 0.209478672985782 0.07156398104265403 0.05118483412322275 0.05687203791469194
6 0.16824644549763032 0.03981042654028436 0.054976303317535544 0.052132701421800945
6 0.12322274881516587 0.023696682464454975 0.04739336492890995 0.04739336492890995
1 0.07345971563981042 0.02985781990521327 0.05781990521327014 0.05971563981042654
9 0.035545023696682464 0.052132701421800945 0.05687203791469194 0.058767772511848344
9 0.011848341232227487 0.06682464454976303 0.023696682464454975 0.05971563981042654
8 0.4009478672985782 0.2037914691943128 0.07677725118483412 0.06729857819905213
8 0.3933649289099526 0.25876777251184835 0.08246445497630332 0.06919431279620854
9 0.38909952606635073 0.3104265402843602 0.06445497630331753 0.043601895734597156
9 0.3886255924170616 0.35023696682464456 0.06350710900473934 0.046445497630331754
1 0.3853080568720379 0.3966824644549763 0.058767772511848344 0.05402843601895735
8 0.695260663507109 0.3085308056872038 0.08436018957345971 0.08436018957345971
3 0.6511848341232227 0.34454976303317536 0.03981042654028436 0.037914691943127965
9 0.6364928909952606 0.3909952606635071 0.05971563981042654 0.05687203791469194
9 0.6109004739336493 0.4151658767772512 0.06350710900473934 0.04928909952606635
1 0.5815165876777251 0.4327014218009479 0.055924170616113746 0.014218009478672985
6 0.4 0.4265402843601896 0.05308056872037915 0.026540284360189573
8 0.4322274881516588 0.5511848341232227 0.11279620853080569 0.1080568720379147
9 0.46398104265402845 0.6222748815165877 0.06635071090047394 0.06729857819905213
9 0.4876777251184834 0.6682464454976303 0.061611374407582936 0.06635071090047394
1 0.5165876777251185 0.7056872037914692 0.05781990521327014 0.061611374407582936
6 0.5606635071090047 0.7199052132701422 0.046445497630331754 0.05687203791469194
6 0.5947867298578199 0.7274881516587678 0.03981042654028436 0.04170616113744076
6 0.6270142180094787 0.7161137440758294 0.04170616113744076 0.04549763033175355
6 0.6507109004739337 0.7028436018957346 0.04928909952606635 0.04075829383886256
1 0.6753554502369669 0.6677725118483412 0.05402843601895735 0.055924170616113746
9 0.7004739336492891 0.6189573459715639 0.04928909952606635 0.05971563981042654
9 0.7222748815165877 0.5672985781990522 0.05687203791469194 0.06255924170616113
8 0.7345971563981043 0.5085308056872038 0.06919431279620854 0.07867298578199051