8 0.9218009478672986 0.08293838862559241 0.08530805687203792 0.08909952606635071
8 0.8554502369668247 0.07393364928909953 0.06540284360189573 0.07393364928909953
9 0.7976303317535545 0.07535545023696683 0.061611374407582936 0.07582938388625593
1 0.7497630331753554 0.07914691943127962 0.07203791469194312 0.07867298578199051
6 0.6962085308056872 0.08530805687203792 0.05781990521327014 0.05971563981042654
6 0.6630331753554503 0.11848341232227488 0.08436018957345971 0.06824644549763033
8 0.12559241706161137 0.4900473933649289 0.1014218009478673 0.1014218009478673
8 0.21658767772511847 0.4966824644549763 0.12132701421800948 0.12322274881516587
8 0.30379146919431277 0.524170616113744 0.11848341232227488 0.12322274881516587
9 0.37725118483412323 0.5436018957345972 0.08625592417061612 0.0947867298578199
9 0.4431279620853081 0.5540284360189573 0.07298578199052133 0.07772511848341232
8 0.23744075829383887 0.9279620853080569 0.11279620853080569 0.11279620853080569
8 0.3127962085308057 0.9146919431279621 0.08436018957345971 0.08720379146919431
9 0.3739336492890995 0.8971563981042654 0.07014218009478673 0.08341232227488152
9 0.42843601895734595 0.8781990521327014 0.07298578199052133 0.07962085308056872
1 0.490521327014218 0.8464454976303317 0.08151658767772511 0.08625592417061612
6 0.5284360189573459 0.8099526066350711 0.07203791469194312 0.07203791469194312
6 0.5364928909952607 0.7497630331753554 0.06540284360189573 0.06635071090047394
6 0.5402843601895735 0.6995260663507109 0.06445497630331753 0.06350710900473934
6 0.5260663507109005 0.6454976303317536 0.07298578199052133 0.07109004739336493
1 0.5042654028436019 0.5872037914691943 0.0881516587677725 0.08151658767772511
9 0.5933649289099526 0.4962085308056872 0.02843601895734597 0.06919431279620854
9 0.6199052132701421 0.4824644549763033 0.05687203791469194 0.07203791469194312
1 0.6658767772511849 0.4725118483412322 0.06066350710900474 0.06729857819905213
6 0.7085308056872038 0.471563981042654 0.06255924170616113 0.06066350710900474
6 0.747867298578199 0.4886255924170616 0.07393364928909953 0.06635071090047394
6 0.7725118483412322 0.5251184834123223 0.06445497630331753 0.06540284360189573