1 0.395260663507109 0.295260663507109 0.06066350710900474 0.04834123222748815
6 0.3848341232227488 0.2563981042654028 0.04549763033175355 0.04739336492890995
6 0.35497630331753555 0.2213270142180095 0.05402843601895735 0.05971563981042654
6 0.3104265402843602 0.19478672985781992 0.05687203791469194 0.05402843601895735
6 0.26350710900473934 0.18341232227488152 0.04928909952606635 0.05118483412322275
1 0.2156398104265403 0.195260663507109 0.06066350710900474 0.06635071090047394
9 0.18009478672985782 0.22322274881516588 0.05971563981042654 0.061611374407582936
9 0.14312796208530806 0.24265402843601896 0.058767772511848344 0.06255924170616113
8 0.11042654028436019 0.28199052132701424 0.08436018957345971 0.07488151658767772
8 0.07819905213270142 0.3061611374407583 0.06919431279620854 0.026540284360189573
3 0.966824644549763 0.23412322274881517 0.03981042654028436 0.03886255924170616
5 0.9308056872037914 0.2042654028436019 0.05308056872037915 0.04265402843601896
4 0.9118483412322275 0.16492890995260664 0.03981042654028436 0.03601895734597156
5 0.8862559241706162 0.11611374407582939 0.04834123222748815 0.03886255924170616
3 0.8568720379146919 0.06492890995260664 0.06824644549763033 0.04739336492890995
6 0.8573459715639811 0.025592417061611375 0.06540284360189573 0.05118483412322275
8 0.48625592417061614 0.6407582938388625 0.09194312796208531 0.09194312796208531
8 0.4165876777251185 0.6369668246445498 0.07109004739336493 0.07393364928909953
9 0.35734597156398107 0.6308056872037915 0.07203791469194312 0.06824644549763033
9 0.2919431279620853 0.628436018957346 0.07677725118483412 0.06540284360189573
1 0.22890995260663508 0.6293838862559241 0.061611374407582936 0.06635071090047394
6 0.1872037914691943 0.6459715639810426 0.07393364928909953 0.06350710900473934
6 0.16018957345971563 0.6691943127962086 0.07298578199052133 0.06066350710900474
3 0.7511848341232228 0.6009478672985782 0.04170616113744076 0.037914691943127965
3 0.7270142180094786 0.6526066350710901 0.015165876777251185 0.03886255924170616