9 0.32701421800947866 0.22037914691943128 0.06729857819905213 0.07203791469194312
9 0.2834123222748815 0.21706161137440758 0.055924170616113746 0.06066350710900474
1 0.23270142180094786 0.21421800947867298 0.055924170616113746 0.05308056872037915
6 0.1985781990521327 0.19146919431279621 0.05308056872037915 0.04928909952606635
6 0.17867298578199053 0.17109004739336492 0.04170616113744076 0.04549763033175355
7 0.38436018957345974 0.20900473933649288 0.06919431279620854 0.06635071090047394
4 0.7336492890995261 0.027014218009478674 0.043601895734597156 0.04454976303317536
4 0.47393364928909953 0.11516587677725118 0.04075829383886256 0.04075829383886256
3 0.5080568720379147 0.14549763033175356 0.03886255924170616 0.03981042654028436
4 0.5374407582938389 0.176303317535545 0.035071090047393366 0.03601895734597156
9 0.5691943127962086 0.1957345971563981 0.05402843601895735 0.055924170616113746
1 0.6009478672985782 0.21800947867298578 0.052132701421800945 0.05781990521327014
6 0.638388625592417 0.22085308056872038 0.05023696682464455 0.05118483412322275
6 0.6725118483412322 0.21421800947867298 0.04549763033175355 0.04834123222748815
6 0.6995260663507109 0.1971563981042654 0.04928909952606635 0.04739336492890995
6 0.7241706161137441 0.17582938388625594 0.04928909952606635 0.046445497630331754
1 0.7417061611374408 0.14312796208530806 0.061611374407582936 0.05118483412322275
9 0.7412322274881517 0.0966824644549763 0.05781990521327014 0.05687203791469194
4 0.7454976303317535 0.06872037914691943 0.03317535545023697 0.027488151658767772
8 0.14549763033175356 0.9829383886255925 0.0938388625592417 0.034123222748815164
8 0.14739336492890995 0.9364928909952607 0.08720379146919431 0.0881516587677725
9 0.15213270142180094 0.8729857819905213 0.07488151658767772 0.05971563981042654
9 0.16303317535545023 0.8260663507109005 0.07014218009478673 0.061611374407582936
1 0.17440758293838862 0.7805687203791469 0.05118483412322275 0.05402843601895735
6 0.1962085308056872 0.752132701421801 0.04928909952606635 0.05118483412322275
6 0.22085308056872038 0.74739336492891 0.04075829383886256 0.05308056872037915
6 0.25450236966824646 0.7388625592417062 0.04834123222748815 0.05781990521327014
6 0.2862559241706161 0.7492890995260664 0.04739336492890995 0.055924170616113746
1 0.32180094786729857 0.7459715639810427 0.052132701421800945 0.06635071090047394
9 0.34786729857819904 0.7791469194312797 0.05971563981042654 0.06255924170616113
9 0.3748815165876777 0.8180094786729858 0.06350710900473934 0.06635071090047394
8 0.4009478672985782 0.8597156398104265 0.05687203791469194 0.08909952606635071
8 0.8777251184834123 0.6270142180094787 0.08056872037914692 0.08341232227488152
8 0.8530805687203792 0.6881516587677725 0.09289099526066351 0.0909952606635071
9 0.8279620853080568 0.7369668246445498 0.08056872037914692 0.07677725118483412
9 0.7966824644549763 0.7767772511848341 0.08341232227488152 0.08720379146919431
1 0.7516587677725118 0.814218009478673 0.08436018957345971 0.1014218009478673
6 0.6976303317535545 0.833175355450237 0.06824644549763033 0.0938388625592417
6 0.638388625592417 0.8322274881516588 0.08530805687203792 0.1014218009478673
6 0.5758293838862559 0.8165876777251185 0.08530805687203792 0.1023696682464455
6 0.5364928909952607 0.7938388625592417 0.08341232227488152 0.0995260663507109
1 0.4981042654028436 0.75260663507109 0.09289099526066351 0.0995260663507109