8 0.17014218009478674 0.16587677725118483 0.06919431279620854 0.07962085308056872
8 0.11658767772511848 0.18388625592417063 0.08341232227488152 0.0909952606635071
9 0.06066350710900474 0.1962085308056872 0.06066350710900474 0.07867298578199051
9 0.022748815165876776 0.2028436018957346 0.04549763033175355 0.07962085308056872
8 0.44597156398104265 0.02227488151658768 0.07298578199052133 0.04454976303317536
8 0.2075829383886256 0.4919431279620853 0.09573459715639811 0.09573459715639811
8 0.23886255924170616 0.5672985781990522 0.0947867298578199 0.0938388625592417
9 0.26398104265402844 0.6327014218009479 0.06540284360189573 0.07014218009478673
6 0.3985781990521327 0.7251184834123223 0.021800947867298578 0.054976303317535544
6 0.36729857819905215 0.7232227488151659 0.06066350710900474 0.06255924170616113
6 0.3303317535545024 0.7113744075829384 0.05971563981042654 0.055924170616113746
1 0.2895734597156398 0.6872037914691943 0.06066350710900474 0.06635071090047394
8 0.7113744075829384 0.4488151658767773 0.12796208530805686 0.03886255924170616
8 0.7213270142180095 0.5137440758293839 0.12701421800947868 0.13080568720379146
9 0.7293838862559242 0.5976303317535545 0.08909952606635071 0.07962085308056872
9 0.718957345971564 0.6582938388625592 0.09004739336492891 0.08625592417061612
1 0.709478672985782 0.7109004739336493 0.08341232227488152 0.08246445497630332
6 0.6815165876777252 0.74739336492891 0.06350710900473934 0.07014218009478673
6 0.6521327014218009 0.7701421800947867 0.061611374407582936 0.06540284360189573
3 0.5985781990521327 0.7592417061611374 0.04454976303317536 0.046445497630331754
3 0.514218009478673 0.7601895734597156 0.052132701421800945 0.04928909952606635
9 0.4597156398104265 0.7454976303317535 0.07867298578199051 0.08246445497630332
8 0.4312796208530806 0.6995260663507109 0.043601895734597156 0.14218009478672985