6 0.2616113744075829 0.44360189573459713 0.08909952606635071 0.03222748815165877
4 0.5355450236966824 0.004739336492890996 0.037914691943127965 0.009478672985781991
1 0.5341232227488152 0.045023696682464455 0.06350710900473934 0.07109004739336493
1 0.6796208530805687 0.0971563981042654 0.05781990521327014 0.07109004739336493
6 0.6450236966824645 0.0990521327014218 0.04834123222748815 0.06066350710900474
6 0.6127962085308057 0.0924170616113744 0.03886255924170616 0.05308056872037915
6 0.5867298578199052 0.08056872037914692 0.04454976303317536 0.05781990521327014
6 0.5559241706161138 0.06872037914691943 0.04454976303317536 0.05687203791469194
8 0.17725118483412322 0.8928909952606635 0.07772511848341232 0.07298578199052133
8 0.1853080568720379 0.8303317535545024 0.09289099526066351 0.07677725118483412
9 0.48104265402843605 0.738388625592417 0.016113744075829384 0.058767772511848344
9 0.4720379146919431 0.6962085308056872 0.034123222748815164 0.05402843601895735
9 0.190521327014218 0.7739336492890996 0.07203791469194312 0.06066350710900474
6 0.2037914691943128 0.728909952606635 0.06350710900473934 0.061611374407582936
1 0.22464454976303316 0.6748815165876777 0.061611374407582936 0.05971563981042654
6 0.26303317535545023 0.6464454976303318 0.06350710900473934 0.06729857819905213
6 0.30995260663507107 0.6270142180094787 0.06255924170616113 0.06540284360189573
6 0.36682464454976305 0.6270142180094787 0.07109004739336493 0.06255924170616113
6 0.4199052132701422 0.6360189573459716 0.05023696682464455 0.055924170616113746
1 0.45829383886255926 0.6578199052132702 0.055924170616113746 0.055924170616113746
2 0.9895734597156398 0.6706161137440758 0.02085308056872038 0.08436018957345971
8 0.942654028436019 0.64739336492891 0.0938388625592417 0.09289099526066351
9 0.8834123222748815 0.6274881516587678 0.06445497630331753 0.06919431279620854
9 0.8374407582938389 0.614218009478673 0.061611374407582936 0.06255924170616113
1 0.7976303317535545 0.6085308056872037 0.06824644549763033 0.06824644549763033
6 0.7658767772511849 0.6184834123222749 0.06635071090047394 0.061611374407582936