9 0.36208530805687206 0.33222748815165876 0.07203791469194312 0.014218009478672985
1 0.3355450236966825 0.3132701421800948 0.06255924170616113 0.052132701421800945
6 0.29289099526066353 0.30995260663507107 0.06066350710900474 0.058767772511848344
6 0.24502369668246446 0.3104265402843602 0.07488151658767772 0.05781990521327014
6 0.1928909952606635 0.323696682464455 0.07298578199052133 0.031279620853080566
3 0.23696682464454977 0.7336492890995261 0.06350710900473934 0.058767772511848344
3 0.21800947867298578 0.6734597156398104 0.05308056872037915 0.05023696682464455
3 0.2018957345971564 0.628436018957346 0.04928909952606635 0.04834123222748815
1 0.17725118483412322 0.5620853080568721 0.07298578199052133 0.07677725118483412
6 0.17535545023696683 0.5109004739336492 0.06729857819905213 0.06540284360189573
6 0.195260663507109 0.46729857819905213 0.06919431279620854 0.07867298578199051
6 0.24123222748815165 0.4255924170616114 0.06540284360189573 0.07203791469194312
6 0.30379146919431277 0.4104265402843602 0.08436018957345971 0.08625592417061612
1 0.3696682464454976 0.3990521327014218 0.07867298578199051 0.07298578199052133
9 0.42985781990521327 0.4028436018957346 0.07014218009478673 0.07014218009478673
8 0.8516587677725118 0.6843601895734597 0.0985781990521327 0.1033175355450237
3 0.8559241706161137 0.7497630331753554 0.04549763033175355 0.04549763033175355
3 0.8549763033175355 0.8080568720379147 0.04265402843601896 0.043601895734597156
9 0.8592417061611375 0.8753554502369668 0.06824644549763033 0.06919431279620854
4 0.5862559241706161 0.8867298578199052 0.03317535545023697 0.04454976303317536
9 0.6364928909952606 0.923696682464455 0.06635071090047394 0.06540284360189573
9 0.6758293838862559 0.9563981042654028 0.061611374407582936 0.06066350710900474
1 0.8601895734597157 0.9241706161137441 0.06729857819905213 0.07677725118483412
1 0.7132701421800948 0.9729857819905213 0.06350710900473934 0.05402843601895735
6 0.7464454976303317 0.9672985781990522 0.06919431279620854 0.06540284360189573
6 0.7834123222748816 0.9715639810426541 0.05781990521327014 0.05687203791469194
6 0.8180094786729858 0.9696682464454977 0.058767772511848344 0.06066350710900474
6 0.8407582938388626 0.9478672985781991 0.06919431279620854 0.07772511848341232