6 0.061611374407582936 0.490521327014218 0.04739336492890995 0.01800947867298578
9 0.2028436018957346 0.48056872037914694 0.06066350710900474 0.037914691943127965
9 0.23364928909952606 0.45781990521327015 0.06540284360189573 0.061611374407582936
1 0.030805687203791468 0.4781990521327014 0.05402843601895735 0.04265402843601896
9 0.02132701421800948 0.44218009478672987 0.04265402843601896 0.06350710900473934
9 0.02085308056872038 0.3976303317535545 0.04170616113744076 0.061611374407582936
8 0.8838862559241706 0.023696682464454975 0.09004739336492891 0.04739336492890995
2 0.8398104265402844 0.05402843601895735 0.08056872037914692 0.07962085308056872
9 0.5848341232227489 0.026540284360189573 0.058767772511848344 0.05308056872037915
9 0.7938388625592417 0.0909952606635071 0.06824644549763033 0.06445497630331753
9 0.7563981042654029 0.11374407582938388 0.06350710900473934 0.06350710900473934
1 0.595260663507109 0.06635071090047394 0.05971563981042654 0.05687203791469194
1 0.7146919431279621 0.13317535545023695 0.05402843601895735 0.05971563981042654
6 0.6734597156398104 0.13080568720379146 0.04928909952606635 0.055924170616113746
6 0.6469194312796208 0.13127962085308056 0.04834123222748815 0.06255924170616113
6 0.6222748815165877 0.11279620853080569 0.05118483412322275 0.05781990521327014
6 0.6009478672985782 0.0947867298578199 0.05781990521327014 0.05687203791469194
8 0.5066350710900474 0.8601895734597157 0.046445497630331754 0.07488151658767772
8 0.46255924170616114 0.8592417061611375 0.08056872037914692 0.08056872037914692
9 0.4080568720379147 0.85260663507109 0.05971563981042654 0.06635071090047394
9 0.35924170616113743 0.8511848341232228 0.06066350710900474 0.06919431279620854
1 0.3085308056872038 0.8412322274881516 0.06824644549763033 0.07014218009478673
6 0.26255924170616113 0.8199052132701422 0.06540284360189573 0.052132701421800945
6 0.23364928909952606 0.785781990521327 0.09289099526066351 0.07109004739336493
8 0.8654028436018958 0.6374407582938388 0.08720379146919431 0.08246445497630332
8 0.7966824644549763 0.6364928909952606 0.08530805687203792 0.07867298578199051
9 0.7402843601895734 0.6402843601895735 0.055924170616113746 0.061611374407582936
9 0.6966824644549763 0.6350710900473934 0.058767772511848344 0.06635071090047394
1 0.6587677725118484 0.6170616113744076 0.06066350710900474 0.06350710900473934
6 0.623696682464455 0.5995260663507109 0.06445497630331753 0.06066350710900474
6 0.6056872037914692 0.5781990521327014 0.06635071090047394 0.06255924170616113