9 0.02890995260663507 0.3066350710900474 0.05781990521327014 0.06729857819905213
9 0.07867298578199051 0.3132701421800948 0.06350710900473934 0.06445497630331753
1 0.13127962085308056 0.3085308056872038 0.05971563981042654 0.05971563981042654
6 0.17014218009478674 0.2909952606635071 0.05687203791469194 0.05402843601895735
6 0.1933649289099526 0.26350710900473934 0.05781990521327014 0.05023696682464455
9 0.4777251184834123 0.3350710900473934 0.03601895734597156 0.07298578199052133
1 0.4995260663507109 0.30379146919431277 0.06066350710900474 0.06919431279620854
6 0.5402843601895735 0.2862559241706161 0.05118483412322275 0.05781990521327014
6 0.5853080568720379 0.28104265402843603 0.06255924170616113 0.06729857819905213
6 0.6364928909952606 0.2957345971563981 0.06255924170616113 0.07014218009478673
6 0.6701421800947868 0.3184834123222749 0.05402843601895735 0.055924170616113746
1 0.6881516587677725 0.35592417061611376 0.06445497630331753 0.06350710900473934
9 0.6990521327014217 0.4042654028436019 0.07772511848341232 0.061611374407582936
4 0.6957345971563981 0.45071090047393364 0.035071090047393366 0.03601895734597156
4 0.6943127962085308 0.5450236966824644 0.037914691943127965 0.03981042654028436
8 0.44218009478672987 0.9260663507109005 0.035071090047393366 0.0985781990521327
9 0.4090047393364929 0.9492890995260663 0.06255924170616113 0.06824644549763033
9 0.36777251184834125 0.9739336492890995 0.06255924170616113 0.052132701421800945
1 0.3165876777251185 0.9772511848341232 0.06255924170616113 0.04549763033175355
6 0.285781990521327 0.9677725118483412 0.06919431279620854 0.055924170616113746
6 0.262085308056872 0.942654028436019 0.06635071090047394 0.04928909952606635
6 0.23933649289099526 0.9308056872037914 0.07298578199052133 0.04928909952606635
9 0.6033175355450237 0.9919431279620853 0.06729857819905213 0.016113744075829384
1 0.6407582938388625 0.9772511848341232 0.06066350710900474 0.04549763033175355
6 0.6815165876777252 0.9710900473933649 0.05118483412322275 0.05781990521327014
6 0.7265402843601896 0.966350710900474 0.06255924170616113 0.06729857819905213
6 0.7772511848341233 0.9729857819905213 0.06255924170616113 0.05402843601895735
6 0.8109004739336493 0.9876777251184834 0.05402843601895735 0.024644549763033177