1 0.2848341232227488 0.010900473933649289 0.06540284360189573 0.021800947867298578
3 0.5123222748815166 0.33364928909952607 0.04454976303317536 0.011374407582938388
9 0.023696682464454975 0.9018957345971564 0.04739336492890995 0.061611374407582936
3 0.06824644549763033 0.866824644549763 0.03886255924170616 0.03981042654028436
3 0.11374407582938388 0.8345971563981043 0.04265402843601896 0.04170616113744076
6 0.6625592417061611 0.6104265402843602 0.0976303317535545 0.11848341232227488
6 0.7251184834123223 0.6317535545023697 0.09289099526066351 0.11753554502369669
6 0.7649289099526067 0.6507109004739337 0.06919431279620854 0.1014218009478673
6 0.6099526066350711 0.5924170616113744 0.08436018957345971 0.10900473933649289
1 0.5658767772511848 0.5853080568720379 0.07393364928909953 0.1004739336492891
1 0.79478672985782 0.671090047393365 0.05402843601895735 0.0985781990521327