3 0.2009478672985782 0.3824644549763033 0.04454976303317536 0.043601895734597156
8 0.18009478672985782 0.32180094786729857 0.0938388625592417 0.08625592417061612
9 0.22227488151658767 0.4203791469194313 0.07298578199052133 0.03886255924170616
8 0.4085308056872038 0.23507109004739338 0.06919431279620854 0.07298578199052133
8 0.46729857819905213 0.23507109004739338 0.07298578199052133 0.07867298578199051
9 0.5270142180094787 0.2066350710900474 0.06255924170616113 0.06729857819905213
9 0.5781990521327014 0.19478672985781992 0.058767772511848344 0.06255924170616113
1 0.6279620853080569 0.1985781990521327 0.07203791469194312 0.0881516587677725
6 0.6658767772511849 0.18625592417061612 0.06445497630331753 0.07772511848341232
6 0.7 0.195260663507109 0.05971563981042654 0.08151658767772511
6 0.7407582938388626 0.2075829383886256 0.07203791469194312 0.08056872037914692
6 0.01042654028436019 0.4872037914691943 0.02085308056872038 0.05118483412322275
1 0.014691943127962086 0.5208530805687204 0.029383886255924172 0.052132701421800945
3 0.004739336492890996 0.5800947867298578 0.009478672985781991 0.034123222748815164
8 0.8563981042654029 0.8033175355450237 0.08625592417061612 0.1004739336492891
8 0.7881516587677725 0.795260663507109 0.0909952606635071 0.0985781990521327
9 0.7260663507109004 0.7824644549763033 0.06919431279620854 0.08341232227488152
9 0.6763033175355451 0.7791469194312797 0.06824644549763033 0.08436018957345971
1 0.6222748815165877 0.7819905213270142 0.06350710900473934 0.07962085308056872
6 0.5687203791469194 0.7924170616113744 0.06824644549763033 0.07677725118483412
6 0.5227488151658768 0.8161137440758294 0.09194312796208531 0.08341232227488152
6 0.5033175355450237 0.8649289099526066 0.09194312796208531 0.07867298578199051
6 0.5085308056872038 0.9241706161137441 0.07772511848341232 0.06255924170616113
9 0.5535545023696683 0.9867298578199052 0.09289099526066351 0.026540284360189573
3 0.5388625592417061 0.9654028436018958 0.03601895734597156 0.03696682464454976