9 0.3127962085308057 0.4606635071090047 0.06824644549763033 0.06255924170616113
9 0.3350710900473934 0.49715639810426543 0.06066350710900474 0.06540284360189573
1 0.3701421800947867 0.5274881516587677 0.055924170616113746 0.05687203791469194
6 0.4090047393364929 0.5327014218009478 0.046445497630331754 0.05118483412322275
6 0.44502369668246444 0.5270142180094787 0.046445497630331754 0.05118483412322275
6 0.4786729857819905 0.5170616113744075 0.04834123222748815 0.04928909952606635
1 0.5156398104265403 0.49715639810426543 0.054976303317535544 0.05971563981042654
9 0.5289099526066351 0.45545023696682463 0.061611374407582936 0.06350710900473934
9 0.5388625592417061 0.41184834123222747 0.06635071090047394 0.06540284360189573
2 0.23033175355450236 0.7393364928909952 0.08341232227488152 0.018957345971563982
2 0.16966824644549763 0.7587677725118483 0.08341232227488152 0.05781990521327014
9 0.11232227488151658 0.7753554502369668 0.06919431279620854 0.07582938388625593
9 0.07014218009478673 0.7976303317535545 0.06350710900473934 0.06350710900473934
1 0.03317535545023697 0.8 0.06635071090047394 0.06066350710900474
6 0.017535545023696683 0.7981042654028436 0.035071090047393366 0.05308056872037915
6 0.008530805687203791 0.7729857819905214 0.017061611374407582 0.046445497630331754