8 0.22559241706161137 0.17677725118483412 0.06635071090047394 0.06635071090047394
8 0.1943127962085308 0.12606635071090047 0.06635071090047394 0.06919431279620854
9 0.16303317535545023 0.08767772511848342 0.058767772511848344 0.05971563981042654
9 0.13649289099526066 0.045023696682464455 0.05781990521327014 0.058767772511848344
6 0.02085308056872038 0.016587677725118485 0.04170616113744076 0.03317535545023697
6 0.05971563981042654 0.014691943127962086 0.04549763033175355 0.029383886255924172
1 0.0995260663507109 0.021800947867298578 0.05308056872037915 0.043601895734597156
3 0.6279620853080569 0.15971563981042655 0.037914691943127965 0.04170616113744076
8 0.5654028436018957 0.17962085308056872 0.07867298578199051 0.06824644549763033
9 0.5251184834123223 0.1848341232227488 0.011374407582938388 0.058767772511848344
8 0.24739336492890995 0.7218009478672985 0.07203791469194312 0.07772511848341232
8 0.3023696682464455 0.7464454976303317 0.07298578199052133 0.07772511848341232
9 0.3582938388625592 0.7511848341232228 0.05308056872037915 0.05402843601895735
9 0.4056872037914692 0.7554502369668247 0.05308056872037915 0.05402843601895735
1 0.44976303317535543 0.7568720379146919 0.054976303317535544 0.05781990521327014
6 0.4838862559241706 0.7454976303317535 0.06350710900473934 0.04834123222748815
6 0.4981042654028436 0.7227488151658767 0.04265402843601896 0.03886255924170616
8 0.8061611374407583 0.8421800947867298 0.07298578199052133 0.06919431279620854
8 0.542654028436019 0.8630331753554502 0.046445497630331754 0.07298578199052133
8 0.5521327014218009 0.9165876777251185 0.06540284360189573 0.07962085308056872
9 0.8042654028436019 0.8933649289099526 0.05781990521327014 0.046445497630331754
9 0.7971563981042654 0.9355450236966825 0.05687203791469194 0.04834123222748815
1 0.7867298578199052 0.9753554502369668 0.054976303317535544 0.04928909952606635
9 0.5710900473933649 0.9620853080568721 0.05781990521327014 0.05402843601895735
9 0.5957345971563981 0.985781990521327 0.05781990521327014 0.02843601895734597