1 0.48530805687203793 0.45260663507109006 0.05402843601895735 0.052132701421800945
6 0.5203791469194313 0.437914691943128 0.058767772511848344 0.04265402843601896
6 0.5440758293838862 0.42274881516587676 0.05308056872037915 0.04170616113744076
6 0.566824644549763 0.3995260663507109 0.058767772511848344 0.03696682464454976
9 0.43886255924170614 0.45308056872037916 0.05308056872037915 0.061611374407582936
9 0.3933649289099526 0.43554502369668247 0.055924170616113746 0.06350710900473934
3 0.33222748815165876 0.4199052132701422 0.04739336492890995 0.046445497630331754
8 0.27677725118483415 0.38293838862559243 0.08056872037914692 0.07393364928909953
8 0.6763033175355451 0.013744075829383886 0.07298578199052133 0.027488151658767772
8 0.5412322274881517 0.8502369668246446 0.1004739336492891 0.0985781990521327
9 0.533175355450237 0.7805687203791469 0.08341232227488152 0.06635071090047394
9 0.5218009478672986 0.7274881516587678 0.0881516587677725 0.07014218009478673
1 0.5023696682464455 0.6725118483412322 0.07582938388625593 0.07298578199052133
6 0.48056872037914694 0.6279620853080569 0.07014218009478673 0.07393364928909953
6 0.4374407582938389 0.6090047393364929 0.07488151658767772 0.05971563981042654
6 0.36777251184834125 0.6061611374407583 0.07772511848341232 0.05402843601895735
6 0.32037914691943126 0.6104265402843602 0.06635071090047394 0.06255924170616113
4 0.2966824644549763 0.6530805687203791 0.03317535545023697 0.03317535545023697
9 0.24407582938388625 0.680568720379147 0.07582938388625593 0.07867298578199051
9 0.21706161137440758 0.7222748815165877 0.07677725118483412 0.07014218009478673
8 0.2 0.7800947867298578 0.0938388625592417 0.0947867298578199
8 0.6734597156398104 0.7668246445497631 0.06729857819905213 0.058767772511848344
8 0.680568720379147 0.7104265402843601 0.06635071090047394 0.06255924170616113
9 0.6815165876777252 0.6606635071090048 0.06445497630331753 0.05402843601895735
9 0.6796208530805687 0.614691943127962 0.06540284360189573 0.05971563981042654
1 0.6739336492890995 0.5876777251184834 0.05687203791469194 0.017061611374407582