6 0.024644549763033177 0.2014218009478673 0.04928909952606635 0.07298578199052133
6 0.06587677725118483 0.2156398104265403 0.07203791469194312 0.06919431279620854
6 0.0971563981042654 0.24644549763033174 0.06350710900473934 0.06066350710900474
3 0.5383886255924171 0.12464454976303317 0.04075829383886256 0.03317535545023697
3 0.5677725118483412 0.1004739336492891 0.03696682464454976 0.025592417061611375
3 0.6099526066350711 0.0976303317535545 0.034123222748815164 0.025592417061611375
3 0.8033175355450237 0.10758293838862559 0.03601895734597156 0.02843601895734597
3 0.828909952606635 0.12606635071090047 0.03696682464454976 0.03033175355450237
3 0.833175355450237 0.1061611374407583 0.031279620853080566 0.01990521327014218
3 0.6464454976303318 0.0995260663507109 0.03033175355450237 0.027488151658767772
8 0.05829383886255924 0.923696682464455 0.08056872037914692 0.0881516587677725
4 0.02085308056872038 0.8943127962085308 0.04075829383886256 0.03981042654028436
2 0.013744075829383886 0.862085308056872 0.027488151658767772 0.05023696682464455
4 0.5402843601895735 0.8734597156398104 0.046445497630331754 0.04454976303317536
4 0.581042654028436 0.918957345971564 0.04454976303317536 0.04170616113744076
4 0.6488151658767772 0.9611374407582939 0.03696682464454976 0.035071090047393366
4 0.6957345971563981 0.9786729857819905 0.03601895734597156 0.03317535545023697
4 0.8279620853080568 0.9279620853080569 0.037914691943127965 0.03886255924170616
4 0.8450236966824645 0.8895734597156398 0.04170616113744076 0.04549763033175355
4 0.8478672985781991 0.8322274881516588 0.04075829383886256 0.04549763033175355
4 0.8649289099526066 0.7469194312796209 0.04739336492890995 0.04739336492890995