4 0.005213270142180095 0.22701421800947869 0.01042654028436019 0.04834123222748815
4 0.04028436018957346 0.23886255924170616 0.04739336492890995 0.046445497630331754
9 0.11374407582938388 0.24360189573459715 0.06350710900473934 0.06729857819905213
9 0.15781990521327013 0.24312796208530807 0.055924170616113746 0.06066350710900474
1 0.2009478672985782 0.23222748815165878 0.058767772511848344 0.06445497630331753
6 0.23507109004739338 0.22180094786729856 0.05118483412322275 0.04549763033175355
6 0.25213270142180094 0.2014218009478673 0.055924170616113746 0.04454976303317536
6 0.266824644549763 0.17725118483412322 0.06066350710900474 0.04928909952606635
8 0.5635071090047393 0.25876777251184835 0.06729857819905213 0.09289099526066351
8 0.6203791469194313 0.2563981042654028 0.07109004739336493 0.08436018957345971
9 0.6767772511848341 0.26350710900473934 0.05118483412322275 0.06350710900473934
9 0.7199052132701422 0.2563981042654028 0.052132701421800945 0.06540284360189573
1 0.771090047393365 0.25071090047393363 0.06540284360189573 0.06540284360189573
6 0.8085308056872038 0.22938388625592418 0.04739336492890995 0.04834123222748815
6 0.833175355450237 0.1938388625592417 0.07393364928909953 0.07109004739336493
8 0.25734597156398104 0.6459715639810426 0.07867298578199051 0.03317535545023697