4 0.004739336492890996 0.3113744075829384 0.009478672985781991 0.04454976303317536
4 0.013270142180094787 0.2563981042654028 0.026540284360189573 0.04454976303317536
4 0.04597156398104266 0.17867298578199053 0.04549763033175355 0.04549763033175355
8 0.5824644549763033 0.07251184834123223 0.06635071090047394 0.06729857819905213
8 0.32748815165876777 0.21990521327014217 0.035071090047393366 0.06824644549763033
8 0.5838862559241706 0.13317535545023695 0.06919431279620854 0.06919431279620854
9 0.34312796208530805 0.25497630331753557 0.058767772511848344 0.06350710900473934
9 0.3744075829383886 0.28672985781990523 0.05687203791469194 0.05687203791469194
9 0.5796208530805688 0.1872037914691943 0.058767772511848344 0.04928909952606635
9 0.5725118483412323 0.22654028436018958 0.05781990521327014 0.043601895734597156
1 0.5649289099526066 0.26492890995260665 0.052132701421800945 0.04834123222748815
1 0.4146919431279621 0.3066350710900474 0.05402843601895735 0.058767772511848344
6 0.45402843601895737 0.31516587677725116 0.043601895734597156 0.05402843601895735
6 0.4876777251184834 0.31990521327014215 0.04075829383886256 0.04739336492890995
6 0.5194312796208531 0.3132701421800948 0.03981042654028436 0.04549763033175355
6 0.5417061611374407 0.2938388625592417 0.04834123222748815 0.04834123222748815
8 0.018957345971563982 0.818957345971564 0.037914691943127965 0.06635071090047394
8 0.06303317535545024 0.8445497630331753 0.08246445497630332 0.09004739336492891
8 0.12843601895734597 0.8720379146919431 0.0881516587677725 0.0976303317535545
9 0.1815165876777251 0.8933649289099526 0.05971563981042654 0.07109004739336493
9 0.23033175355450236 0.904739336492891 0.05687203791469194 0.06919431279620854
1 0.2791469194312796 0.9080568720379147 0.05687203791469194 0.07203791469194312
6 0.304739336492891 0.8890995260663507 0.01042654028436019 0.04928909952606635
8 0.8037914691943128 0.8028436018957346 0.09573459715639811 0.1033175355450237
3 0.7535545023696683 0.8208530805687204 0.04170616113744076 0.04265402843601896
9 0.6781990521327014 0.837914691943128 0.08056872037914692 0.08436018957345971
1 0.6218009478672986 0.8601895734597157 0.06919431279620854 0.07203791469194312
6 0.5682464454976304 0.8483412322274881 0.06729857819905213 0.06445497630331753
6 0.5255924170616114 0.8393364928909952 0.07488151658767772 0.06729857819905213
6 0.5 0.7909952606635071 0.07109004739336493 0.06540284360189573