3 0.3085308056872038 0.23507109004739338 0.03886255924170616 0.03317535545023697
3 0.4658767772511848 0.1815165876777251 0.035071090047393366 0.026540284360189573
3 0.4976303317535545 0.17440758293838862 0.03317535545023697 0.025592417061611375
3 0.24928909952606634 0.17819905213270143 0.03981042654028436 0.03317535545023697
3 0.22085308056872038 0.16872037914691942 0.03317535545023697 0.025592417061611375
3 0.1981042654028436 0.16113744075829384 0.021800947867298578 0.016113744075829384
8 0.8781990521327014 0.4981042654028436 0.08341232227488152 0.09573459715639811
8 0.943127962085308 0.48104265402843605 0.07582938388625593 0.09289099526066351
9 0.9853080568720379 0.46966824644549765 0.029383886255924172 0.06729857819905213
4 0.08578199052132701 0.671563981042654 0.04454976303317536 0.04075829383886256
4 0.09573459715639811 0.7184834123222749 0.04265402843601896 0.04170616113744076
4 0.10995260663507109 0.7654028436018957 0.03696682464454976 0.03601895734597156
4 0.11137440758293839 0.8132701421800947 0.03696682464454976 0.037914691943127965
1 0.11327014218009479 0.8682464454976303 0.06066350710900474 0.06824644549763033
1 0.2616113744075829 0.9127962085308057 0.054976303317535544 0.06824644549763033
6 0.22701421800947869 0.9165876777251185 0.04549763033175355 0.058767772511848344
6 0.1943127962085308 0.9118483412322275 0.03601895734597156 0.052132701421800945
6 0.16777251184834124 0.9009478672985782 0.04265402843601896 0.055924170616113746
6 0.13649289099526066 0.8909952606635071 0.04265402843601896 0.054976303317535544
3 0.8175355450236966 0.6085308056872037 0.04075829383886256 0.04454976303317536
9 0.7511848341232228 0.6322274881516587 0.08246445497630332 0.0947867298578199
9 0.695260663507109 0.6426540284360189 0.054976303317535544 0.07677725118483412
9 0.6464454976303318 0.6445497630331753 0.06255924170616113 0.08151658767772511
1 0.5928909952606635 0.6483412322274882 0.06635071090047394 0.07488151658767772
6 0.566824644549763 0.6322274881516587 0.034123222748815164 0.07393364928909953