6 0.03033175355450237 0.36208530805687206 0.05971563981042654 0.07298578199052133
6 0.08151658767772511 0.35639810426540286 0.058767772511848344 0.06540284360189573
6 0.11990521327014218 0.36255924170616116 0.04739336492890995 0.054976303317535544
9 0.17582938388625594 0.40616113744075827 0.06445497630331753 0.058767772511848344
9 0.2023696682464455 0.43886255924170614 0.06635071090047394 0.05971563981042654
8 0.22606635071090048 0.48625592417061614 0.08625592417061612 0.0909952606635071
6 0.005687203791469194 0.3691943127962085 0.011374407582938388 0.05971563981042654
1 0.15118483412322276 0.3805687203791469 0.054976303317535544 0.054976303317535544
1 0.8317535545023697 0.2957345971563981 0.06066350710900474 0.07772511848341232
6 0.8843601895734597 0.2957345971563981 0.054976303317535544 0.07488151658767772
6 0.933175355450237 0.3056872037914692 0.07488151658767772 0.0985781990521327
6 0.9630331753554502 0.3345971563981043 0.07393364928909953 0.09289099526066351
6 0.9715639810426541 0.37772511848341234 0.05687203791469194 0.07867298578199051
9 0.9715639810426541 0.4867298578199052 0.05687203791469194 0.061611374407582936
8 0.043601895734597156 0.9720379146919431 0.07772511848341232 0.055924170616113746
2 0.0924170616113744 0.9720379146919431 0.037914691943127965 0.05118483412322275
1 0.14312796208530806 0.957345971563981 0.05781990521327014 0.058767772511848344
6 0.1909952606635071 0.9644549763033176 0.058767772511848344 0.061611374407582936
6 0.23033175355450236 0.9767772511848342 0.058767772511848344 0.046445497630331754
9 0.9791469194312796 0.614691943127962 0.04170616113744076 0.029383886255924172
9 0.981042654028436 0.6483412322274882 0.037914691943127965 0.043601895734597156
1 0.9701421800947867 0.6962085308056872 0.05118483412322275 0.046445497630331754
6 0.9488151658767773 0.7265402843601896 0.04739336492890995 0.04075829383886256
6 0.9341232227488152 0.7535545023696683 0.04834123222748815 0.05023696682464455
6 0.9071090047393365 0.7729857819905214 0.04739336492890995 0.05402843601895735
6 0.8691943127962085 0.7767772511848341 0.04454976303317536 0.04739336492890995
1 0.833175355450237 0.7928909952606635 0.05118483412322275 0.05781990521327014