1 0.2900473933649289 0.2843601895734597 0.06066350710900474 0.03033175355450237
6 0.3061611374407583 0.25497630331753557 0.055924170616113746 0.05781990521327014
6 0.3402843601895735 0.22037914691943128 0.061611374407582936 0.06255924170616113
6 0.390521327014218 0.1943127962085308 0.058767772511848344 0.06824644549763033
6 0.44123222748815166 0.18672985781990523 0.04265402843601896 0.04265402843601896
1 0.4886255924170616 0.195260663507109 0.054976303317535544 0.06255924170616113
9 0.5274881516587677 0.21706161137440758 0.06255924170616113 0.06445497630331753
9 0.557345971563981 0.23791469194312795 0.043601895734597156 0.06066350710900474
8 0.32606635071090045 0.5890995260663507 0.06445497630331753 0.08056872037914692
8 0.26066350710900477 0.6090047393364929 0.08436018957345971 0.0995260663507109
9 0.1976303317535545 0.6293838862559241 0.05781990521327014 0.07393364928909953
9 0.14976303317535544 0.6445497630331753 0.05781990521327014 0.06445497630331753
1 0.1061611374407583 0.647867298578199 0.04739336492890995 0.05023696682464455
6 0.07251184834123223 0.6265402843601896 0.05402843601895735 0.04549763033175355
6 0.04739336492890995 0.6080568720379147 0.06635071090047394 0.03886255924170616
6 0.030805687203791468 0.5777251184834123 0.061611374407582936 0.03696682464454976
6 0.023696682464454975 0.5540284360189573 0.04739336492890995 0.025592417061611375
3 0.7559241706161137 0.8781990521327014 0.04454976303317536 0.04739336492890995
4 0.8056872037914692 0.7971563981042654 0.04265402843601896 0.03886255924170616
4 0.809478672985782 0.7516587677725118 0.04170616113744076 0.03981042654028436
8 0.5886255924170616 0.6104265402843602 0.018957345971563982 0.058767772511848344
9 0.614691943127962 0.5995260663507109 0.05971563981042654 0.06824644549763033
1 0.6909952606635071 0.5720379146919431 0.04928909952606635 0.06255924170616113
1 0.8227488151658767 0.7061611374407583 0.055924170616113746 0.05402843601895735
6 0.7345971563981043 0.5710900473933649 0.052132701421800945 0.054976303317535544
6 0.7748815165876777 0.5876777251184834 0.07203791469194312 0.07109004739336493
6 0.8080568720379147 0.6194312796208531 0.06919431279620854 0.06635071090047394
6 0.8203791469194313 0.6601895734597156 0.061611374407582936 0.05118483412322275