1 0.25118483412322273 0.3943127962085308 0.043601895734597156 0.03033175355450237
6 0.28199052132701424 0.3744075829383886 0.037914691943127965 0.03886255924170616
6 0.3175355450236967 0.36635071090047394 0.03886255924170616 0.04928909952606635
6 0.35497630331753555 0.36208530805687206 0.037914691943127965 0.04549763033175355
6 0.3909952606635071 0.3644549763033175 0.03696682464454976 0.04454976303317536
8 0.804739336492891 0.14218009478672985 0.07677725118483412 0.06919431279620854
8 0.795260663507109 0.07914691943127962 0.07772511848341232 0.07014218009478673
8 0.47488151658767774 0.18104265402843603 0.08056872037914692 0.07488151658767772
8 0.4786729857819905 0.11090047393364928 0.08530805687203792 0.07962085308056872
9 0.4829383886255924 0.04739336492890995 0.06919431279620854 0.05971563981042654
9 0.5028436018957346 0.015639810426540283 0.07677725118483412 0.031279620853080566
9 0.7819905213270142 0.02843601895734597 0.06635071090047394 0.05687203791469194
9 0.7630331753554502 0.0071090047393364926 0.058767772511848344 0.014218009478672985
4 0.37156398104265403 0.42796208530805685 0.04170616113744076 0.03696682464454976
4 0.3962085308056872 0.5298578199052133 0.026540284360189573 0.04170616113744076
1 0.3985781990521327 0.6028436018957346 0.021800947867298578 0.06255924170616113
8 0.9412322274881516 0.5227488151658768 0.07298578199052133 0.08246445497630332
9 0.9601895734597157 0.5862559241706161 0.06729857819905213 0.058767772511848344
9 0.9649289099526066 0.6402843601895735 0.06350710900473934 0.054976303317535544
5 0.7 0.70521327014218 0.04170616113744076 0.04075829383886256
1 0.9587677725118483 0.6895734597156398 0.06066350710900474 0.05402843601895735
6 0.9374407582938389 0.7270142180094786 0.05118483412322275 0.058767772511848344
6 0.9142180094786729 0.7545023696682465 0.04549763033175355 0.061611374407582936
6 0.8805687203791469 0.7729857819905214 0.054976303317535544 0.06729857819905213
6 0.8345971563981043 0.7772511848341233 0.052132701421800945 0.06635071090047394
1 0.7914691943127962 0.7701421800947867 0.05308056872037915 0.05971563981042654
9 0.7511848341232228 0.7502369668246446 0.05687203791469194 0.06066350710900474