4 0.21800947867298578 0.053554502369668244 0.03981042654028436 0.035071090047393366
4 0.17109004739336492 0.12132701421800948 0.03601895734597156 0.037914691943127965
3 0.04454976303317536 0.13127962085308056 0.03601895734597156 0.037914691943127965
3 0.0071090047393364926 0.11090047393364928 0.014218009478672985 0.03981042654028436
2 0.08104265402843602 0.15308056872037915 0.03222748815165877 0.04549763033175355
2 0.13649289099526066 0.15260663507109004 0.04075829383886256 0.05023696682464455
2 0.2241706161137441 0.014218009478672985 0.05023696682464455 0.02843601895734597
3 0.7985781990521327 0.26587677725118486 0.037914691943127965 0.03981042654028436
4 0.7568720379146919 0.3080568720379147 0.04928909952606635 0.04075829383886256
4 0.7222748815165877 0.34834123222748814 0.037914691943127965 0.035071090047393366
8 0.4815165876777251 0.13649289099526066 0.07393364928909953 0.07109004739336493
8 0.47393364928909953 0.2075829383886256 0.07867298578199051 0.07867298578199051
9 0.46824644549763034 0.26872037914691943 0.061611374407582936 0.05118483412322275
9 0.46872037914691944 0.3175355450236967 0.05687203791469194 0.052132701421800945
1 0.4838862559241706 0.36018957345971564 0.054976303317535544 0.055924170616113746
6 0.5033175355450237 0.3800947867298578 0.04739336492890995 0.03981042654028436
6 0.5265402843601896 0.38909952606635073 0.046445497630331754 0.021800947867298578
6 0.5981042654028436 0.3928909952606635 0.04928909952606635 0.014218009478672985
1 0.6412322274881517 0.3900473933649289 0.04454976303317536 0.01990521327014218
9 0.6819905213270142 0.38341232227488153 0.05023696682464455 0.03317535545023697
3 0.25213270142180094 0.6748815165876777 0.029383886255924172 0.035071090047393366
8 0.2677725118483412 0.4137440758293839 0.05023696682464455 0.027488151658767772
8 0.23270142180094786 0.4317535545023697 0.046445497630331754 0.04739336492890995
9 0.2009478672985782 0.45260663507109006 0.05023696682464455 0.05402843601895735
9 0.16492890995260664 0.4838862559241706 0.05308056872037915 0.04928909952606635
1 0.14597156398104266 0.5146919431279621 0.058767772511848344 0.04549763033175355
6 0.13744075829383887 0.5492890995260663 0.054976303317535544 0.04075829383886256
6 0.13649289099526066 0.5862559241706161 0.04834123222748815 0.04265402843601896
6 0.14597156398104266 0.6184834123222749 0.05023696682464455 0.04454976303317536
1 0.16729857819905214 0.6417061611374407 0.052132701421800945 0.054976303317535544
9 0.2066350710900474 0.6616113744075829 0.052132701421800945 0.055924170616113746
8 0.4066350710900474 0.44075829383886256 0.07962085308056872 0.07962085308056872
8 0.395260663507109 0.5113744075829384 0.07109004739336493 0.07867298578199051
8 0.6753554502369669 0.5454976303317536 0.08341232227488152 0.08436018957345971
5 0.6421800947867299 0.6274881516587678 0.037914691943127965 0.03886255924170616
9 0.5995260663507109 0.6545023696682465 0.05687203791469194 0.05687203791469194
9 0.5625592417061611 0.6848341232227488 0.05023696682464455 0.052132701421800945
9 0.4270142180094787 0.557345971563981 0.06066350710900474 0.05308056872037915
9 0.3971563981042654 0.5834123222748815 0.05308056872037915 0.05308056872037915
1 0.3990521327014218 0.6303317535545023 0.055924170616113746 0.046445497630331754
1 0.5274881516587677 0.7099526066350711 0.04739336492890995 0.06066350710900474
6 0.4872037914691943 0.7156398104265402 0.04834123222748815 0.05781990521327014
6 0.45592417061611373 0.7056872037914692 0.04834123222748815 0.055924170616113746
6 0.42796208530805685 0.6900473933649289 0.055924170616113746 0.054976303317535544
6 0.4075829383886256 0.666824644549763 0.054976303317535544 0.05308056872037915