8 0.24502369668246446 0.3635071090047393 0.08056872037914692 0.0947867298578199
8 0.18388625592417063 0.35971563981042654 0.08436018957345971 0.0985781990521327
9 0.12417061611374408 0.36113744075829385 0.06066350710900474 0.07962085308056872
9 0.07345971563981042 0.36113744075829385 0.06350710900473934 0.07867298578199051
1 0.027014218009478674 0.36824644549763036 0.05402843601895735 0.06729857819905213
8 0.9127962085308057 0.290521327014218 0.09194312796208531 0.0947867298578199
8 0.8549763033175355 0.328436018957346 0.0909952606635071 0.09573459715639811
9 0.8042654028436019 0.35497630331753555 0.05781990521327014 0.06729857819905213
9 0.7630331753554502 0.3706161137440758 0.058767772511848344 0.06729857819905213
6 0.6853080568720379 0.3635071090047393 0.05781990521327014 0.05308056872037915
6 0.6582938388625592 0.34312796208530805 0.03981042654028436 0.04075829383886256
6 0.6507109004739337 0.32037914691943126 0.06445497630331753 0.04265402843601896
1 0.7222748815165877 0.3758293838862559 0.06066350710900474 0.06350710900473934