8 0.16350710900473933 0.45165876777251185 0.07677725118483412 0.035071090047393366
8 0.8872037914691943 0.04312796208530806 0.07014218009478673 0.06350710900473934
8 0.6127962085308057 0.11800947867298578 0.07109004739336493 0.06255924170616113
8 0.8966824644549763 0.0947867298578199 0.07203791469194312 0.06824644549763033
8 0.6270142180094787 0.15687203791469195 0.07393364928909953 0.06824644549763033
9 0.9023696682464455 0.14312796208530806 0.06729857819905213 0.058767772511848344
9 0.8981042654028436 0.1872037914691943 0.06445497630331753 0.05971563981042654
9 0.6502369668246446 0.2 0.07393364928909953 0.06729857819905213
9 0.671090047393365 0.23886255924170616 0.06824644549763033 0.06540284360189573
1 0.7033175355450237 0.27488151658767773 0.061611374407582936 0.06729857819905213
1 0.8848341232227488 0.23175355450236967 0.05308056872037915 0.05971563981042654
6 0.8601895734597157 0.26398104265402844 0.04834123222748815 0.05308056872037915
6 0.8260663507109005 0.2824644549763033 0.061611374407582936 0.07014218009478673
6 0.7772511848341233 0.2995260663507109 0.05971563981042654 0.05971563981042654
6 0.7355450236966825 0.2909952606635071 0.05023696682464455 0.061611374407582936
8 0.33791469194312795 0.6488151658767772 0.09004739336492891 0.09194312796208531
3 0.3862559241706161 0.6962085308056872 0.04928909952606635 0.04928909952606635
3 0.4260663507109005 0.728436018957346 0.04549763033175355 0.04454976303317536
1 0.4928909952606635 0.7829383886255924 0.034123222748815164 0.07203791469194312
9 0.4658767772511848 0.7720379146919432 0.061611374407582936 0.06445497630331753
0 0.6545023696682465 0.9895734597156398 0.04834123222748815 0.02085308056872038
3 0.6431279620853081 0.9597156398104265 0.04075829383886256 0.03981042654028436
0 0.6118483412322275 0.8777251184834123 0.05308056872037915 0.046445497630331754
6 0.542654028436019 0.776303317535545 0.06540284360189573 0.08720379146919431
6 0.5725118483412323 0.7933649289099526 0.07867298578199051 0.07203791469194312
1 0.6 0.8293838862559242 0.07772511848341232 0.07109004739336493