3 0.41753554502369666 0.37203791469194314 0.043601895734597156 0.043601895734597156
3 0.37772511848341234 0.3962085308056872 0.043601895734597156 0.043601895734597156
8 0.17725118483412322 0.15734597156398103 0.06919431279620854 0.06919431279620854
8 0.14502369668246445 0.2075829383886256 0.07488151658767772 0.07488151658767772
9 0.11990521327014218 0.2563981042654028 0.05402843601895735 0.052132701421800945
9 0.1033175355450237 0.3023696682464455 0.05781990521327014 0.054976303317535544
1 0.0976303317535545 0.35023696682464456 0.058767772511848344 0.05402843601895735
6 0.1066350710900474 0.3971563981042654 0.06066350710900474 0.05402843601895735
6 0.12701421800947868 0.42796208530805685 0.05118483412322275 0.054976303317535544
6 0.15023696682464455 0.44644549763033176 0.04834123222748815 0.058767772511848344
6 0.18388625592417063 0.46398104265402845 0.04739336492890995 0.06066350710900474
1 0.22938388625592418 0.46729857819905213 0.052132701421800945 0.05687203791469194
9 0.2739336492890995 0.45639810426540284 0.05308056872037915 0.055924170616113746
9 0.32037914691943126 0.44218009478672987 0.055924170616113746 0.055924170616113746
8 0.7303317535545024 0.45118483412322274 0.04075829383886256 0.07772511848341232
9 0.7592417061611374 0.4255924170616114 0.06350710900473934 0.07298578199052133
9 0.7985781990521327 0.3985781990521327 0.055924170616113746 0.058767772511848344
1 0.8440758293838863 0.3739336492890995 0.05023696682464455 0.05687203791469194
1 0.9933649289099526 0.46255924170616114 0.013270142180094787 0.05118483412322275
6 0.8886255924170616 0.36255924170616116 0.046445497630331754 0.05118483412322275
6 0.9374407582938389 0.36587677725118484 0.05118483412322275 0.04928909952606635
6 0.976303317535545 0.376303317535545 0.04549763033175355 0.052132701421800945
6 0.9900473933649289 0.4184834123222749 0.01990521327014218 0.046445497630331754
8 0.6127962085308057 0.8303317535545024 0.07488151658767772 0.06540284360189573
8 0.5919431279620853 0.8819905213270142 0.07488151658767772 0.08246445497630332
9 0.5606635071090047 0.9241706161137441 0.08056872037914692 0.08436018957345971
9 0.5322274881516588 0.9616113744075829 0.07867298578199051 0.07677725118483412
8 0.24549763033175356 0.7687203791469195 0.06445497630331753 0.06255924170616113
8 0.25687203791469193 0.8218009478672986 0.07867298578199051 0.06919431279620854
9 0.2611374407582938 0.8767772511848341 0.06445497630331753 0.06066350710900474
9 0.27677725118483415 0.9213270142180094 0.06350710900473934 0.061611374407582936
1 0.2981042654028436 0.966350710900474 0.07298578199052133 0.06729857819905213
1 0.4990521327014218 0.9895734597156398 0.05781990521327014 0.02085308056872038
6 0.3222748815165877 0.9867298578199052 0.06445497630331753 0.026540284360189573
5 0.7962085308056872 0.70521327014218 0.03981042654028436 0.04549763033175355
8 0.7469194312796209 0.6635071090047393 0.07393364928909953 0.08530805687203792