1 0.2990521327014218 0.45687203791469194 0.05971563981042654 0.024644549763033177
8 0.904739336492891 0.055924170616113746 0.09573459715639811 0.09289099526066351
8 0.956872037914692 0.1037914691943128 0.08625592417061612 0.09194312796208531
9 0.9886255924170616 0.14170616113744075 0.022748815165876776 0.06729857819905213
8 0.75260663507109 0.33364928909952607 0.04549763033175355 0.0985781990521327
8 0.8071090047393364 0.3582938388625592 0.1014218009478673 0.0976303317535545
9 0.8611374407582938 0.3867298578199052 0.06824644549763033 0.07203791469194312
9 0.9123222748815166 0.4033175355450237 0.06919431279620854 0.07014218009478673
1 0.9710900473933649 0.3943127962085308 0.05781990521327014 0.06066350710900474
6 0.9909952606635071 0.3800947867298578 0.01800947867298578 0.05687203791469194
9 0.5308056872037915 0.48104265402843605 0.054976303317535544 0.023696682464454975
9 0.5213270142180095 0.5075829383886256 0.054976303317535544 0.04928909952606635
9 0.5113744075829384 0.5469194312796208 0.05308056872037915 0.05118483412322275
1 0.4829383886255924 0.5876777251184834 0.058767772511848344 0.05402843601895735
6 0.45402843601895737 0.6099526066350711 0.05308056872037915 0.04834123222748815
6 0.4317535545023697 0.6317535545023697 0.055924170616113746 0.05781990521327014
6 0.4004739336492891 0.6426540284360189 0.055924170616113746 0.061611374407582936
6 0.3630331753554502 0.6350710900473934 0.052132701421800945 0.05402843601895735
1 0.3241706161137441 0.6398104265402843 0.06066350710900474 0.06540284360189573
6 0.9677725118483412 0.7559241706161137 0.06445497630331753 0.06350710900473934
6 0.9170616113744076 0.7469194312796209 0.06540284360189573 0.06445497630331753
6 0.8739336492890996 0.7298578199052133 0.054976303317535544 0.05118483412322275
1 0.8545023696682464 0.6919431279620853 0.07203791469194312 0.07014218009478673
9 0.8445497630331753 0.6530805687203791 0.06824644549763033 0.06066350710900474
9 0.837914691943128 0.6180094786729858 0.06729857819905213 0.058767772511848344