8 0.07203791469194312 0.00900473933649289 0.08151658767772511 0.01800947867298578
8 0.0909952606635071 0.036492890995260666 0.07582938388625593 0.07298578199052133
8 0.414218009478673 0.0947867298578199 0.08530805687203792 0.08246445497630332
8 0.3914691943127962 0.16350710900473933 0.08530805687203792 0.08341232227488152
8 0.1014218009478673 0.1061611374407583 0.08436018957345971 0.08625592417061612
9 0.13175355450236967 0.15545023696682464 0.06066350710900474 0.05687203791469194
9 0.36635071090047394 0.21706161137440758 0.05687203791469194 0.05308056872037915
9 0.3246445497630332 0.23270142180094786 0.05687203791469194 0.055924170616113746
9 0.10853080568720379 0.1966824644549763 0.05402843601895735 0.052132701421800945
1 0.29289099526066353 0.25971563981042656 0.04928909952606635 0.054976303317535544
1 0.12843601895734597 0.2241706161137441 0.055924170616113746 0.05402843601895735
6 0.15497630331753554 0.24549763033175356 0.05118483412322275 0.04834123222748815
6 0.1853080568720379 0.2563981042654028 0.04265402843601896 0.04834123222748815
6 0.218957345971564 0.26445497630331755 0.043601895734597156 0.04928909952606635
6 0.2554502369668246 0.2672985781990521 0.046445497630331754 0.04834123222748815
9 0.7161137440758294 0.35734597156398107 0.012322274881516588 0.06255924170616113
1 0.7369668246445498 0.3582938388625592 0.05402843601895735 0.05308056872037915
6 0.7767772511848341 0.3696682464454976 0.052132701421800945 0.04834123222748815
6 0.8075829383886256 0.3924170616113744 0.06255924170616113 0.05402843601895735
6 0.8203791469194313 0.42369668246445497 0.052132701421800945 0.04075829383886256
8 0.5919431279620853 0.5502369668246445 0.08341232227488152 0.08151658767772511
8 0.5862559241706161 0.6213270142180095 0.08246445497630332 0.08530805687203792
8 0.2938388625592417 0.6090047393364929 0.08530805687203792 0.08720379146919431
8 0.32606635071090045 0.6658767772511849 0.07488151658767772 0.07582938388625593
9 0.352132701421801 0.7080568720379147 0.05781990521327014 0.06350710900473934
9 0.3796208530805687 0.7412322274881517 0.058767772511848344 0.06445497630331753
9 0.5753554502369668 0.6767772511848341 0.06255924170616113 0.05118483412322275
9 0.566824644549763 0.7180094786729858 0.058767772511848344 0.055924170616113746
1 0.557345971563981 0.7592417061611374 0.05687203791469194 0.055924170616113746
1 0.4056872037914692 0.7720379146919432 0.05118483412322275 0.05781990521327014
6 0.4369668246445498 0.7919431279620853 0.04834123222748815 0.06350710900473934
6 0.4720379146919431 0.7976303317535545 0.04549763033175355 0.061611374407582936
6 0.5056872037914691 0.790521327014218 0.04549763033175355 0.058767772511848344
6 0.5327014218009478 0.7829383886255924 0.046445497630331754 0.058767772511848344
9 0.7848341232227488 0.5658767772511848 0.07014218009478673 0.06255924170616113
9 0.7530805687203791 0.5976303317535545 0.06729857819905213 0.06066350710900474
1 0.7298578199052133 0.6303317535545023 0.03981042654028436 0.07014218009478673