9 0.4075829383886256 0.26966824644549764 0.024644549763033177 0.07109004739336493
9 0.3824644549763033 0.2677725118483412 0.05402843601895735 0.07109004739336493
1 0.33744075829383885 0.26398104265402844 0.05781990521327014 0.06350710900473934
6 0.2981042654028436 0.2781990521327014 0.061611374407582936 0.06350710900473934
6 0.26066350710900477 0.2976303317535545 0.07393364928909953 0.06445497630331753
8 0.8123222748815165 0.026066350710900472 0.07962085308056872 0.052132701421800945
8 0.4056872037914692 0.7251184834123223 0.02843601895734597 0.09289099526066351
8 0.3696682464454976 0.7545023696682465 0.08436018957345971 0.08909952606635071
9 0.31563981042654027 0.7834123222748816 0.06729857819905213 0.06350710900473934
9 0.2682464454976303 0.795260663507109 0.04928909952606635 0.05971563981042654
1 0.22938388625592418 0.7943127962085308 0.04265402843601896 0.046445497630331754
6 0.1995260663507109 0.7838862559241706 0.046445497630331754 0.04549763033175355
6 0.17677725118483412 0.7744075829383886 0.052132701421800945 0.043601895734597156
6 0.16113744075829384 0.7454976303317535 0.055924170616113746 0.04739336492890995
8 0.6815165876777252 0.8308056872037914 0.09573459715639811 0.08909952606635071
8 0.9739336492890995 0.9009478672985782 0.052132701421800945 0.08246445497630332
2 0.7037914691943128 0.771090047393365 0.061611374407582936 0.061611374407582936
9 0.7232227488151659 0.7199052132701422 0.06255924170616113 0.05781990521327014
9 0.7492890995260664 0.6872037914691943 0.05781990521327014 0.054976303317535544
1 0.7786729857819905 0.6502369668246446 0.05023696682464455 0.061611374407582936
9 0.9805687203791469 0.7895734597156399 0.03886255924170616 0.058767772511848344
9 0.9739336492890995 0.7431279620853081 0.052132701421800945 0.06255924170616113
1 0.9682464454976303 0.695260663507109 0.06350710900473934 0.06729857819905213
2 0.9507109004739337 0.6559241706161137 0.037914691943127965 0.04549763033175355
2 0.9137440758293839 0.6317535545023697 0.04454976303317536 0.04834123222748815
3 0.8592417061611375 0.6327014218009479 0.034123222748815164 0.04454976303317536
2 0.8175355450236966 0.6251184834123222 0.03222748815165877 0.037914691943127965