8 0.1819905213270142 0.16350710900473933 0.0938388625592417 0.08720379146919431
8 0.15876777251184834 0.23364928909952606 0.08151658767772511 0.08436018957345971
9 0.14312796208530806 0.31990521327014215 0.08151658767772511 0.08720379146919431
9 0.13649289099526066 0.37867298578199055 0.054976303317535544 0.04265402843601896
3 0.7687203791469195 0.008056872037914692 0.03981042654028436 0.016113744075829384
9 0.7573459715639811 0.054502369668246446 0.058767772511848344 0.058767772511848344
9 0.7393364928909952 0.0938388625592417 0.05308056872037915 0.052132701421800945
1 0.7109004739336493 0.13696682464454976 0.05308056872037915 0.061611374407582936
9 0.4791469194312796 0.04123222748815166 0.05781990521327014 0.05402843601895735
9 0.4881516587677725 0.08530805687203792 0.052132701421800945 0.052132701421800945
1 0.514218009478673 0.12654028436018958 0.05308056872037915 0.054976303317535544
6 0.6682464454976303 0.16255924170616115 0.04834123222748815 0.06255924170616113
6 0.6274881516587678 0.16824644549763032 0.04265402843601896 0.06255924170616113
6 0.5914691943127962 0.16398104265402844 0.04549763033175355 0.055924170616113746
6 0.5526066350710901 0.15639810426540285 0.05308056872037915 0.06066350710900474
8 0.035071090047393366 0.6203791469194313 0.06824644549763033 0.06729857819905213
8 0.34834123222748814 0.5644549763033175 0.06824644549763033 0.07014218009478673
8 0.3251184834123223 0.6175355450236967 0.06635071090047394 0.06824644549763033
2 0.3028436018957346 0.657345971563981 0.04454976303317536 0.04454976303317536
2 0.2829383886255924 0.6895734597156398 0.03886255924170616 0.04170616113744076
1 0.25781990521327014 0.728909952606635 0.054976303317535544 0.06350710900473934
6 0.22654028436018958 0.7464454976303317 0.04075829383886256 0.05781990521327014
6 0.1976303317535545 0.7535545023696683 0.03601895734597156 0.05687203791469194
6 0.13933649289099526 0.7507109004739336 0.04454976303317536 0.058767772511848344
1 0.11090047393364928 0.7355450236966825 0.05781990521327014 0.061611374407582936
2 0.08625592417061612 0.6990521327014217 0.04265402843601896 0.03601895734597156
2 0.06445497630331753 0.6663507109004739 0.04549763033175355 0.03222748815165877
6 0.16824644549763032 0.7545023696682465 0.03981042654028436 0.05781990521327014
8 0.9635071090047393 0.9085308056872038 0.07298578199052133 0.08625592417061612
8 0.6928909952606636 0.9488151658767773 0.06824644549763033 0.07962085308056872
9 0.6867298578199053 0.8886255924170616 0.05308056872037915 0.052132701421800945
8 0.9303317535545024 0.8563981042654029 0.07298578199052133 0.07582938388625593
9 0.8947867298578199 0.814218009478673 0.06445497630331753 0.05781990521327014
9 0.8573459715639811 0.7928909952606635 0.05118483412322275 0.05402843601895735
9 0.6886255924170616 0.8502369668246446 0.05023696682464455 0.04454976303317536
1 0.8327014218009479 0.762085308056872 0.05023696682464455 0.05781990521327014
6 0.795734597156398 0.7578199052132701 0.04075829383886256 0.061611374407582936
6 0.7635071090047393 0.7625592417061612 0.04170616113744076 0.07393364928909953
6 0.7402843601895734 0.7682464454976303 0.046445497630331754 0.058767772511848344
6 0.7218009478672985 0.7843601895734598 0.05687203791469194 0.05781990521327014
1 0.7018957345971564 0.8109004739336493 0.05687203791469194 0.05402843601895735