9 0.2829383886255924 0.009478672985781991 0.055924170616113746 0.018957345971563982
1 0.3033175355450237 0.027962085308056873 0.058767772511848344 0.055924170616113746
6 0.3293838862559242 0.05165876777251185 0.05023696682464455 0.05781990521327014
6 0.35971563981042654 0.06445497630331753 0.043601895734597156 0.05402843601895735
6 0.3943127962085308 0.07345971563981042 0.04834123222748815 0.05687203791469194
6 0.414218009478673 0.07630331753554502 0.011374407582938388 0.055924170616113746
8 0.5710900473933649 0.42227488151658765 0.0881516587677725 0.05402843601895735
8 0.6364928909952606 0.42985781990521327 0.09004739336492891 0.03886255924170616
2 0.6933649289099526 0.43981042654028435 0.05023696682464455 0.018957345971563982
6 0.8336492890995261 0.43933649289099524 0.06729857819905213 0.01990521327014218
8 0.2947867298578199 0.7535545023696683 0.08246445497630332 0.08625592417061612
2 0.23696682464454977 0.7194312796208531 0.07109004739336493 0.07203791469194312
9 0.1815165876777251 0.704739336492891 0.061611374407582936 0.06255924170616113
9 0.13364928909952606 0.6919431279620853 0.061611374407582936 0.061611374407582936
1 0.08625592417061612 0.6914691943127962 0.05781990521327014 0.05308056872037915
6 0.04691943127962085 0.7 0.055924170616113746 0.046445497630331754
6 0.026066350710900472 0.7099526066350711 0.052132701421800945 0.04549763033175355
8 0.6161137440758294 0.723696682464455 0.09573459715639811 0.08909952606635071
8 0.9028436018957346 0.8677725118483413 0.0938388625592417 0.08246445497630332
2 0.6521327014218009 0.671090047393365 0.061611374407582936 0.061611374407582936
9 0.6834123222748815 0.6260663507109004 0.06255924170616113 0.05781990521327014
9 0.7165876777251184 0.6004739336492891 0.05781990521327014 0.054976303317535544
1 0.7540284360189573 0.5720379146919431 0.05023696682464455 0.061611374407582936
9 0.933649289099526 0.7601895734597156 0.07488151658767772 0.058767772511848344
9 0.9322274881516588 0.7123222748815166 0.07393364928909953 0.06255924170616113
1 0.9322274881516588 0.6630331753554503 0.07393364928909953 0.06729857819905213
2 0.919431279620853 0.6189573459715639 0.037914691943127965 0.04549763033175355
2 0.8895734597156398 0.5867298578199052 0.04454976303317536 0.04834123222748815
3 0.8364928909952607 0.5744075829383887 0.034123222748815164 0.04454976303317536
2 0.7981042654028436 0.556872037914692 0.03222748815165877 0.037914691943127965