2 0.271563981042654 0.35308056872037913 0.055924170616113746 0.06540284360189573
8 0.2104265402843602 0.33886255924170616 0.07298578199052133 0.08056872037914692
9 0.15545023696682464 0.3289099526066351 0.05402843601895735 0.06255924170616113
9 0.11374407582938388 0.32559241706161135 0.05118483412322275 0.06255924170616113
1 0.07061611374407582 0.32180094786729857 0.054976303317535544 0.054976303317535544
6 0.02890995260663507 0.3345971563981043 0.054976303317535544 0.055924170616113746
6 0.015165876777251185 0.35734597156398107 0.03033175355450237 0.06255924170616113
6 0.027488151658767772 0.7156398104265402 0.054976303317535544 0.07582938388625593
1 0.04976303317535545 0.7483412322274882 0.058767772511848344 0.05971563981042654
9 0.06540284360189573 0.7933649289099526 0.07867298578199051 0.07393364928909953
9 0.09573459715639811 0.8341232227488151 0.06635071090047394 0.06255924170616113
8 0.6312796208530805 0.7312796208530805 0.08436018957345971 0.08625592417061612
8 0.9123222748815166 0.595260663507109 0.08909952606635071 0.08436018957345971
8 0.919431279620853 0.666824644549763 0.08246445497630332 0.08056872037914692
3 0.6729857819905213 0.7696682464454976 0.04549763033175355 0.04454976303317536
9 0.6976303317535545 0.8127962085308057 0.061611374407582936 0.05971563981042654
9 0.928436018957346 0.7246445497630332 0.05971563981042654 0.05308056872037915
9 0.9265402843601895 0.7696682464454976 0.054976303317535544 0.05781990521327014
9 0.7265402843601896 0.8483412322274881 0.052132701421800945 0.05687203791469194
1 0.9123222748815166 0.8156398104265403 0.054976303317535544 0.05781990521327014
1 0.7649289099526067 0.8672985781990521 0.054976303317535544 0.05971563981042654
6 0.895260663507109 0.8459715639810427 0.04928909952606635 0.05687203791469194
6 0.871563981042654 0.8687203791469195 0.04265402843601896 0.05308056872037915
6 0.8383886255924171 0.8777251184834123 0.04265402843601896 0.05402843601895735
6 0.8037914691943128 0.8781990521327014 0.04265402843601896 0.04928909952606635