2 0.16872037914691942 0.547867298578199 0.07582938388625593 0.043601895734597156
2 0.2018957345971564 0.5161137440758294 0.07867298578199051 0.08246445497630332
2 0.23744075829383887 0.4767772511848341 0.05687203791469194 0.06635071090047394
4 0.2672985781990521 0.442654028436019 0.04075829383886256 0.037914691943127965
2 0.304739336492891 0.409478672985782 0.05402843601895735 0.05971563981042654
6 0.35924170616113743 0.4009478672985782 0.06445497630331753 0.07014218009478673
6 0.4151658767772512 0.3990521327014218 0.07867298578199051 0.07962085308056872
6 0.47345971563981043 0.4161137440758294 0.06824644549763033 0.07014218009478673
6 0.5104265402843602 0.44549763033175355 0.05687203791469194 0.05402843601895735
1 0.5199052132701422 0.4928909952606635 0.05971563981042654 0.07203791469194312
9 0.5180094786729857 0.5421800947867299 0.06350710900473934 0.054976303317535544
3 0.7672985781990521 0.3028436018957346 0.05118483412322275 0.05402843601895735
3 0.7099526066350711 0.2848341232227488 0.04454976303317536 0.05118483412322275
6 0.5620853080568721 0.2161137440758294 0.024644549763033177 0.07014218009478673
1 0.5895734597156398 0.22511848341232227 0.05971563981042654 0.06635071090047394
3 0.6317535545023697 0.24028436018957347 0.043601895734597156 0.04170616113744076
8 0.14881516587677726 0.8483412322274881 0.08720379146919431 0.09004739336492891
8 0.5113744075829384 0.8127962085308057 0.07677725118483412 0.08625592417061612
8 0.49715639810426543 0.8654028436018958 0.08625592417061612 0.0881516587677725
8 0.1848341232227488 0.8886255924170616 0.08151658767772511 0.08341232227488152
9 0.49146919431279623 0.9199052132701422 0.06729857819905213 0.05687203791469194
9 0.4758293838862559 0.9578199052132701 0.06635071090047394 0.06066350710900474
9 0.2009478672985782 0.9345971563981043 0.06919431279620854 0.06445497630331753
9 0.22369668246445498 0.9710900473933649 0.06635071090047394 0.05781990521327014
1 0.45308056872037916 0.9848341232227488 0.06066350710900474 0.03033175355450237
1 0.24502369668246446 0.9924170616113744 0.061611374407582936 0.015165876777251185
8 0.8355450236966825 0.8919431279620853 0.07393364928909953 0.07298578199052133
8 0.8383886255924171 0.9530805687203792 0.07488151658767772 0.07582938388625593
9 0.8360189573459715 0.9881516587677726 0.07014218009478673 0.023696682464454975