8 0.45402843601895737 0.036492890995260666 0.08151658767772511 0.07298578199052133
9 0.41800947867298577 0.07156398104265403 0.061611374407582936 0.058767772511848344
9 0.4018957345971564 0.11137440758293839 0.06350710900473934 0.05687203791469194
1 0.37156398104265403 0.14028436018957346 0.052132701421800945 0.05781990521327014
6 0.3412322274881517 0.16350710900473933 0.05023696682464455 0.058767772511848344
6 0.3061611374407583 0.17251184834123223 0.04454976303317536 0.05308056872037915
6 0.26350710900473934 0.16682464454976303 0.04549763033175355 0.05402843601895735
6 0.23127962085308057 0.15450236966824646 0.05118483412322275 0.058767772511848344
1 0.2066350710900474 0.12227488151658768 0.054976303317535544 0.06066350710900474
9 0.17488151658767773 0.08530805687203792 0.06350710900473934 0.05687203791469194
9 0.16303317535545023 0.04454976303317536 0.06255924170616113 0.05402843601895735
8 0.14834123222748816 0.017061611374407582 0.08056872037914692 0.034123222748815164
8 0.843127962085308 0.36824644549763036 0.0909952606635071 0.0947867298578199
9 0.8649289099526066 0.4203791469194313 0.058767772511848344 0.06635071090047394
9 0.8838862559241706 0.47345971563981043 0.06445497630331753 0.06729857819905213
1 0.9156398104265403 0.5014218009478673 0.06066350710900474 0.05687203791469194
6 0.9516587677725118 0.5227488151658768 0.043601895734597156 0.014218009478672985
6 0.9834123222748815 0.5213270142180095 0.03317535545023697 0.017061611374407582
8 0.581042654028436 0.7146919431279621 0.07772511848341232 0.08909952606635071
8 0.3052132701421801 0.6663507109004739 0.08246445497630332 0.08436018957345971
9 0.5672985781990522 0.7725118483412322 0.061611374407582936 0.058767772511848344
8 0.3227488151658768 0.7265402843601896 0.07298578199052133 0.07393364928909953
9 0.33838862559241706 0.776303317535545 0.05971563981042654 0.06066350710900474
9 0.5549763033175356 0.8161137440758294 0.05308056872037915 0.05308056872037915
9 0.36255924170616116 0.8066350710900474 0.055924170616113746 0.05781990521327014
1 0.5260663507109005 0.8511848341232228 0.05781990521327014 0.06066350710900474
6 0.4985781990521327 0.8725118483412322 0.04549763033175355 0.05402843601895735
6 0.46824644549763034 0.8781990521327014 0.043601895734597156 0.05308056872037915
6 0.43507109004739336 0.8772511848341232 0.043601895734597156 0.058767772511848344
6 0.4028436018957346 0.8663507109004739 0.04739336492890995 0.05402843601895735
1 0.37345971563981045 0.8497630331753554 0.05781990521327014 0.05781990521327014
3 0.604739336492891 0.657345971563981 0.03033175355450237 0.03886255924170616
3 0.6279620853080569 0.828436018957346 0.016113744075829384 0.03981042654028436
8 0.7568720379146919 0.9497630331753555 0.10426540284360189 0.0881516587677725
1 0.6739336492890995 0.8345971563981043 0.07393364928909953 0.07677725118483412
9 0.7009478672985782 0.8706161137440759 0.07393364928909953 0.06635071090047394
9 0.7265402843601896 0.9075829383886256 0.08056872037914692 0.07298578199052133