9 0.2037914691943128 0.33838862559241706 0.06350710900473934 0.058767772511848344
9 0.17582938388625594 0.37203791469194314 0.06255924170616113 0.054976303317535544
3 0.14312796208530806 0.3900473933649289 0.03981042654028436 0.03696682464454976
6 0.10900473933649289 0.4151658767772512 0.054976303317535544 0.04928909952606635
6 0.06350710900473934 0.4156398104265403 0.06255924170616113 0.04834123222748815
6 0.021800947867298578 0.4099526066350711 0.043601895734597156 0.05971563981042654
8 0.7398104265402844 0.04549763033175355 0.07393364928909953 0.07677725118483412
9 0.7407582938388626 0.11090047393364928 0.06919431279620854 0.07109004739336493
9 0.7345971563981043 0.16208530805687205 0.07772511848341232 0.06635071090047394
3 0.5085308056872038 0.22322274881516588 0.03886255924170616 0.03886255924170616
9 0.5436018957345972 0.25071090047393363 0.05118483412322275 0.06824644549763033
1 0.7260663507109004 0.209478672985782 0.052132701421800945 0.054976303317535544
1 0.5829383886255924 0.25781990521327014 0.04739336492890995 0.06919431279620854
6 0.6208530805687204 0.2838862559241706 0.04170616113744076 0.03981042654028436
6 0.6559241706161137 0.2786729857819905 0.037914691943127965 0.04075829383886256
6 0.6848341232227488 0.266824644549763 0.04265402843601896 0.04739336492890995
6 0.7118483412322275 0.24976303317535545 0.04265402843601896 0.04265402843601896
9 0.009478672985781991 0.6255924170616114 0.018957345971563982 0.058767772511848344
9 0.2080568720379147 0.5630331753554503 0.05687203791469194 0.054976303317535544
9 0.19194312796208532 0.6037914691943128 0.06350710900473934 0.05971563981042654
1 0.01800947867298578 0.6658767772511849 0.03601895734597156 0.052132701421800945
1 0.17725118483412322 0.6412322274881517 0.055924170616113746 0.04739336492890995
6 0.15165876777251186 0.6687203791469194 0.05308056872037915 0.04739336492890995
6 0.13080568720379146 0.685781990521327 0.04834123222748815 0.043601895734597156
6 0.08720379146919431 0.6824644549763034 0.05118483412322275 0.05118483412322275
6 0.052132701421800945 0.6800947867298578 0.04928909952606635 0.054976303317535544
3 0.9800947867298578 0.5630331753554503 0.03317535545023697 0.04075829383886256
9 0.9355450236966825 0.5625592417061611 0.06255924170616113 0.08246445497630332
9 0.8843601895734597 0.547867298578199 0.061611374407582936 0.08056872037914692
1 0.8341232227488151 0.5379146919431279 0.06445497630331753 0.058767772511848344
6 0.7872037914691943 0.5469194312796208 0.06445497630331753 0.055924170616113746
6 0.7507109004739336 0.5677725118483412 0.07867298578199051 0.06066350710900474
6 0.7255924170616114 0.6123222748815166 0.07962085308056872 0.058767772511848344
6 0.7180094786729858 0.6431279620853081 0.06255924170616113 0.052132701421800945