9 0.07345971563981042 0.2161137440758294 0.05308056872037915 0.06540284360189573
9 0.11563981042654028 0.21374407582938387 0.05118483412322275 0.06635071090047394
1 0.16255924170616115 0.2127962085308057 0.05023696682464455 0.054976303317535544
6 0.2014218009478673 0.22606635071090048 0.05687203791469194 0.052132701421800945
6 0.23601895734597156 0.25071090047393363 0.06635071090047394 0.05687203791469194
4 0.01800947867298578 0.23317535545023696 0.03601895734597156 0.03981042654028436
8 0.48578199052132703 0.36113744075829385 0.052132701421800945 0.07582938388625593
9 0.524170616113744 0.33649289099526064 0.05402843601895735 0.055924170616113746
9 0.5682464454976304 0.32037914691943126 0.04739336492890995 0.05118483412322275
8 0.6748815165876777 0.6265402843601896 0.06066350710900474 0.026540284360189573
8 0.7018957345971564 0.5848341232227489 0.07867298578199051 0.07109004739336493
9 0.7265402843601896 0.5350710900473934 0.05308056872037915 0.04834123222748815
9 0.7417061611374408 0.4928909952606635 0.058767772511848344 0.046445497630331754
1 0.6123222748815166 0.3052132701421801 0.04549763033175355 0.03981042654028436
6 0.6592417061611374 0.30379146919431277 0.04454976303317536 0.03696682464454976
6 0.704739336492891 0.32132701421800947 0.04549763033175355 0.04265402843601896
6 0.7445497630331753 0.35924170616113743 0.04454976303317536 0.046445497630331754
6 0.7635071090047393 0.4052132701421801 0.029383886255924172 0.04549763033175355
1 0.7625592417061612 0.44786729857819907 0.03601895734597156 0.04549763033175355
6 0.013270142180094787 0.9701421800947867 0.026540284360189573 0.04265402843601896
6 0.03601895734597156 0.9815165876777251 0.03601895734597156 0.03696682464454976
6 0.06777251184834124 0.9829383886255925 0.03886255924170616 0.034123222748815164
1 0.1014218009478673 0.9706161137440759 0.04549763033175355 0.058767772511848344
9 0.13791469194312797 0.9516587677725118 0.05118483412322275 0.05687203791469194
9 0.17014218009478674 0.9265402843601895 0.052132701421800945 0.06255924170616113
8 0.2075829383886256 0.8971563981042654 0.06729857819905213 0.06919431279620854
8 0.2502369668246445 0.8549763033175355 0.07298578199052133 0.07203791469194312
9 0.8473933649289099 0.6516587677725119 0.06066350710900474 0.023696682464454975
9 0.8180094786729858 0.6649289099526067 0.05308056872037915 0.05023696682464455
1 0.7900473933649289 0.6843601895734597 0.043601895734597156 0.07109004739336493
6 0.7502369668246446 0.6947867298578199 0.046445497630331754 0.05781990521327014
6 0.6985781990521327 0.6962085308056872 0.058767772511848344 0.06635071090047394
6 0.647867298578199 0.6834123222748815 0.06066350710900474 0.06445497630331753
6 0.6099526066350711 0.662085308056872 0.04834123222748815 0.04454976303317536
1 0.5815165876777251 0.6497630331753554 0.05781990521327014 0.01990521327014218