8 0.12274881516587678 0.5203791469194313 0.07677725118483412 0.07772511848341232
9 0.10284360189573459 0.4720379146919431 0.06824644549763033 0.06066350710900474
9 0.08151658767772511 0.4317535545023697 0.07014218009478673 0.06540284360189573
1 0.05924170616113744 0.3881516587677725 0.05308056872037915 0.05402843601895735
6 0.024644549763033177 0.36682464454976305 0.04928909952606635 0.05687203791469194
3 0.4611374407582938 0.3194312796208531 0.04739336492890995 0.04834123222748815
3 0.5265402843601896 0.32654028436018956 0.04739336492890995 0.04928909952606635
3 0.6165876777251185 0.33364928909952607 0.04549763033175355 0.043601895734597156
3 0.6739336492890995 0.31563981042654027 0.04265402843601896 0.04265402843601896
3 0.7303317535545024 0.2023696682464455 0.03886255924170616 0.03601895734597156
3 0.7071090047393365 0.15876777251184834 0.04265402843601896 0.04075829383886256
3 0.6687203791469194 0.08767772511848342 0.04834123222748815 0.05023696682464455
3 0.6317535545023697 0.04265402843601896 0.04928909952606635 0.04834123222748815
8 0.24123222748815165 0.9767772511848342 0.09194312796208531 0.046445497630331754
2 0.2990521327014218 0.981042654028436 0.055924170616113746 0.037914691943127965
3 0.16872037914691942 0.9867298578199052 0.04739336492890995 0.026540284360189573
9 0.34549763033175357 0.9796208530805687 0.061611374407582936 0.04075829383886256
1 0.3758293838862559 0.9706161137440759 0.04834123222748815 0.058767772511848344
9 0.9734597156398104 0.5872037914691943 0.05308056872037915 0.055924170616113746
9 0.7317535545023697 0.5838862559241706 0.07203791469194312 0.04928909952606635
9 0.7488151658767772 0.6232227488151659 0.07582938388625593 0.06919431279620854
9 0.9682464454976303 0.6227488151658768 0.06350710900473934 0.06635071090047394
1 0.9554502369668246 0.6582938388625592 0.05687203791469194 0.06729857819905213
6 0.9251184834123223 0.6848341232227488 0.055924170616113746 0.06540284360189573
6 0.8824644549763033 0.7004739336492891 0.06635071090047394 0.07393364928909953
6 0.8364928909952607 0.7109004739336493 0.06350710900473934 0.07962085308056872
6 0.7981042654028436 0.6966824644549763 0.054976303317535544 0.06255924170616113
1 0.7649289099526067 0.6720379146919432 0.061611374407582936 0.06540284360189573