8 0.2 0.16445497630331754 0.08056872037914692 0.0881516587677725
3 0.13270142180094788 0.16066350710900473 0.046445497630331754 0.046445497630331754
9 0.08341232227488152 0.14739336492890995 0.05781990521327014 0.07298578199052133
1 0.035545023696682464 0.14502369668246445 0.054976303317535544 0.05971563981042654
6 0.008056872037914692 0.15687203791469195 0.016113744075829384 0.061611374407582936
8 0.6118483412322275 0.02890995260663507 0.06540284360189573 0.05781990521327014
8 0.9270142180094787 0.04123222748815166 0.06350710900473934 0.06255924170616113
8 0.9127962085308057 0.0938388625592417 0.06635071090047394 0.06635071090047394
8 0.6298578199052133 0.07914691943127962 0.06445497630331753 0.06445497630331753
9 0.64739336492891 0.12843601895734597 0.04549763033175355 0.04834123222748815
9 0.6682464454976303 0.17109004739336492 0.04549763033175355 0.052132701421800945
9 0.895260663507109 0.14123222748815165 0.04834123222748815 0.052132701421800945
9 0.871563981042654 0.18104265402843603 0.04834123222748815 0.05023696682464455
1 0.8388625592417062 0.204739336492891 0.04549763033175355 0.046445497630331754
1 0.6938388625592417 0.204739336492891 0.04075829383886256 0.05118483412322275
6 0.8109004739336493 0.22274881516587677 0.04170616113744076 0.04549763033175355
6 0.7805687203791469 0.23080568720379147 0.037914691943127965 0.05402843601895735
6 0.7554502369668247 0.22701421800947869 0.037914691943127965 0.04170616113744076
6 0.7241706161137441 0.22464454976303316 0.04549763033175355 0.05687203791469194
9 0.06587677725118483 0.7222748815165877 0.06540284360189573 0.06255924170616113
1 0.0867298578199052 0.6725118483412322 0.05118483412322275 0.058767772511848344
6 0.11327014218009479 0.657345971563981 0.04454976303317536 0.046445497630331754
6 0.14075829383886257 0.6402843601895735 0.03886255924170616 0.04834123222748815
6 0.17677725118483412 0.638388625592417 0.037914691943127965 0.04454976303317536
6 0.20900473933649288 0.6407582938388625 0.043601895734597156 0.04834123222748815
1 0.24928909952606634 0.6526066350710901 0.052132701421800945 0.058767772511848344
9 0.27582938388625594 0.6966824644549763 0.06919431279620854 0.06635071090047394
8 0.6900473933649289 0.7919431279620853 0.0909952606635071 0.07962085308056872
3 0.714218009478673 0.7545023696682465 0.03886255924170616 0.03886255924170616
3 0.7123222748815166 0.70521327014218 0.04075829383886256 0.03981042654028436
9 0.9042654028436019 0.6090047393364929 0.07203791469194312 0.06255924170616113
9 0.7132701421800948 0.64739336492891 0.07298578199052133 0.07014218009478673
6 0.8279620853080568 0.5824644549763033 0.06445497630331753 0.07014218009478673
6 0.8687203791469195 0.5886255924170616 0.04928909952606635 0.055924170616113746
6 0.7725118483412322 0.5919431279620853 0.06635071090047394 0.07298578199052133
6 0.7336492890995261 0.6075829383886255 0.052132701421800945 0.05781990521327014