8 0.2919431279620853 0.42890995260663506 0.09194312796208531 0.08530805687203792
3 0.3459715639810427 0.47488151658767774 0.04454976303317536 0.03886255924170616
9 0.4156398104265403 0.4829383886255924 0.06255924170616113 0.06824644549763033
9 0.44739336492890996 0.5 0.024644549763033177 0.061611374407582936
8 0.714218009478673 0.30947867298578197 0.08625592417061612 0.08625592417061612
3 0.7691943127962085 0.3104265402843602 0.043601895734597156 0.05023696682464455
9 0.8127962085308057 0.35450236966824644 0.05971563981042654 0.07393364928909953
9 0.8554502369668247 0.3644549763033175 0.052132701421800945 0.07014218009478673
1 0.9033175355450237 0.3706161137440758 0.05687203791469194 0.06540284360189573
6 0.9483412322274881 0.37203791469194314 0.05308056872037915 0.05402843601895735
6 0.976303317535545 0.33981042654028437 0.04739336492890995 0.05971563981042654
4 0.3767772511848341 0.7819905213270142 0.043601895734597156 0.046445497630331754
4 0.042180094786729856 0.7066350710900474 0.04739336492890995 0.04265402843601896
8 0.02085308056872038 0.7559241706161137 0.04170616113744076 0.0881516587677725
8 0.3881516587677725 0.8454976303317535 0.08625592417061612 0.08625592417061612
9 0.05781990521327014 0.657345971563981 0.06635071090047394 0.058767772511848344
9 0.0909952606635071 0.6374407582938388 0.07393364928909953 0.035071090047393366
9 0.37725118483412323 0.728436018957346 0.06919431279620854 0.054976303317535544
9 0.36208530805687206 0.6838862559241706 0.06729857819905213 0.055924170616113746
1 0.34881516587677724 0.6459715639810426 0.06635071090047394 0.052132701421800945
8 0.6521327014218009 0.7881516587677725 0.07772511848341232 0.08246445497630332
9 0.6639810426540285 0.8464454976303317 0.06255924170616113 0.05781990521327014
9 0.6748815165876777 0.8895734597156398 0.055924170616113746 0.05687203791469194
9 0.9109004739336493 0.9018957345971564 0.05687203791469194 0.055924170616113746
9 0.8843601895734597 0.9379146919431279 0.054976303317535544 0.058767772511848344
1 0.8488151658767773 0.9630331753554502 0.04834123222748815 0.06540284360189573
1 0.695260663507109 0.9293838862559242 0.04834123222748815 0.05781990521327014
6 0.8151658767772512 0.9710900473933649 0.04170616113744076 0.05781990521327014
6 0.7796208530805687 0.9696682464454977 0.03886255924170616 0.06066350710900474
6 0.7421800947867299 0.966350710900474 0.043601895734597156 0.06255924170616113
6 0.7156398104265402 0.9502369668246445 0.04075829383886256 0.06255924170616113