8 0.26350710900473934 0.21469194312796208 0.08436018957345971 0.0881516587677725
8 0.28672985781990523 0.2791469194312796 0.07109004739336493 0.07772511848341232
9 0.30947867298578197 0.32606635071090045 0.06350710900473934 0.06350710900473934
9 0.33317535545023697 0.36540284360189573 0.06445497630331753 0.06350710900473934
3 0.36066350710900474 0.3853080568720379 0.03222748815165877 0.03601895734597156
6 0.3971563981042654 0.3976303317535545 0.046445497630331754 0.06255924170616113
6 0.43033175355450237 0.4018957345971564 0.046445497630331754 0.06350710900473934
6 0.4597156398104265 0.4066350710900474 0.03886255924170616 0.054976303317535544
6 0.4786729857819905 0.4028436018957346 0.04170616113744076 0.04739336492890995
1 0.4867298578199052 0.37772511848341234 0.025592417061611375 0.06729857819905213
8 0.5393364928909953 0.11279620853080569 0.07962085308056872 0.08530805687203792
8 0.8682464454976303 0.11848341232227488 0.08151658767772511 0.07488151658767772
8 0.8492890995260663 0.1853080568720379 0.07393364928909953 0.07298578199052133
8 0.5620853080568721 0.1791469194312796 0.0881516587677725 0.0881516587677725
9 0.8355450236966825 0.23412322274881517 0.06255924170616113 0.054976303317535544
9 0.8184834123222748 0.27535545023696684 0.05402843601895735 0.055924170616113746
9 0.5824644549763033 0.23270142180094786 0.07203791469194312 0.06350710900473934
9 0.6014218009478673 0.2796208530805687 0.05402843601895735 0.05687203791469194
1 0.637914691943128 0.3127962085308057 0.055924170616113746 0.06066350710900474
6 0.6748815165876777 0.3298578199052133 0.04549763033175355 0.05308056872037915
6 0.7061611374407583 0.33791469194312795 0.037914691943127965 0.04454976303317536
6 0.737914691943128 0.33696682464454975 0.03696682464454976 0.04265402843601896
6 0.7696682464454976 0.33127962085308055 0.03886255924170616 0.04075829383886256
1 0.7914691943127962 0.30947867298578197 0.061611374407582936 0.055924170616113746
8 0.3791469194312796 0.7109004739336493 0.08625592417061612 0.08151658767772511
8 0.45118483412322274 0.7146919431279621 0.08436018957345971 0.08436018957345971
9 0.490521327014218 0.7222748815165877 0.01800947867298578 0.06066350710900474
4 0.9540284360189574 0.8824644549763033 0.03601895734597156 0.03222748815165877
8 0.8909952606635071 0.8843601895734597 0.0881516587677725 0.0938388625592417
9 0.828436018957346 0.8886255924170616 0.055924170616113746 0.06824644549763033
9 0.7800947867298578 0.8881516587677725 0.05781990521327014 0.06729857819905213
1 0.7317535545023697 0.8838862559241706 0.05781990521327014 0.06824644549763033
6 0.6947867298578199 0.8606635071090047 0.04834123222748815 0.07393364928909953
6 0.6767772511848341 0.8232227488151659 0.03601895734597156 0.04928909952606635
6 0.6834123222748815 0.7943127962085308 0.052132701421800945 0.04454976303317536