9 0.025118483412322274 0.471563981042654 0.05023696682464455 0.06919431279620854
9 0.016587677725118485 0.23364928909952606 0.03317535545023697 0.06729857819905213
1 0.055924170616113746 0.2502369668246445 0.06350710900473934 0.06350710900473934
1 0.061611374407582936 0.44691943127962086 0.06445497630331753 0.061611374407582936
6 0.08341232227488152 0.2834123222748815 0.06635071090047394 0.055924170616113746
6 0.09573459715639811 0.3232227488151659 0.06919431279620854 0.054976303317535544
6 0.0976303317535545 0.37251184834123224 0.07014218009478673 0.05402843601895735
6 0.08767772511848342 0.4151658767772512 0.06350710900473934 0.04928909952606635
8 0.6426540284360189 0.22654028436018958 0.07109004739336493 0.07582938388625593
8 0.6725118483412322 0.17203791469194313 0.06824644549763033 0.08056872037914692
8 0.9639810426540284 0.38341232227488153 0.07203791469194312 0.061611374407582936
8 0.9715639810426541 0.33080568720379144 0.05687203791469194 0.06445497630331753
9 0.9777251184834124 0.2777251184834123 0.04454976303317536 0.05687203791469194
9 0.9777251184834124 0.22938388625592418 0.04454976303317536 0.06066350710900474
1 0.9691943127962085 0.17962085308056872 0.061611374407582936 0.06540284360189573
9 0.7146919431279621 0.13412322274881516 0.06540284360189573 0.06919431279620854
9 0.7530805687203791 0.1037914691943128 0.06540284360189573 0.07488151658767772
1 0.8009478672985783 0.08293838862559241 0.06255924170616113 0.07677725118483412
6 0.852132701421801 0.07251184834123223 0.04928909952606635 0.06919431279620854
6 0.9018957345971564 0.07251184834123223 0.061611374407582936 0.06824644549763033
6 0.9445497630331754 0.0962085308056872 0.06635071090047394 0.07488151658767772
6 0.9691943127962085 0.13270142180094788 0.061611374407582936 0.06635071090047394
0 0.05924170616113744 0.5962085308056873 0.04265402843601896 0.04834123222748815
8 0.015639810426540283 0.5938388625592417 0.031279620853080566 0.08246445497630332
9 0.11611374407582939 0.566350710900474 0.05687203791469194 0.07677725118483412
9 0.16161137440758294 0.5630331753554503 0.04834123222748815 0.07014218009478673
1 0.21184834123222748 0.5587677725118484 0.052132701421800945 0.06445497630331753
6 0.26018957345971566 0.5644549763033175 0.06255924170616113 0.07393364928909953
6 0.2933649289099526 0.5867298578199052 0.07298578199052133 0.07582938388625593
6 0.32654028436018956 0.6303317535545023 0.07867298578199051 0.07677725118483412
4 0.6563981042654028 0.695260663507109 0.06255924170616113 0.06066350710900474
3 0.7355450236966825 0.5696682464454976 0.04928909952606635 0.046445497630331754
4 0.7985781990521327 0.5322274881516588 0.05781990521327014 0.025592417061611375