2 0.053554502369668244 0.14454976303317535 0.06540284360189573 0.08530805687203792
8 0.10758293838862559 0.16540284360189572 0.0947867298578199 0.10426540284360189
9 0.15924170616113745 0.18341232227488152 0.06255924170616113 0.07582938388625593
9 0.20568720379146918 0.1962085308056872 0.07298578199052133 0.08341232227488152
1 0.2563981042654028 0.21658767772511847 0.07772511848341232 0.07582938388625593
6 0.3127962085308057 0.2127962085308057 0.06919431279620854 0.06635071090047394
6 0.35165876777251187 0.1938388625592417 0.07867298578199051 0.08056872037914692
6 0.3767772511848341 0.14739336492890995 0.08056872037914692 0.06919431279620854
8 0.4876777251184834 0.16492890995260664 0.055924170616113746 0.08720379146919431
8 0.7611374407582938 0.2919431279620853 0.08151658767772511 0.07677725118483412
8 0.7644549763033175 0.23554502369668245 0.08246445497630332 0.08056872037914692
2 0.7663507109004739 0.1848341232227488 0.05687203791469194 0.04834123222748815
9 0.4976303317535545 0.11469194312796209 0.07203791469194312 0.061611374407582936
9 0.5265402843601896 0.07203791469194312 0.07488151658767772 0.06824644549763033
1 0.5521327014218009 0.036492890995260666 0.054976303317535544 0.05781990521327014
9 0.7639810426540284 0.13601895734597155 0.07393364928909953 0.07014218009478673
1 0.7578199052132701 0.09052132701421801 0.06540284360189573 0.07014218009478673
6 0.7327014218009479 0.05308056872037915 0.06635071090047394 0.06824644549763033
6 0.6928909952606636 0.03033175355450237 0.06635071090047394 0.06066350710900474
6 0.6402843601895735 0.025118483412322274 0.06729857819905213 0.05023696682464455
6 0.5962085308056873 0.03033175355450237 0.06255924170616113 0.06066350710900474
8 0.047867298578199054 0.7 0.0881516587677725 0.08909952606635071
8 0.11943127962085308 0.6838862559241706 0.08909952606635071 0.08909952606635071
9 0.17819905213270143 0.6758293838862559 0.06066350710900474 0.06350710900473934
9 0.2241706161137441 0.6739336492890995 0.058767772511848344 0.06066350710900474
1 0.2672985781990521 0.6881516587677725 0.058767772511848344 0.06066350710900474
6 0.3009478672985782 0.7075829383886256 0.054976303317535544 0.05023696682464455
6 0.318957345971564 0.7322274881516587 0.05118483412322275 0.043601895734597156
8 0.681042654028436 0.6540284360189573 0.09194312796208531 0.09289099526066351
9 0.7450236966824645 0.5853080568720379 0.08625592417061612 0.0909952606635071
9 0.7815165876777251 0.5530805687203791 0.08341232227488152 0.08530805687203792
1 0.8213270142180095 0.524170616113744 0.08436018957345971 0.08436018957345971
3 0.8663507109004739 0.5080568720379147 0.03886255924170616 0.03886255924170616
3 0.9388625592417061 0.533649289099526 0.03886255924170616 0.04075829383886256
3 0.9800947867298578 0.5682464454976304 0.034123222748815164 0.03317535545023697
3 0.9767772511848342 0.6246445497630332 0.03696682464454976 0.034123222748815164
8 0.9606635071090047 0.6867298578199053 0.07867298578199051 0.08625592417061612
3 0.9853080568720379 0.5981042654028436 0.029383886255924172 0.034123222748815164
3 0.9729857819905213 0.6507109004739337 0.037914691943127965 0.03601895734597156