8 0.18672985781990523 0.4962085308056872 0.07393364928909953 0.08720379146919431
8 0.23744075829383887 0.45924170616113746 0.08909952606635071 0.0938388625592417
9 0.285781990521327 0.4270142180094787 0.06350710900473934 0.07393364928909953
9 0.32796208530805687 0.41184834123222747 0.06729857819905213 0.07582938388625593
1 0.37203791469194314 0.390521327014218 0.06445497630331753 0.07203791469194312
6 0.418957345971564 0.3867298578199052 0.06635071090047394 0.07298578199052133
6 0.45592417061611373 0.3943127962085308 0.04739336492890995 0.08151658767772511
2 0.7981042654028436 0.4104265402843602 0.05023696682464455 0.037914691943127965
8 0.7393364928909952 0.4483412322274882 0.07488151658767772 0.06729857819905213
9 0.6867298578199053 0.46872037914691944 0.058767772511848344 0.05971563981042654
9 0.6407582938388625 0.4819905213270142 0.06350710900473934 0.06445497630331753
1 0.5909952606635072 0.5009478672985782 0.06635071090047394 0.06635071090047394
6 0.5436018957345972 0.500473933649289 0.055924170616113746 0.06729857819905213
6 0.5052132701421801 0.490521327014218 0.05118483412322275 0.09194312796208531
6 0.4867298578199052 0.46824644549763034 0.014218009478672985 0.07393364928909953
8 0.3303317535545024 0.7255924170616114 0.0995260663507109 0.031279620853080566
9 0.3407582938388626 0.7578199052132701 0.07867298578199051 0.07014218009478673
9 0.34739336492890993 0.8090047393364929 0.06824644549763033 0.06729857819905213
6 0.46966824644549765 0.8805687203791469 0.01990521327014218 0.06445497630331753
6 0.45402843601895737 0.8872037914691943 0.04454976303317536 0.06255924170616113
6 0.4270142180094787 0.8786729857819905 0.04739336492890995 0.06255924170616113
6 0.395260663507109 0.8734597156398104 0.05023696682464455 0.06066350710900474
1 0.3639810426540284 0.8511848341232228 0.052132701421800945 0.05781990521327014