8 0.3241706161137441 0.2156398104265403 0.07014218009478673 0.07298578199052133
9 0.3805687203791469 0.21990521327014217 0.054976303317535544 0.06255924170616113
9 0.42322274881516586 0.23696682464454977 0.06066350710900474 0.06635071090047394
1 0.4777251184834123 0.2502369668246445 0.06255924170616113 0.06255924170616113
6 0.5018957345971564 0.28151658767772514 0.055924170616113746 0.054976303317535544
6 0.5085308056872038 0.32085308056872036 0.04265402843601896 0.05402843601895735
6 0.5104265402843602 0.36635071090047394 0.03886255924170616 0.046445497630331754
4 0.5981042654028436 0.26587677725118486 0.03033175355450237 0.04075829383886256
4 0.6194312796208531 0.22085308056872038 0.031279620853080566 0.03696682464454976
4 0.662085308056872 0.12511848341232226 0.04075829383886256 0.05308056872037915
8 0.3687203791469194 0.7497630331753554 0.07298578199052133 0.07488151658767772
9 0.37298578199052135 0.8066350710900474 0.05023696682464455 0.04928909952606635
9 0.4066350710900474 0.8345971563981043 0.04739336492890995 0.052132701421800945
1 0.4184834123222749 0.875829383886256 0.04454976303317536 0.05308056872037915
6 0.5246445497630332 0.8928909952606635 0.01042654028436019 0.05308056872037915
6 0.5066350710900474 0.8990521327014218 0.035071090047393366 0.04834123222748815
6 0.47440758293838864 0.8909952606635071 0.037914691943127965 0.04739336492890995
6 0.44786729857819907 0.8981042654028436 0.037914691943127965 0.05118483412322275
8 0.6829383886255924 0.4312796208530806 0.06729857819905213 0.07109004739336493
9 0.6663507109004739 0.49146919431279623 0.054976303317535544 0.052132701421800945
9 0.6549763033175355 0.5393364928909953 0.05118483412322275 0.04739336492890995
1 0.633175355450237 0.571563981042654 0.05402843601895735 0.05781990521327014
6 0.6018957345971564 0.5862559241706161 0.03886255924170616 0.05781990521327014
6 0.5744075829383887 0.6090047393364929 0.037914691943127965 0.06255924170616113
6 0.5540284360189573 0.5962085308056873 0.03886255924170616 0.04928909952606635