8 0.4895734597156398 0.4270142180094787 0.08056872037914692 0.09573459715639811
9 0.4322274881516588 0.44644549763033176 0.06445497630331753 0.07203791469194312
9 0.38341232227488153 0.46303317535545024 0.06540284360189573 0.07109004739336493
1 0.3350710900473934 0.4720379146919431 0.055924170616113746 0.058767772511848344
6 0.2976303317535545 0.46445497630331756 0.05308056872037915 0.05118483412322275
6 0.27535545023696684 0.4369668246445498 0.05971563981042654 0.043601895734597156
6 0.26540284360189575 0.4052132701421801 0.055924170616113746 0.043601895734597156
3 0.6118483412322275 0.1848341232227488 0.04454976303317536 0.04739336492890995
8 0.6649289099526067 0.16255924170616115 0.09004739336492891 0.0947867298578199
9 0.7184834123222749 0.14028436018957346 0.061611374407582936 0.07298578199052133
9 0.761611374407583 0.11706161137440758 0.04549763033175355 0.06445497630331753
1 0.8028436018957346 0.11042654028436019 0.05023696682464455 0.06066350710900474
6 0.8445497630331753 0.11943127962085308 0.054976303317535544 0.05402843601895735
2 0.8720379146919431 0.37109004739336493 0.07393364928909953 0.07962085308056872
9 0.8933649289099526 0.3293838862559242 0.05971563981042654 0.052132701421800945
9 0.9127962085308057 0.2943127962085308 0.058767772511848344 0.052132701421800945
1 0.9161137440758294 0.24502369668246446 0.055924170616113746 0.05402843601895735
3 0.9203791469194312 0.1909952606635071 0.04170616113744076 0.04834123222748815
3 0.8748815165876778 0.13127962085308056 0.034123222748815164 0.03601895734597156
8 0.22180094786729856 0.6824644549763034 0.07393364928909953 0.07772511848341232
8 0.23981042654028437 0.7398104265402844 0.07582938388625593 0.07867298578199051
9 0.2502369668246445 0.7928909952606635 0.06255924170616113 0.054976303317535544
9 0.25781990521327014 0.8369668246445497 0.05971563981042654 0.05308056872037915
8 0.022748815165876776 0.8748815165876778 0.04549763033175355 0.08530805687203792
9 0.05023696682464455 0.9056872037914692 0.05971563981042654 0.06255924170616113
9 0.06966824644549763 0.9436018957345972 0.055924170616113746 0.05971563981042654
1 0.25876777251184835 0.8777251184834123 0.05687203791469194 0.055924170616113746
1 0.10900473933649289 0.952132701421801 0.04834123222748815 0.05402843601895735
6 0.23412322274881517 0.9061611374407583 0.046445497630331754 0.05118483412322275
6 0.20900473933649288 0.9246445497630332 0.04834123222748815 0.05023696682464455
6 0.17772511848341233 0.9478672985781991 0.03886255924170616 0.04454976303317536
6 0.14928909952606634 0.9507109004739337 0.04454976303317536 0.04834123222748815
3 0.7507109004739336 0.995260663507109 0.04549763033175355 0.009478672985781991
3 0.785781990521327 0.9649289099526066 0.05023696682464455 0.05118483412322275
3 0.8336492890995261 0.9421800947867298 0.03886255924170616 0.04170616113744076
3 0.885781990521327 0.9374407582938389 0.043601895734597156 0.04834123222748815
3 0.9796208530805687 0.933649289099526 0.04075829383886256 0.04549763033175355