6 0.015165876777251185 0.08862559241706161 0.03033175355450237 0.06540284360189573
1 0.025118483412322274 0.12417061611374408 0.05023696682464455 0.07014218009478673
9 0.032701421800947865 0.17677725118483412 0.06540284360189573 0.06919431279620854
9 0.034123222748815164 0.22227488151658767 0.06824644549763033 0.06729857819905213
8 0.7123222748815166 0.23933649289099526 0.0909952606635071 0.1033175355450237
8 0.6417061611374407 0.21421800947867298 0.0947867298578199 0.10426540284360189
9 0.5819905213270142 0.1995260663507109 0.058767772511848344 0.07582938388625593
9 0.5402843601895735 0.18578199052132702 0.061611374407582936 0.07677725118483412
9 0.1872037914691943 0.7507109004739336 0.06066350710900474 0.05687203791469194
6 0.3137440758293839 0.7962085308056872 0.03222748815165877 0.06824644549763033
6 0.28199052132701424 0.8009478672985783 0.05023696682464455 0.06445497630331753
6 0.24786729857819906 0.7943127962085308 0.04928909952606635 0.06350710900473934
1 0.21184834123222748 0.7777251184834123 0.05023696682464455 0.06635071090047394
9 0.15118483412322276 0.7251184834123223 0.06445497630331753 0.052132701421800945
8 0.8336492890995261 0.6312796208530805 0.1014218009478673 0.1004739336492891
8 0.46824644549763034 0.547867298578199 0.0966824644549763 0.1014218009478673
8 0.7890995260663507 0.7014218009478673 0.1004739336492891 0.0995260663507109
9 0.7606635071090048 0.7601895734597156 0.07298578199052133 0.07109004739336493
9 0.7331753554502369 0.8 0.06540284360189573 0.06445497630331753
9 0.4834123222748815 0.6881516587677725 0.06824644549763033 0.06824644549763033
9 0.495260663507109 0.7369668246445498 0.07109004739336493 0.06729857819905213
5 0.4815165876777251 0.614218009478673 0.04549763033175355 0.046445497630331754
1 0.6976303317535545 0.8260663507109005 0.058767772511848344 0.06919431279620854
1 0.5180094786729857 0.7800947867298578 0.06540284360189573 0.07203791469194312
6 0.6549763033175355 0.8322274881516588 0.05687203791469194 0.06919431279620854
6 0.6170616113744076 0.8298578199052132 0.04928909952606635 0.06445497630331753
6 0.5791469194312796 0.8203791469194313 0.04928909952606635 0.06066350710900474
6 0.543127962085308 0.8056872037914692 0.05402843601895735 0.06445497630331753