8 0.3360189573459716 0.36635071090047394 0.09004739336492891 0.07109004739336493
8 0.3469194312796208 0.3056872037914692 0.0881516587677725 0.07677725118483412
8 0.024170616113744076 0.21658767772511847 0.04834123222748815 0.09194312796208531
8 0.04976303317535545 0.17014218009478674 0.08530805687203792 0.08909952606635071
9 0.35687203791469196 0.25497630331753557 0.07109004739336493 0.06066350710900474
9 0.352132701421801 0.2104265402843602 0.07772511848341232 0.05971563981042654
9 0.08293838862559241 0.12654028436018958 0.06729857819905213 0.06635071090047394
1 0.34502369668246446 0.16161137440758294 0.06919431279620854 0.061611374407582936
1 0.15687203791469195 0.06398104265402843 0.06255924170616113 0.06255924170616113
6 0.2052132701421801 0.05924170616113744 0.055924170616113746 0.05687203791469194
6 0.2502369668246445 0.06350710900473934 0.06255924170616113 0.06066350710900474
6 0.2995260663507109 0.0867298578199052 0.06066350710900474 0.05687203791469194
6 0.32796208530805687 0.11848341232227488 0.05687203791469194 0.054976303317535544
7 0.11421800947867299 0.0990521327014218 0.05308056872037915 0.052132701421800945
9 0.016113744075829384 0.790521327014218 0.03222748815165877 0.07772511848341232
9 0.05071090047393365 0.7933649289099526 0.06350710900473934 0.07962085308056872
1 0.1037914691943128 0.7886255924170616 0.05781990521327014 0.06729857819905213
6 0.13744075829383887 0.7658767772511849 0.054976303317535544 0.043601895734597156
6 0.15781990521327013 0.7431279620853081 0.06635071090047394 0.043601895734597156
6 0.17298578199052134 0.7165876777251184 0.06350710900473934 0.035071090047393366
3 0.8028436018957346 0.6454976303317536 0.04834123222748815 0.04739336492890995
3 0.8180094786729858 0.6009478672985782 0.04928909952606635 0.046445497630331754
3 0.8644549763033176 0.5445497630331754 0.03601895734597156 0.04075829383886256
6 0.9715639810426541 0.4601895734597156 0.05687203791469194 0.08056872037914692
6 0.928436018957346 0.47345971563981043 0.05402843601895735 0.06635071090047394
1 0.8815165876777251 0.4947867298578199 0.06066350710900474 0.07298578199052133