6 0.15213270142180094 0.7639810426540284 0.08530805687203792 0.09004739336492891
6 0.2104265402843602 0.7469194312796209 0.07298578199052133 0.0881516587677725
1 0.2672985781990521 0.7431279620853081 0.06635071090047394 0.08530805687203792
9 0.3246445497630332 0.7488151658767772 0.07488151658767772 0.08909952606635071
9 0.35687203791469196 0.7592417061611374 0.025592417061611375 0.08530805687203792
8 0.3872037914691943 0.8236966824644549 0.035071090047393366 0.07203791469194312
8 0.40616113744075827 0.7663507109004739 0.07298578199052133 0.07677725118483412
8 0.6587677725118484 0.8767772511848341 0.06824644549763033 0.06919431279620854
8 0.6497630331753554 0.8090047393364929 0.08056872037914692 0.07962085308056872
9 0.4260663507109005 0.7194312796208531 0.052132701421800945 0.05308056872037915
9 0.44739336492890996 0.6777251184834123 0.04928909952606635 0.052132701421800945
9 0.6431279620853081 0.7497630331753554 0.06066350710900474 0.05402843601895735
9 0.6341232227488152 0.7028436018957346 0.05781990521327014 0.05402843601895735
1 0.624170616113744 0.6582938388625592 0.05023696682464455 0.052132701421800945
1 0.4725118483412322 0.6440758293838863 0.046445497630331754 0.04928909952606635
6 0.5023696682464455 0.628436018957346 0.03981042654028436 0.043601895734597156
6 0.5606635071090047 0.6289099526066351 0.037914691943127965 0.043601895734597156
6 0.5890995260663507 0.6402843601895735 0.04549763033175355 0.04834123222748815
6 0.533175355450237 0.6203791469194313 0.037914691943127965 0.04549763033175355