8 0.323696682464455 0.23696682464454977 0.07677725118483412 0.08909952606635071
8 0.3819905213270142 0.20616113744075829 0.0881516587677725 0.1023696682464455
9 0.41800947867298577 0.17725118483412322 0.043601895734597156 0.07772511848341232
8 0.8876777251184834 0.5042654028436019 0.0938388625592417 0.08720379146919431
8 0.895260663507109 0.43459715639810426 0.0985781990521327 0.09004739336492891
8 0.5222748815165876 0.35924170616113743 0.06919431279620854 0.06729857819905213
8 0.5464454976303318 0.3056872037914692 0.08436018957345971 0.09289099526066351
8 0.6061611374407583 0.271563981042654 0.0909952606635071 0.09289099526066351
9 0.8957345971563981 0.38436018957345974 0.07109004739336493 0.055924170616113746
9 0.8824644549763033 0.34502369668246446 0.07582938388625593 0.05781990521327014
9 0.6454976303317536 0.23459715639810427 0.06255924170616113 0.07203791469194312
9 0.6838862559241706 0.21990521327014217 0.058767772511848344 0.07582938388625593
1 0.8753554502369668 0.2990521327014218 0.07203791469194312 0.06255924170616113
1 0.7227488151658767 0.2023696682464455 0.05687203791469194 0.06255924170616113
6 0.7635071090047393 0.195260663507109 0.05402843601895735 0.05687203791469194
6 0.8023696682464455 0.1962085308056872 0.07298578199052133 0.06824644549763033
6 0.8488151658767773 0.22369668246445498 0.07203791469194312 0.07298578199052133
6 0.8644549763033176 0.25829383886255924 0.05971563981042654 0.055924170616113746
4 0.34407582938388626 0.9255924170616113 0.04549763033175355 0.04454976303317536
3 0.3170616113744076 0.9819905213270143 0.04075829383886256 0.03601895734597156
8 0.06587677725118483 0.9265402843601895 0.07582938388625593 0.08246445497630332
8 0.08151658767772511 0.976303317535545 0.08151658767772511 0.04739336492890995
8 0.6227488151658768 0.8649289099526066 0.08436018957345971 0.0909952606635071
9 0.6687203791469194 0.8398104265402844 0.06066350710900474 0.07203791469194312
2 0.7071090047393365 0.8251184834123223 0.04075829383886256 0.061611374407582936
1 0.7545023696682465 0.809478672985782 0.07109004739336493 0.07582938388625593
6 0.7981042654028436 0.8080568720379147 0.06255924170616113 0.06729857819905213
6 0.8417061611374408 0.8151658767772512 0.07298578199052133 0.07203791469194312