8 0.37156398104265403 0.13222748815165877 0.10426540284360189 0.0985781990521327
8 0.33317535545023697 0.195260663507109 0.0995260663507109 0.0966824644549763
9 0.2990521327014218 0.24834123222748816 0.07203791469194312 0.06540284360189573
9 0.27440758293838863 0.2900473933649289 0.06255924170616113 0.06445497630331753
1 0.25876777251184835 0.31563981042654027 0.06824644549763033 0.02843601895734597
8 0.7222748815165877 0.13554502369668248 0.06350710900473934 0.06635071090047394
8 0.7317535545023697 0.06872037914691943 0.06824644549763033 0.07393364928909953
9 0.738388625592417 0.02132701421800948 0.06255924170616113 0.04265402843601896
8 0.1843601895734597 0.5876777251184834 0.09004739336492891 0.0909952606635071
9 0.15450236966824646 0.6298578199052133 0.06255924170616113 0.05781990521327014
8 0.6947867298578199 0.6663507109004739 0.07014218009478673 0.07109004739336493
8 0.6582938388625592 0.7061611374407583 0.07014218009478673 0.07203791469194312
9 0.6222748815165877 0.7336492890995261 0.055924170616113746 0.05402843601895735
9 0.5947867298578199 0.7582938388625592 0.05023696682464455 0.04928909952606635
1 0.5625592417061611 0.7777251184834123 0.05118483412322275 0.05402843601895735
6 0.5360189573459716 0.7725118483412322 0.03317535545023697 0.05687203791469194