3 0.17440758293838862 0.285781990521327 0.03317535545023697 0.035071090047393366
8 0.21137440758293838 0.33080568720379144 0.07962085308056872 0.08151658767772511
1 0.010900473933649289 0.18578199052132702 0.021800947867298578 0.06445497630331753
6 0.034123222748815164 0.16682464454976303 0.05023696682464455 0.06350710900473934
6 0.06587677725118483 0.16540284360189572 0.04928909952606635 0.06540284360189573
6 0.09573459715639811 0.16587677725118483 0.05118483412322275 0.06350710900473934
6 0.12369668246445498 0.17488151658767773 0.05971563981042654 0.06445497630331753
1 0.15023696682464455 0.1976303317535545 0.06066350710900474 0.06255924170616113
9 0.17393364928909952 0.23601895734597156 0.058767772511848344 0.05971563981042654
8 0.7312796208530805 0.026540284360189573 0.06729857819905213 0.05308056872037915
9 0.7421800947867299 0.06777251184834124 0.06350710900473934 0.052132701421800945
9 0.7545023696682465 0.104739336492891 0.06540284360189573 0.05402843601895735
9 0.9876777251184834 0.15118483412322276 0.024644549763033177 0.061611374407582936
1 0.9691943127962085 0.18388625592417063 0.05687203791469194 0.05971563981042654
1 0.7701421800947867 0.14834123222748816 0.06350710900473934 0.05971563981042654
6 0.9393364928909953 0.21943127962085307 0.054976303317535544 0.06066350710900474
6 0.8872037914691943 0.22843601895734597 0.06445497630331753 0.06635071090047394
6 0.8345971563981043 0.21658767772511847 0.06729857819905213 0.07488151658767772
6 0.7943127962085308 0.1943127962085308 0.058767772511848344 0.06540284360189573
8 0.36113744075829385 0.9715639810426541 0.08151658767772511 0.05687203791469194
8 0.05118483412322275 0.8393364928909952 0.07298578199052133 0.08246445497630332
9 0.11090047393364928 0.7753554502369668 0.05781990521327014 0.06350710900473934
9 0.13744075829383887 0.7445497630331753 0.06445497630331753 0.06540284360189573
9 0.3701421800947867 0.8872037914691943 0.06824644549763033 0.05781990521327014
9 0.37345971563981045 0.837914691943128 0.07203791469194312 0.05971563981042654
1 0.3635071090047393 0.7900473933649289 0.06635071090047394 0.07109004739336493
1 0.17535545023696683 0.7251184834123223 0.05687203791469194 0.06445497630331753
6 0.2682464454976303 0.704265402843602 0.06350710900473934 0.07393364928909953
6 0.3194312796208531 0.7203791469194313 0.07014218009478673 0.08246445497630332
6 0.34928909952606635 0.747867298578199 0.06635071090047394 0.06635071090047394
6 0.21753554502369668 0.7056872037914692 0.055924170616113746 0.06255924170616113
3 0.975829383886256 0.8535545023696682 0.03601895734597156 0.03886255924170616
8 0.9341232227488152 0.8924170616113745 0.08151658767772511 0.07582938388625593
9 0.875829383886256 0.9023696682464455 0.05023696682464455 0.054976303317535544
9 0.8336492890995261 0.9156398104265403 0.05308056872037915 0.054976303317535544
1 0.7909952606635071 0.9232227488151659 0.05023696682464455 0.05118483412322275
6 0.752132701421801 0.9156398104265403 0.046445497630331754 0.04834123222748815
6 0.718957345971564 0.9066350710900474 0.04454976303317536 0.05023696682464455
6 0.6947867298578199 0.876303317535545 0.04549763033175355 0.046445497630331754