8 0.17109004739336492 0.25118483412322273 0.05118483412322275 0.05118483412322275
8 0.2213270142180095 0.23222748815165878 0.07772511848341232 0.08625592417061612
2 0.2900473933649289 0.22274881516587677 0.07014218009478673 0.08436018957345971
9 0.34786729857819904 0.20568720379146918 0.06255924170616113 0.07772511848341232
1 0.3995260663507109 0.1966824644549763 0.06350710900473934 0.07393364928909953
6 0.44028436018957345 0.2052132701421801 0.03886255924170616 0.05971563981042654
4 0.8255924170616113 0.06303317535545024 0.043601895734597156 0.043601895734597156
4 0.7345971563981043 0.0909952606635071 0.04454976303317536 0.04170616113744076
9 0.681042654028436 0.08767772511848342 0.06635071090047394 0.061611374407582936
9 0.6293838862559241 0.09194312796208531 0.05308056872037915 0.06066350710900474
1 0.5867298578199052 0.08578199052132701 0.06066350710900474 0.05971563981042654
6 0.556872037914692 0.06350710900473934 0.061611374407582936 0.04549763033175355
6 0.533175355450237 0.05260663507109005 0.058767772511848344 0.043601895734597156
6 0.5308056872037915 0.02037914691943128 0.054976303317535544 0.04075829383886256
8 0.2909952606635071 0.6440758293838863 0.07488151658767772 0.06919431279620854
8 0.2720379146919431 0.7023696682464455 0.07772511848341232 0.07203791469194312
9 0.25213270142180094 0.7492890995260664 0.06919431279620854 0.054976303317535544
9 0.23791469194312795 0.7924170616113744 0.05971563981042654 0.05308056872037915
8 0.009478672985781991 0.6786729857819905 0.018957345971563982 0.06635071090047394
8 0.02227488151658768 0.7293838862559242 0.04454976303317536 0.06729857819905213
9 0.026066350710900472 0.7706161137440758 0.052132701421800945 0.054976303317535544
9 0.04028436018957346 0.809478672985782 0.06066350710900474 0.058767772511848344
1 0.20853080568720378 0.8303317535545024 0.054976303317535544 0.05687203791469194
1 0.06066350710900474 0.8355450236966825 0.055924170616113746 0.06066350710900474
6 0.1815165876777251 0.8469194312796209 0.029383886255924172 0.04549763033175355
6 0.15497630331753554 0.8507109004739336 0.037914691943127965 0.05308056872037915
6 0.12748815165876778 0.8497630331753554 0.04454976303317536 0.05971563981042654
6 0.09146919431279621 0.8483412322274881 0.04834123222748815 0.058767772511848344
3 0.4663507109004739 0.7829383886255924 0.013270142180094787 0.04739336492890995
3 0.5109004739336492 0.8767772511848341 0.04075829383886256 0.043601895734597156
3 0.5388625592417061 0.9161137440758294 0.03696682464454976 0.03601895734597156
8 0.8009478672985783 0.7398104265402844 0.07677725118483412 0.07298578199052133
8 0.776303317535545 0.8037914691943128 0.07677725118483412 0.07298578199052133
9 0.7559241706161137 0.8563981042654029 0.054976303317535544 0.05118483412322275
9 0.7469194312796209 0.9014218009478673 0.055924170616113746 0.055924170616113746
1 0.7175355450236967 0.9327014218009478 0.058767772511848344 0.07298578199052133
6 0.6890995260663507 0.95260663507109 0.05118483412322275 0.06350710900473934
6 0.6658767772511849 0.9601895734597157 0.04739336492890995 0.06540284360189573
6 0.6369668246445498 0.9625592417061611 0.03981042654028436 0.07488151658767772
6 0.6023696682464454 0.9601895734597157 0.04834123222748815 0.07962085308056872
1 0.5649289099526066 0.9516587677725118 0.05402843601895735 0.08341232227488152