8 0.02132701421800948 0.4886255924170616 0.04265402843601896 0.09573459715639811
8 0.05545023696682464 0.44976303317535543 0.08436018957345971 0.0938388625592417
9 0.10426540284360189 0.42843601895734595 0.055924170616113746 0.07203791469194312
9 0.14739336492890995 0.42227488151658765 0.06066350710900474 0.07772511848341232
1 0.1933649289099526 0.4137440758293839 0.06635071090047394 0.07203791469194312
6 0.23933649289099526 0.4156398104265403 0.06445497630331753 0.06729857819905213
6 0.28199052132701424 0.4308056872037915 0.08625592417061612 0.08341232227488152
6 0.32606635071090045 0.45071090047393364 0.04265402843601896 0.043601895734597156
8 0.376303317535545 0.3943127962085308 0.05308056872037915 0.08720379146919431
8 0.418957345971564 0.35687203791469196 0.08151658767772511 0.06729857819905213
9 0.47345971563981043 0.32606635071090045 0.05687203791469194 0.05781990521327014
8 0.6246445497630332 0.5630331753554503 0.09004739336492891 0.08436018957345971
9 0.6421800947867299 0.5033175355450237 0.06635071090047394 0.061611374407582936
9 0.6554502369668247 0.45402843601895737 0.06066350710900474 0.04928909952606635
1 0.6616113744075829 0.4104265402843602 0.05308056872037915 0.046445497630331754
9 0.5099526066350711 0.3014218009478673 0.05308056872037915 0.05971563981042654
1 0.5459715639810426 0.3170616113744076 0.054976303317535544 0.05308056872037915
6 0.6440758293838863 0.3753554502369668 0.04549763033175355 0.03601895734597156
6 0.6303317535545023 0.34976303317535545 0.04454976303317536 0.043601895734597156
6 0.6066350710900474 0.3293838862559242 0.03981042654028436 0.03981042654028436
6 0.5834123222748815 0.318957345971564 0.04454976303317536 0.054976303317535544
8 0.04549763033175355 0.6971563981042654 0.0909952606635071 0.07488151658767772
9 0.9578199052132701 0.8218009478672986 0.07677725118483412 0.08436018957345971
9 0.9165876777251185 0.8033175355450237 0.07488151658767772 0.0881516587677725
1 0.8748815165876778 0.7838862559241706 0.055924170616113746 0.07298578199052133
6 0.8407582938388626 0.7791469194312797 0.04170616113744076 0.06066350710900474
6 0.8033175355450237 0.7886255924170616 0.05781990521327014 0.07677725118483412
6 0.7587677725118483 0.8042654028436019 0.06635071090047394 0.08246445497630332
6 0.7298578199052133 0.8199052132701422 0.043601895734597156 0.06729857819905213
1 0.7146919431279621 0.8440758293838863 0.058767772511848344 0.07014218009478673
9 0.704265402843602 0.8810426540284361 0.08056872037914692 0.07772511848341232