3 0.024644549763033177 0.25402843601895736 0.04454976303317536 0.043601895734597156
4 0.07772511848341232 0.2838862559241706 0.043601895734597156 0.046445497630331754
9 0.12748815165876778 0.3061611374407583 0.05023696682464455 0.05402843601895735
9 0.17109004739336492 0.3127962085308057 0.04454976303317536 0.05402843601895735
1 0.2123222748815166 0.3137440758293839 0.04834123222748815 0.05118483412322275
6 0.24360189573459715 0.3 0.05781990521327014 0.04739336492890995
6 0.26587677725118486 0.2824644549763033 0.05971563981042654 0.03981042654028436
8 0.6246445497630332 0.3744075829383886 0.03033175355450237 0.08530805687203792
8 0.6677725118483412 0.35402843601895734 0.06540284360189573 0.08436018957345971
9 0.7218009478672985 0.3407582938388626 0.05023696682464455 0.06066350710900474
9 0.7682464454976303 0.34312796208530805 0.052132701421800945 0.08246445497630332
9 0.8109004739336493 0.33886255924170616 0.05023696682464455 0.07488151658767772
1 0.8587677725118483 0.33744075829383885 0.05118483412322275 0.07677725118483412
6 0.9037914691943127 0.3412322274881517 0.052132701421800945 0.07298578199052133
6 0.9303317535545024 0.35592417061611376 0.07109004739336493 0.04834123222748815
3 0.34218009478672984 0.6781990521327014 0.03981042654028436 0.03981042654028436
4 0.36540284360189573 0.6317535545023697 0.03601895734597156 0.04075829383886256
1 0.3909952606635071 0.5540284360189573 0.04834123222748815 0.07203791469194312
8 0.5981042654028436 0.6834123222748815 0.022748815165876776 0.08151658767772511
9 0.5928909952606635 0.6369668246445498 0.03317535545023697 0.06445497630331753
9 0.5824644549763033 0.5985781990521327 0.05402843601895735 0.07109004739336493
1 0.5701421800947867 0.5582938388625592 0.05402843601895735 0.06824644549763033
6 0.5417061611374407 0.5341232227488152 0.04834123222748815 0.06540284360189573
6 0.5052132701421801 0.5208530805687204 0.05308056872037915 0.06445497630331753
6 0.45829383886255926 0.5165876777251185 0.052132701421800945 0.06255924170616113
6 0.4208530805687204 0.5270142180094787 0.04549763033175355 0.05687203791469194
8 0.7729857819905214 0.9374407582938389 0.0909952606635071 0.07488151658767772
8 0.7971563981042654 0.8805687203791469 0.0938388625592417 0.08151658767772511
9 0.8265402843601896 0.8322274881516588 0.08246445497630332 0.06635071090047394
9 0.8440758293838863 0.7914691943127962 0.06635071090047394 0.06635071090047394
2 0.9895734597156398 0.7677725118483413 0.02085308056872038 0.05308056872037915
2 0.9606635071090047 0.7530805687203791 0.03317535545023697 0.04265402843601896
2 0.9199052132701422 0.7677725118483413 0.037914691943127965 0.046445497630331754