8 0.12511848341232226 0.11611374407582939 0.06255924170616113 0.0909952606635071
8 0.15971563981042655 0.13317535545023695 0.06729857819905213 0.0938388625592417
9 0.1876777251184834 0.15402843601895735 0.06255924170616113 0.08720379146919431
1 0.2739336492890995 0.18341232227488152 0.06919431279620854 0.07582938388625593
6 0.323696682464455 0.1848341232227488 0.058767772511848344 0.07109004739336493
6 0.3819905213270142 0.17061611374407584 0.07109004739336493 0.08625592417061612
9 0.22938388625592418 0.16872037914691942 0.07298578199052133 0.08720379146919431
8 0.490521327014218 0.23222748815165878 0.061611374407582936 0.07962085308056872
8 0.5412322274881517 0.25971563981042656 0.08341232227488152 0.08246445497630332
9 0.6402843601895735 0.2947867298578199 0.052132701421800945 0.055924170616113746
1 0.6862559241706161 0.2985781990521327 0.05308056872037915 0.052132701421800945
6 0.7241706161137441 0.2895734597156398 0.05781990521327014 0.05023696682464455
6 0.747867298578199 0.27440758293838863 0.05687203791469194 0.046445497630331754
9 0.5938388625592417 0.2838862559241706 0.052132701421800945 0.058767772511848344
8 0.3289099526066351 0.852132701421801 0.07298578199052133 0.08151658767772511
1 0.43554502369668247 0.7682464454976303 0.04834123222748815 0.04834123222748815
9 0.376303317535545 0.8236966824644549 0.05118483412322275 0.055924170616113746
9 0.3995260663507109 0.7909952606635071 0.05118483412322275 0.05402843601895735
8 0.6251184834123222 0.9886255924170616 0.09004739336492891 0.022748815165876776
9 0.6834123222748815 0.9867298578199052 0.07014218009478673 0.026540284360189573
9 0.737914691943128 0.9848341232227488 0.05402843601895735 0.03033175355450237
2 0.7824644549763033 0.9919431279620853 0.04454976303317536 0.016113744075829384
1 0.8303317535545024 0.990521327014218 0.05687203791469194 0.018957345971563982