8 0.24691943127962085 0.35971563981042654 0.06824644549763033 0.0947867298578199
8 0.27677725118483415 0.3791469194312796 0.06635071090047394 0.0966824644549763
9 0.2914691943127962 0.4018957345971564 0.03696682464454976 0.0909952606635071
8 0.5450236966824644 0.03364928909952607 0.10995260663507109 0.06729857819905213
8 0.5393364928909953 0.1023696682464455 0.1023696682464455 0.1061611374407583
8 0.862085308056872 0.14360189573459717 0.13649289099526066 0.13080568720379146
8 0.8085308056872038 0.21469194312796208 0.11469194312796209 0.11279620853080569
9 0.7649289099526067 0.2739336492890995 0.08625592417061612 0.07393364928909953
9 0.728436018957346 0.30995260663507107 0.07298578199052133 0.07677725118483412
9 0.5383886255924171 0.16777251184834124 0.07488151658767772 0.06824644549763033
9 0.543127962085308 0.21469194312796208 0.07014218009478673 0.06729857819905213
1 0.6772511848341233 0.3161137440758294 0.06824644549763033 0.07962085308056872
6 0.6279620853080569 0.3170616113744076 0.061611374407582936 0.07109004739336493
6 0.5895734597156398 0.3080568720379147 0.05402843601895735 0.06350710900473934
6 0.5819905213270142 0.27630331753554505 0.06635071090047394 0.07203791469194312
1 0.5559241706161138 0.26445497630331755 0.06729857819905213 0.06824644549763033
3 0.035545023696682464 0.6061611374407583 0.046445497630331754 0.04739336492890995
3 0.034123222748815164 0.6497630331753554 0.04454976303317536 0.04549763033175355
1 0.025592417061611375 0.8042654028436019 0.05118483412322275 0.06350710900473934
9 0.031279620853080566 0.7222748815165877 0.06066350710900474 0.058767772511848344
6 0.014218009478672985 0.8398104265402844 0.02843601895734597 0.04549763033175355
3 0.01990521327014218 0.7545023696682465 0.027488151658767772 0.02085308056872038
8 0.9104265402843602 0.6255924170616114 0.07488151658767772 0.08056872037914692
8 0.8781990521327014 0.5867298578199052 0.07298578199052133 0.054976303317535544