8 0.45260663507109006 0.3696682464454976 0.07677725118483412 0.08530805687203792
2 0.3928909952606635 0.3819905213270142 0.05687203791469194 0.07582938388625593
9 0.3412322274881517 0.3971563981042654 0.04928909952606635 0.06445497630331753
9 0.3042654028436019 0.4014218009478673 0.04739336492890995 0.055924170616113746
1 0.25829383886255924 0.4056872037914692 0.052132701421800945 0.04739336492890995
6 0.22464454976303316 0.4009478672985782 0.05687203791469194 0.054976303317535544
6 0.2033175355450237 0.3758293838862559 0.07393364928909953 0.05971563981042654
8 0.852132701421801 0.11042654028436019 0.07867298578199051 0.07867298578199051
9 0.819431279620853 0.22938388625592418 0.05308056872037915 0.05308056872037915
9 0.7943127962085308 0.26919431279620853 0.05402843601895735 0.05023696682464455
1 0.7744075829383886 0.3085308056872038 0.05023696682464455 0.052132701421800945
6 0.74739336492891 0.3303317535545024 0.04075829383886256 0.04834123222748815
6 0.7165876777251184 0.33838862559241706 0.04265402843601896 0.04549763033175355
6 0.681042654028436 0.3469194312796208 0.037914691943127965 0.046445497630331754
6 0.6492890995260664 0.34218009478672984 0.03981042654028436 0.043601895734597156
1 0.6132701421800948 0.33127962085308055 0.04739336492890995 0.052132701421800945
2 0.5909952606635072 0.2976303317535545 0.023696682464454975 0.04549763033175355
8 0.23317535545023696 0.8701421800947867 0.07014218009478673 0.08530805687203792
8 0.2886255924170616 0.8440758293838863 0.07582938388625593 0.08436018957345971
9 0.3345971563981043 0.8156398104265403 0.052132701421800945 0.07109004739336493
2 0.3767772511848341 0.814218009478673 0.04170616113744076 0.06066350710900474
1 0.42417061611374407 0.8014218009478673 0.055924170616113746 0.06445497630331753
6 0.46966824644549765 0.8061611374407583 0.054976303317535544 0.06350710900473934
6 0.5099526066350711 0.8199052132701422 0.07109004739336493 0.06540284360189573
6 0.5464454976303318 0.8559241706161137 0.06540284360189573 0.07203791469194312
8 0.8175355450236966 0.9601895734597157 0.08436018957345971 0.07962085308056872
8 0.7658767772511849 0.9246445497630332 0.07488151658767772 0.08530805687203792
9 0.7175355450236967 0.8900473933649289 0.07677725118483412 0.08151658767772511
1 0.6161137440758294 0.8440758293838863 0.06635071090047394 0.08530805687203792
6 0.5895734597156398 0.8402843601895734 0.02085308056872038 0.07298578199052133