8 0.25876777251184835 0.25876777251184835 0.09194312796208531 0.09004739336492891
9 0.2976303317535545 0.3 0.06540284360189573 0.06255924170616113
9 0.3293838862559242 0.33270142180094786 0.06350710900473934 0.061611374407582936
1 0.3635071090047393 0.3748815165876777 0.06255924170616113 0.06255924170616113
6 0.3966824644549763 0.390521327014218 0.05687203791469194 0.061611374407582936
6 0.42890995260663506 0.3957345971563981 0.04834123222748815 0.05971563981042654
6 0.45165876777251185 0.3886255924170616 0.035071090047393366 0.058767772511848344
3 0.7454976303317535 0.11753554502369669 0.052132701421800945 0.05118483412322275
3 0.7848341232227488 0.17203791469194313 0.054976303317535544 0.054976303317535544
9 0.8151658767772512 0.218957345971564 0.06255924170616113 0.06635071090047394
9 0.843127962085308 0.26066350710900477 0.05971563981042654 0.05308056872037915
6 0.9928909952606635 0.2729857819905213 0.014218009478672985 0.05118483412322275
6 0.9781990521327014 0.2895734597156398 0.043601895734597156 0.05781990521327014
6 0.9464454976303317 0.2985781990521327 0.03886255924170616 0.05023696682464455
6 0.9127962085308057 0.2933649289099526 0.04265402843601896 0.054976303317535544
1 0.875829383886256 0.2938388625592417 0.05118483412322275 0.05971563981042654
8 0.3691943127962085 0.8507109004739336 0.07582938388625593 0.07203791469194312
8 0.3118483412322275 0.8417061611374408 0.06824644549763033 0.07393364928909953
9 0.2611374407582938 0.8374407582938389 0.05118483412322275 0.06066350710900474
9 0.21800947867298578 0.8336492890995261 0.055924170616113746 0.06635071090047394
1 0.17440758293838862 0.8492890995260663 0.054976303317535544 0.07298578199052133
6 0.15071090047393365 0.8682464454976303 0.061611374407582936 0.06255924170616113
6 0.13033175355450238 0.8919431279620853 0.06255924170616113 0.058767772511848344
6 0.12085308056872038 0.9170616113744076 0.06729857819905213 0.05308056872037915
6 0.11232227488151658 0.9417061611374408 0.06445497630331753 0.04454976303317536
1 0.11232227488151658 0.9720379146919431 0.07298578199052133 0.055924170616113746
9 0.12227488151658768 0.9938388625592417 0.058767772511848344 0.012322274881516588
3 0.7786729857819905 0.918957345971564 0.04454976303317536 0.04454976303317536
8 0.8203791469194313 0.8601895734597157 0.0947867298578199 0.0985781990521327
3 0.8563981042654029 0.8165876777251185 0.037914691943127965 0.03886255924170616
9 0.8753554502369668 0.7739336492890996 0.06255924170616113 0.07014218009478673
1 0.9066350710900474 0.7398104265402844 0.05687203791469194 0.06824644549763033
6 0.9492890995260663 0.728909952606635 0.052132701421800945 0.06445497630331753
6 0.9777251184834124 0.7146919431279621 0.04454976303317536 0.06445497630331753
6 0.9919431279620853 0.7156398104265402 0.016113744075829384 0.06635071090047394