4 0.13744075829383887 0.01042654028436019 0.04170616113744076 0.02085308056872038
4 0.11421800947867299 0.06208530805687204 0.04454976303317536 0.04549763033175355
4 0.09431279620853081 0.11800947867298578 0.03601895734597156 0.04075829383886256
9 0.08578199052132701 0.16492890995260664 0.05781990521327014 0.061611374407582936
1 0.057345971563981045 0.2023696682464455 0.05687203791469194 0.05971563981042654
6 0.013270142180094787 0.24454976303317535 0.026540284360189573 0.054976303317535544
6 0.030805687203791468 0.23033175355450236 0.052132701421800945 0.061611374407582936
8 0.5293838862559241 0.18009478672985782 0.07962085308056872 0.08056872037914692
8 0.5924170616113744 0.2018957345971564 0.07582938388625593 0.07867298578199051
9 0.6450236966824645 0.2213270142180095 0.05308056872037915 0.06066350710900474
9 0.6876777251184835 0.23554502369668245 0.05308056872037915 0.05781990521327014
1 0.7308056872037915 0.23791469194312795 0.052132701421800945 0.052132701421800945
6 0.7606635071090048 0.23507109004739338 0.05308056872037915 0.046445497630331754
6 0.7734597156398104 0.2033175355450237 0.04928909952606635 0.04170616113744076
6 0.8014218009478673 0.18341232227488152 0.05023696682464455 0.043601895734597156
8 0.109478672985782 0.7654028436018957 0.07014218009478673 0.08151658767772511
9 0.15497630331753554 0.7497630331753554 0.054976303317535544 0.07014218009478673
9 0.1966824644549763 0.7464454976303317 0.052132701421800945 0.06919431279620854
1 0.23886255924170616 0.7502369668246446 0.052132701421800945 0.06066350710900474
6 0.27630331753554505 0.7606635071090048 0.05308056872037915 0.055924170616113746
6 0.3071090047393365 0.7829383886255924 0.06729857819905213 0.061611374407582936
6 0.328436018957346 0.8222748815165877 0.06919431279620854 0.05971563981042654
7 0.04597156398104266 0.7753554502369668 0.06066350710900474 0.07203791469194312
8 0.9218009478672986 0.8672985781990521 0.07867298578199051 0.08151658767772511
8 0.662085308056872 0.723696682464455 0.08151658767772511 0.06540284360189573
8 0.6545023696682465 0.7815165876777251 0.07962085308056872 0.07393364928909953
9 0.6436018957345971 0.8345971563981043 0.06919431279620854 0.05402843601895735
9 0.9042654028436019 0.9146919431279621 0.06445497630331753 0.06066350710900474
9 0.6530805687203791 0.8753554502369668 0.06919431279620854 0.05971563981042654
9 0.875829383886256 0.942654028436019 0.06255924170616113 0.06255924170616113
1 0.842654028436019 0.9710900473933649 0.05308056872037915 0.05781990521327014
1 0.6616113744075829 0.9170616113744076 0.05971563981042654 0.06066350710900474
6 0.6796208530805687 0.95260663507109 0.052132701421800945 0.058767772511848344
6 0.7127962085308057 0.9691943127962085 0.058767772511848344 0.061611374407582936
6 0.7606635071090048 0.9777251184834124 0.05781990521327014 0.04454976303317536
6 0.8061611374407583 0.9796208530805687 0.046445497630331754 0.04075829383886256