8 0.2914691943127962 0.23886255924170616 0.06066350710900474 0.055924170616113746
9 0.2962085308056872 0.2838862559241706 0.058767772511848344 0.05971563981042654
1 0.3170616113744076 0.3241706161137441 0.06066350710900474 0.061611374407582936
6 0.34549763033175357 0.34360189573459715 0.05118483412322275 0.05023696682464455
3 0.3933649289099526 0.35687203791469196 0.04075829383886256 0.04265402843601896
3 0.43601895734597157 0.35924170616113743 0.03696682464454976 0.03886255924170616
1 0.4909952606635071 0.35260663507109 0.055924170616113746 0.06350710900473934
9 0.523696682464455 0.31990521327014215 0.05971563981042654 0.061611374407582936
9 0.5412322274881517 0.2734597156398104 0.06729857819905213 0.05687203791469194
8 0.6308056872037915 0.4483412322274882 0.04265402843601896 0.07203791469194312
9 0.6208530805687204 0.3957345971563981 0.022748815165876776 0.055924170616113746
9 0.623696682464455 0.34976303317535545 0.02843601895734597 0.054976303317535544
1 0.6246445497630332 0.3004739336492891 0.03033175355450237 0.054976303317535544
6 0.6322274881516587 0.25118483412322273 0.04549763033175355 0.06255924170616113
6 0.6459715639810426 0.2080568720379147 0.06635071090047394 0.06635071090047394
6 0.6985781990521327 0.18246445497630331 0.07393364928909953 0.07203791469194312
6 0.7488151658767772 0.190521327014218 0.04928909952606635 0.06350710900473934
2 0.7985781990521327 0.218957345971564 0.04928909952606635 0.05118483412322275
3 0.8350710900473933 0.24265402843601896 0.031279620853080566 0.031279620853080566
3 0.8843601895734597 0.2862559241706161 0.04549763033175355 0.04075829383886256
3 0.9213270142180094 0.3170616113744076 0.04075829383886256 0.03601895734597156
2 0.9559241706161138 0.35308056872037913 0.06919431279620854 0.07488151658767772
3 0.6388625592417062 0.5151658767772512 0.034123222748815164 0.034123222748815164
8 0.7436018957345971 0.7819905213270142 0.07867298578199051 0.024644549763033177
9 0.7402843601895734 0.8156398104265403 0.05781990521327014 0.054976303317535544
9 0.7279620853080568 0.8587677725118483 0.05402843601895735 0.05308056872037915
1 0.714218009478673 0.9056872037914692 0.04834123222748815 0.05308056872037915
6 0.6293838862559241 0.95260663507109 0.03981042654028436 0.054976303317535544
6 0.6644549763033175 0.9488151658767773 0.04075829383886256 0.05402843601895735
6 0.6914691943127962 0.9355450236966825 0.04549763033175355 0.05687203791469194