8 0.2099526066350711 0.23601895734597156 0.06635071090047394 0.06919431279620854
8 0.23412322274881517 0.2862559241706161 0.07014218009478673 0.07488151658767772
9 0.25924170616113745 0.32701421800947866 0.05687203791469194 0.05971563981042654
9 0.2838862559241706 0.36255924170616116 0.055924170616113746 0.05402843601895735
1 0.3132701421800948 0.3886255924170616 0.052132701421800945 0.06445497630331753
1 0.45639810426540284 0.36635071090047394 0.025592417061611375 0.04834123222748815
6 0.34786729857819904 0.4090047393364929 0.04075829383886256 0.055924170616113746
6 0.3805687203791469 0.4099526066350711 0.037914691943127965 0.05402843601895735
6 0.4151658767772512 0.4075829383886256 0.04075829383886256 0.05118483412322275
6 0.44218009478672987 0.3909952606635071 0.043601895734597156 0.05687203791469194
8 0.5109004739336492 0.06208530805687204 0.07962085308056872 0.07867298578199051
8 0.7914691943127962 0.14360189573459717 0.0881516587677725 0.0881516587677725
8 0.7483412322274882 0.2066350710900474 0.0909952606635071 0.08909952606635071
8 0.5061611374407583 0.13222748815165877 0.07393364928909953 0.07867298578199051
9 0.5175355450236967 0.18578199052132702 0.06066350710900474 0.05118483412322275
9 0.5260663507109005 0.22796208530805687 0.055924170616113746 0.05402843601895735
9 0.709478672985782 0.24739336492890995 0.06635071090047394 0.058767772511848344
9 0.7018957345971564 0.2957345971563981 0.054976303317535544 0.054976303317535544
1 0.6597156398104266 0.3061611374407583 0.052132701421800945 0.058767772511848344
1 0.524170616113744 0.26540284360189575 0.05308056872037915 0.03886255924170616
6 0.54739336492891 0.2890995260663507 0.05023696682464455 0.03981042654028436
6 0.5696682464454976 0.3075829383886256 0.04928909952606635 0.05023696682464455
6 0.5919431279620853 0.32701421800947866 0.043601895734597156 0.05118483412322275
6 0.628436018957346 0.32180094786729857 0.04834123222748815 0.05023696682464455
9 0.1981042654028436 0.5976303317535545 0.06445497630331753 0.016113744075829384
9 0.176303317535545 0.6270142180094787 0.05971563981042654 0.06066350710900474
1 0.15497630331753554 0.6739336492890995 0.06255924170616113 0.06729857819905213
1 0.00900473933649289 0.6971563981042654 0.01800947867298578 0.07109004739336493
6 0.031279620853080566 0.718957345971564 0.052132701421800945 0.05971563981042654
6 0.07109004739336493 0.7260663507109004 0.04928909952606635 0.05971563981042654
6 0.10995260663507109 0.7279620853080568 0.05118483412322275 0.06445497630331753
6 0.13601895734597155 0.7118483412322275 0.05687203791469194 0.06635071090047394
9 0.5109004739336492 0.614691943127962 0.06066350710900474 0.05023696682464455
8 0.8459715639810427 0.6009478672985782 0.05971563981042654 0.022748815165876776
8 0.8104265402843602 0.6317535545023697 0.058767772511848344 0.05781990521327014
9 0.7744075829383886 0.671563981042654 0.055924170616113746 0.05971563981042654
9 0.7393364928909952 0.7080568720379147 0.05687203791469194 0.061611374407582936
1 0.7037914691943128 0.7327014218009479 0.046445497630331754 0.05118483412322275
6 0.6635071090047393 0.7436018957345971 0.034123222748815164 0.05308056872037915
6 0.6298578199052133 0.7450236966824645 0.03981042654028436 0.04549763033175355
6 0.6028436018957346 0.7388625592417062 0.04170616113744076 0.04265402843601896
6 0.5672985781990522 0.7222748815165877 0.04454976303317536 0.04454976303317536
1 0.5374407582938389 0.6966824644549763 0.05781990521327014 0.05781990521327014
2 0.5203791469194313 0.6554502369668247 0.035071090047393366 0.03981042654028436