8 0.035545023696682464 0.28720379146919434 0.07109004739336493 0.07582938388625593
8 0.34454976303317536 0.35497630331753555 0.06919431279620854 0.06540284360189573
8 0.33175355450236965 0.3056872037914692 0.07582938388625593 0.07109004739336493
9 0.04454976303317536 0.23317535545023696 0.06824644549763033 0.05118483412322275
9 0.328436018957346 0.25260663507109005 0.06350710900473934 0.05023696682464455
2 0.3071090047393365 0.21137440758293838 0.06066350710900474 0.043601895734597156
1 0.2943127962085308 0.16445497630331754 0.05402843601895735 0.05402843601895735
6 0.27109004739336495 0.13175355450236967 0.05308056872037915 0.058767772511848344
6 0.2241706161137441 0.12654028436018958 0.05402843601895735 0.052132701421800945
6 0.17251184834123223 0.12606635071090047 0.05687203791469194 0.05118483412322275
6 0.12606635071090047 0.13175355450236967 0.05308056872037915 0.054976303317535544
1 0.0909952606635071 0.15213270142180094 0.054976303317535544 0.055924170616113746
9 0.07014218009478673 0.1962085308056872 0.06255924170616113 0.054976303317535544
8 0.738388625592417 0.2781990521327014 0.0909952606635071 0.0938388625592417
8 0.7853080568720379 0.23507109004739338 0.07867298578199051 0.07582938388625593
8 0.8369668246445497 0.195260663507109 0.07962085308056872 0.08151658767772511
9 0.8829383886255924 0.16350710900473933 0.05781990521327014 0.07109004739336493
9 0.9364928909952607 0.14028436018957346 0.06635071090047394 0.07582938388625593
1 0.9781990521327014 0.11516587677725118 0.043601895734597156 0.08056872037914692
8 0.4772511848341232 0.74739336492891 0.08625592417061612 0.0938388625592417
8 0.48104265402843605 0.837914691943128 0.09194312796208531 0.09289099526066351
9 0.4772511848341232 0.9156398104265403 0.06919431279620854 0.07014218009478673
9 0.466824644549763 0.9715639810426541 0.05971563981042654 0.05687203791469194
3 0.15165876777251186 0.9829383886255925 0.037914691943127965 0.034123222748815164
3 0.10426540284360189 0.9317535545023696 0.04170616113744076 0.037914691943127965
4 0.06540284360189573 0.8872037914691943 0.04928909952606635 0.04170616113744076
1 0.9909952606635071 0.923696682464455 0.01800947867298578 0.05402843601895735
6 0.9611374407582939 0.909952606635071 0.04928909952606635 0.04928909952606635
6 0.9265402843601895 0.8886255924170616 0.05781990521327014 0.05687203791469194