8 0.23080568720379147 0.16824644549763032 0.08151658767772511 0.07962085308056872
8 0.5417061611374407 0.1924170616113744 0.07488151658767772 0.07677725118483412
8 0.5260663507109005 0.24691943127962085 0.07962085308056872 0.08246445497630332
8 0.25071090047393363 0.22985781990521326 0.08246445497630332 0.08341232227488152
9 0.27630331753554505 0.2786729857819905 0.06919431279620854 0.06635071090047394
9 0.2895734597156398 0.3303317535545024 0.06919431279620854 0.06540284360189573
9 0.5099526066350711 0.2981042654028436 0.06540284360189573 0.06635071090047394
9 0.4933649289099526 0.34218009478672984 0.06350710900473934 0.06350710900473934
1 0.3085308056872038 0.3739336492890995 0.06729857819905213 0.061611374407582936
1 0.466824644549763 0.38388625592417064 0.06445497630331753 0.06445497630331753
6 0.43601895734597157 0.3990521327014218 0.05023696682464455 0.05781990521327014
6 0.4014218009478673 0.4028436018957346 0.04549763033175355 0.054976303317535544
6 0.3691943127962085 0.4085308056872038 0.04549763033175355 0.05971563981042654
6 0.3402843601895735 0.3981042654028436 0.05023696682464455 0.05402843601895735
8 0.8265402843601896 0.2241706161137441 0.0881516587677725 0.08056872037914692
8 0.8075829383886256 0.16492890995260664 0.0947867298578199 0.09004739336492891
9 0.7919431279620853 0.109478672985782 0.07772511848341232 0.06729857819905213
9 0.7691943127962085 0.07014218009478673 0.07962085308056872 0.07109004739336493
1 0.7497630331753554 0.03175355450236967 0.07203791469194312 0.06350710900473934
6 0.6838862559241706 0.016113744075829384 0.04834123222748815 0.03222748815165877
6 0.7146919431279621 0.017535545023696683 0.06445497630331753 0.035071090047393366
0 0.3033175355450237 0.6488151658767772 0.046445497630331754 0.05023696682464455
3 0.37251184834123224 0.6274881516587678 0.046445497630331754 0.04549763033175355
9 0.4037914691943128 0.5758293838862559 0.06635071090047394 0.07298578199052133
9 0.4488151658767773 0.5592417061611374 0.06919431279620854 0.07772511848341232
1 0.5061611374407583 0.5345971563981042 0.06919431279620854 0.07203791469194312
6 0.5578199052132702 0.533175355450237 0.06350710900473934 0.06540284360189573
6 0.6066350710900474 0.5469194312796208 0.0881516587677725 0.08530805687203792
8 0.7706161137440758 0.9388625592417061 0.07298578199052133 0.06919431279620854
9 0.8123222748815165 0.9706161137440759 0.07582938388625593 0.058767772511848344
9 0.8492890995260663 0.9886255924170616 0.07393364928909953 0.022748815165876776