2 0.4658767772511848 0.2734597156398104 0.06729857819905213 0.052132701421800945
8 0.466824644549763 0.3293838862559242 0.07488151658767772 0.06919431279620854
9 0.46966824644549765 0.38293838862559243 0.07677725118483412 0.04928909952606635
9 0.4663507109004739 0.4194312796208531 0.05687203791469194 0.04265402843601896
1 0.4815165876777251 0.45260663507109006 0.07014218009478673 0.055924170616113746
6 0.4966824644549763 0.4758293838862559 0.05308056872037915 0.026540284360189573
9 0.6791469194312796 0.471563981042654 0.06729857819905213 0.035071090047393366
9 0.7075829383886256 0.45308056872037916 0.061611374407582936 0.054976303317535544
3 0.7341232227488151 0.404739336492891 0.03696682464454976 0.03601895734597156
4 0.7701421800947867 0.36161137440758295 0.03696682464454976 0.03886255924170616
8 0.0981042654028436 0.9710900473933649 0.07677725118483412 0.05781990521327014
9 0.07014218009478673 0.9270142180094787 0.07203791469194312 0.06445497630331753
9 0.045023696682464455 0.8829383886255924 0.06729857819905213 0.06540284360189573
1 0.023222748815165877 0.8421800947867298 0.046445497630331754 0.06540284360189573
9 0.43933649289099524 0.7990521327014218 0.01990521327014218 0.05118483412322275
9 0.6734597156398104 0.7706161137440758 0.05781990521327014 0.054976303317535544
9 0.6469194312796208 0.8042654028436019 0.05402843601895735 0.055924170616113746
1 0.614691943127962 0.8402843601895734 0.05402843601895735 0.055924170616113746
6 0.5838862559241706 0.861611374407583 0.03981042654028436 0.04928909952606635
6 0.5483412322274882 0.8701421800947867 0.04265402843601896 0.054976303317535544
6 0.5109004739336492 0.871563981042654 0.034123222748815164 0.05781990521327014
6 0.4819905213270142 0.8649289099526066 0.04265402843601896 0.04834123222748815
1 0.4549763033175355 0.8350710900473933 0.05118483412322275 0.054976303317535544