4 0.3350710900473934 0.15829383886255924 0.03981042654028436 0.04170616113744076
8 0.26587677725118486 0.18009478672985782 0.0909952606635071 0.08436018957345971
9 0.2080568720379147 0.1976303317535545 0.05402843601895735 0.06729857819905213
9 0.16540284360189572 0.21469194312796208 0.05402843601895735 0.05781990521327014
1 0.11943127962085308 0.22464454976303316 0.05402843601895735 0.055924170616113746
6 0.08436018957345971 0.209478672985782 0.054976303317535544 0.04834123222748815
6 0.05971563981042654 0.1876777251184834 0.05687203791469194 0.04739336492890995
3 0.5554502369668246 0.271563981042654 0.03696682464454976 0.04170616113744076
8 0.6066350710900474 0.23507109004739338 0.06729857819905213 0.07298578199052133
9 0.6483412322274882 0.20568720379146918 0.054976303317535544 0.06824644549763033
9 0.6924170616113744 0.1971563981042654 0.058767772511848344 0.06919431279620854
1 0.7388625592417062 0.19194312796208532 0.05687203791469194 0.06540284360189573
6 0.7815165876777251 0.2018957345971564 0.05402843601895735 0.05402843601895735
6 0.8208530805687204 0.2127962085308057 0.07393364928909953 0.06729857819905213
6 0.8568720379146919 0.25071090047393363 0.07203791469194312 0.06540284360189573
8 0.13886255924170615 0.8417061611374408 0.08246445497630332 0.08909952606635071
9 0.0976303317535545 0.795734597156398 0.06350710900473934 0.06635071090047394
4 0.05687203791469194 0.7696682464454976 0.03317535545023697 0.03696682464454976
4 0.01848341232227488 0.7516587677725118 0.03696682464454976 0.037914691943127965
4 0.6090047393364929 0.85260663507109 0.037914691943127965 0.03981042654028436
8 0.5786729857819906 0.9208530805687204 0.07677725118483412 0.07962085308056872
9 0.6360189573459716 0.8075829383886256 0.05781990521327014 0.05687203791469194
1 0.6966824644549763 0.7421800947867299 0.043601895734597156 0.05402843601895735
8 0.8990521327014218 0.9658767772511848 0.08056872037914692 0.06824644549763033
8 0.9052132701421801 0.9014218009478673 0.07677725118483412 0.07582938388625593
9 0.8829383886255924 0.8464454976303317 0.05971563981042654 0.054976303317535544
9 0.8791469194312796 0.7981042654028436 0.05402843601895735 0.052132701421800945
1 0.8464454976303317 0.7744075829383886 0.04928909952606635 0.05023696682464455
6 0.728909952606635 0.728909952606635 0.03981042654028436 0.05781990521327014
6 0.7639810426540284 0.7270142180094786 0.04170616113744076 0.052132701421800945
6 0.7914691943127962 0.7355450236966825 0.04075829383886256 0.05118483412322275
6 0.8251184834123223 0.7426540284360189 0.04928909952606635 0.05402843601895735
7 0.6696682464454976 0.7677725118483413 0.043601895734597156 0.04739336492890995