8 0.36161137440758295 0.2914691943127962 0.07582938388625593 0.09194312796208531
8 0.35497630331753555 0.36635071090047394 0.08246445497630332 0.08341232227488152
8 0.06729857819905213 0.33696682464454975 0.08246445497630332 0.08436018957345971
8 0.1023696682464455 0.4028436018957346 0.08246445497630332 0.08625592417061612
9 0.35308056872037913 0.4265402843601896 0.061611374407582936 0.04928909952606635
9 0.34170616113744073 0.47393364928909953 0.06255924170616113 0.055924170616113746
9 0.12369668246445498 0.45639810426540284 0.055924170616113746 0.058767772511848344
9 0.14502369668246445 0.4933649289099526 0.054976303317535544 0.052132701421800945
1 0.18056872037914692 0.5052132701421801 0.055924170616113746 0.02843601895734597
1 0.3194312796208531 0.4995260663507109 0.05687203791469194 0.03981042654028436
6 0.2957345971563981 0.5127962085308057 0.043601895734597156 0.013270142180094787
3 0.6412322274881517 0.41184834123222747 0.03601895734597156 0.035071090047393366
4 0.680568720379147 0.4895734597156398 0.029383886255924172 0.03033175355450237
9 0.8677725118483413 0.5146919431279621 0.046445497630331754 0.009478672985781991
9 0.8876777251184834 0.4962085308056872 0.05402843601895735 0.046445497630331754
8 0.9137440758293839 0.4549763033175355 0.07014218009478673 0.07109004739336493
8 0.2127962085308057 0.7317535545023697 0.08246445497630332 0.07867298578199051
4 0.2042654028436019 0.8052132701421801 0.043601895734597156 0.04170616113744076
9 0.21137440758293838 0.6763033175355451 0.07488151658767772 0.05402843601895735
9 0.2009478672985782 0.6312796208530805 0.07298578199052133 0.06066350710900474
1 0.1853080568720379 0.581042654028436 0.06350710900473934 0.05781990521327014
6 0.025118483412322274 0.5293838862559241 0.05023696682464455 0.01990521327014218
6 0.07203791469194312 0.5303317535545023 0.058767772511848344 0.021800947867298578
6 0.12369668246445498 0.5355450236966824 0.05781990521327014 0.03222748815165877
6 0.16303317535545023 0.5459715639810426 0.05308056872037915 0.05308056872037915
8 0.45213270142180095 0.923696682464455 0.04549763033175355 0.07298578199052133
4 0.5113744075829384 0.9009478672985782 0.03222748815165877 0.035071090047393366
9 0.5407582938388625 0.8957345971563981 0.04170616113744076 0.05781990521327014
9 0.580568720379147 0.8938388625592417 0.04739336492890995 0.06255924170616113
1 0.6251184834123222 0.8895734597156398 0.04928909952606635 0.055924170616113746
6 0.6966824644549763 0.9241706161137441 0.05687203791469194 0.05118483412322275
6 0.7232227488151659 0.9616113744075829 0.052132701421800945 0.05118483412322275
6 0.6654028436018957 0.9028436018957346 0.04170616113744076 0.046445497630331754