9 0.03838862559241706 0.24597156398104264 0.05687203791469194 0.06729857819905213
1 0.08625592417061612 0.23981042654028437 0.05781990521327014 0.058767772511848344
6 0.12322274881516587 0.22748815165876776 0.05402843601895735 0.046445497630331754
6 0.13981042654028436 0.2042654028436019 0.05687203791469194 0.03696682464454976
6 0.15213270142180094 0.17725118483412322 0.061611374407582936 0.035071090047393366
9 0.011374407582938388 0.25165876777251184 0.022748815165876776 0.06350710900473934
4 0.6436018957345971 0.22890995260663508 0.037914691943127965 0.03696682464454976
9 0.9563981042654028 0.17393364928909952 0.07677725118483412 0.04834123222748815
9 0.9469194312796209 0.13317535545023695 0.07109004739336493 0.052132701421800945
1 0.9279620853080569 0.0895734597156398 0.06066350710900474 0.05402843601895735
6 0.9071090047393365 0.055924170616113746 0.055924170616113746 0.052132701421800945
6 0.8720379146919431 0.03744075829383886 0.061611374407582936 0.058767772511848344
6 0.8218009478672986 0.02890995260663507 0.06635071090047394 0.05781990521327014
6 0.7672985781990521 0.04075829383886256 0.05023696682464455 0.04834123222748815
1 0.7298578199052133 0.06350710900473934 0.05118483412322275 0.054976303317535544
9 0.704739336492891 0.0966824644549763 0.06255924170616113 0.05781990521327014
9 0.6786729857819905 0.12938388625592417 0.06350710900473934 0.058767772511848344
2 0.6597156398104266 0.1734597156398104 0.07488151658767772 0.07014218009478673
9 0.2241706161137441 0.9616113744075829 0.07582938388625593 0.06919431279620854
1 0.27014218009478674 0.8687203791469195 0.06824644549763033 0.07014218009478673
6 0.30995260663507107 0.8383886255924171 0.058767772511848344 0.06350710900473934
6 0.3293838862559242 0.809478672985782 0.01990521327014218 0.08341232227488152
7 0.24739336492890995 0.9293838862559242 0.05971563981042654 0.05023696682464455
8 0.5862559241706161 0.5639810426540285 0.1014218009478673 0.09573459715639811
8 0.6635071090047393 0.5734597156398105 0.09194312796208531 0.09573459715639811
9 0.7241706161137441 0.5881516587677725 0.054976303317535544 0.06350710900473934
9 0.7663507109004739 0.5943127962085308 0.055924170616113746 0.05971563981042654
1 0.8056872037914692 0.5753554502369668 0.06445497630331753 0.05971563981042654
6 0.8393364928909952 0.5563981042654028 0.06919431279620854 0.05308056872037915
6 0.8592417061611375 0.5412322274881517 0.07014218009478673 0.054976303317535544