8 0.37725118483412323 0.00995260663507109 0.08909952606635071 0.01990521327014218
8 0.3459715639810427 0.03886255924170616 0.0909952606635071 0.07772511848341232
9 0.3293838862559242 0.07677725118483412 0.07772511848341232 0.07014218009478673
9 0.3 0.11232227488151658 0.07677725118483412 0.06824644549763033
1 0.2739336492890995 0.14644549763033177 0.06445497630331753 0.06445497630331753
6 0.23744075829383887 0.1815165876777251 0.06255924170616113 0.07014218009478673
6 0.18388625592417063 0.2 0.07393364928909953 0.07962085308056872
6 0.11943127962085308 0.19478672985781992 0.08341232227488152 0.08436018957345971
6 0.06872037914691943 0.16919431279620853 0.06635071090047394 0.06919431279620854
1 0.03744075829383886 0.13838862559241707 0.05971563981042654 0.058767772511848344
9 0.016113744075829384 0.1018957345971564 0.03222748815165877 0.07298578199052133
5 0.9800947867298578 0.29241706161137443 0.03981042654028436 0.04834123222748815
9 0.9213270142180094 0.2848341232227488 0.06540284360189573 0.07203791469194312
9 0.8658767772511848 0.27440758293838863 0.06635071090047394 0.07109004739336493
1 0.8123222748815165 0.24881516587677724 0.061611374407582936 0.06919431279620854
6 0.7805687203791469 0.22606635071090048 0.05781990521327014 0.05687203791469194
6 0.7578199052132701 0.1928909952606635 0.054976303317535544 0.05781990521327014
3 0.5867298578199052 0.9786729857819905 0.04739336492890995 0.04265402843601896
3 0.5914691943127962 0.9104265402843602 0.037914691943127965 0.03696682464454976
4 0.45876777251184836 0.7246445497630332 0.037914691943127965 0.03981042654028436
4 0.5317535545023697 0.7374407582938388 0.035071090047393366 0.037914691943127965
3 0.3924170616113744 0.7545023696682465 0.031279620853080566 0.027488151658767772
8 0.3184834123222749 0.8037914691943128 0.08436018957345971 0.08246445497630332
9 0.34786729857819904 0.7658767772511849 0.06350710900473934 0.06066350710900474
9 0.5995260663507109 0.828436018957346 0.07014218009478673 0.06350710900473934
1 0.5985781990521327 0.7791469194312797 0.06445497630331753 0.06445497630331753
6 0.5829383886255924 0.7426540284360189 0.06635071090047394 0.07582938388625593
1 0.4080568720379147 0.7066350710900474 0.05971563981042654 0.07203791469194312
2 0.9146919431279621 0.5819905213270142 0.07772511848341232 0.07393364928909953
2 0.8322274881516588 0.5630331753554503 0.054976303317535544 0.055924170616113746
9 0.7829383886255924 0.5639810426540285 0.055924170616113746 0.055924170616113746
1 0.7388625592417062 0.5649289099526066 0.05687203791469194 0.055924170616113746
6 0.7066350710900474 0.581042654028436 0.05687203791469194 0.04739336492890995
6 0.6938388625592417 0.6080568720379147 0.04928909952606635 0.04834123222748815
6 0.6815165876777252 0.633175355450237 0.024644549763033177 0.03981042654028436