3 0.3341232227488152 0.44170616113744077 0.043601895734597156 0.04739336492890995
8 0.37725118483412323 0.3957345971563981 0.07867298578199051 0.08341232227488152
9 0.4127962085308057 0.35924170616113743 0.06540284360189573 0.07582938388625593
9 0.4545023696682464 0.34265402843601894 0.06919431279620854 0.07772511848341232
1 0.4876777251184834 0.32796208530805687 0.04454976303317536 0.07393364928909953
8 0.74739336492891 0.3886255924170616 0.08056872037914692 0.08246445497630332
8 0.7753554502369668 0.3251184834123223 0.0881516587677725 0.09289099526066351
9 0.7829383886255924 0.27109004739336495 0.05971563981042654 0.05971563981042654
9 0.8061611374407583 0.23696682464454977 0.05781990521327014 0.06255924170616113
1 0.837914691943128 0.2023696682464455 0.06729857819905213 0.07109004739336493
3 0.9924170616113744 0.1819905213270142 0.015165876777251185 0.04549763033175355
3 0.875829383886256 0.15639810426540285 0.04549763033175355 0.04549763033175355
8 0.3862559241706161 0.85260663507109 0.12037914691943127 0.1052132701421801
8 0.31563981042654027 0.9009478672985782 0.10995260663507109 0.11184834123222749
9 0.2772511848341232 0.952132701421801 0.06066350710900474 0.06445497630331753
9 0.25687203791469193 0.975829383886256 0.06445497630331753 0.04834123222748815
8 0.690521327014218 0.837914691943128 0.0909952606635071 0.1023696682464455
8 0.6260663507109004 0.8293838862559242 0.0966824644549763 0.0985781990521327
9 0.5625592417061611 0.8227488151658767 0.06350710900473934 0.07677725118483412
9 0.5317535545023697 0.8208530805687204 0.043601895734597156 0.07393364928909953