3 0.15781990521327013 0.3350710900473934 0.04549763033175355 0.04549763033175355
3 0.16350710900473933 0.28199052132701424 0.043601895734597156 0.04075829383886256
3 0.4042654028436019 0.1924170616113744 0.04454976303317536 0.043601895734597156
8 0.49146919431279623 0.2962085308056872 0.1004739336492891 0.0909952606635071
8 0.43981042654028435 0.24454976303317535 0.0995260663507109 0.0947867298578199
9 0.15213270142180094 0.22843601895734597 0.06635071090047394 0.06350710900473934
9 0.15308056872037915 0.1815165876777251 0.061611374407582936 0.06255924170616113
1 0.16777251184834124 0.13886255924170615 0.06540284360189573 0.05971563981042654
1 0.30947867298578197 0.08909952606635071 0.052132701421800945 0.06729857819905213
9 0.34218009478672984 0.11137440758293839 0.05971563981042654 0.061611374407582936
9 0.37203791469194314 0.14644549763033177 0.06919431279620854 0.07109004739336493
6 0.2734597156398104 0.07819905213270142 0.052132701421800945 0.06255924170616113
6 0.24218009478672986 0.08767772511848342 0.055924170616113746 0.06350710900473934
6 0.2104265402843602 0.0924170616113744 0.058767772511848344 0.061611374407582936
6 0.18056872037914692 0.1033175355450237 0.052132701421800945 0.05118483412322275
9 0.7687203791469195 0.5308056872037915 0.07014218009478673 0.037914691943127965
9 0.7639810426540284 0.4867298578199052 0.05971563981042654 0.05781990521327014
1 0.771090047393365 0.4312796208530806 0.07867298578199051 0.07867298578199051
6 0.7530805687203791 0.3876777251184834 0.05023696682464455 0.052132701421800945
6 0.7227488151658767 0.3582938388625592 0.07014218009478673 0.07298578199052133
6 0.6777251184834123 0.33886255924170616 0.05687203791469194 0.07298578199052133
3 0.4947867298578199 0.9824644549763033 0.04549763033175355 0.035071090047393366
6 0.5511848341232227 0.9834123222748815 0.07677725118483412 0.03317535545023697
6 0.43364928909952605 0.9772511848341232 0.06729857819905213 0.04549763033175355
1 0.38436018957345974 0.9829383886255925 0.06729857819905213 0.034123222748815164
3 0.9767772511848342 0.9459715639810427 0.04170616113744076 0.04454976303317536
8 0.9213270142180094 0.9601895734597157 0.0947867298578199 0.07962085308056872
3 0.8824644549763033 0.9947867298578199 0.043601895734597156 0.01042654028436019