8 0.14028436018957346 0.024170616113744076 0.08341232227488152 0.04834123222748815
8 0.14218009478672985 0.07630331753554502 0.08909952606635071 0.07582938388625593
9 0.14218009478672985 0.12654028436018958 0.07772511848341232 0.054976303317535544
9 0.13270142180094788 0.17014218009478674 0.07582938388625593 0.054976303317535544
1 0.12227488151658768 0.21516587677725119 0.07014218009478673 0.055924170616113746
6 0.104739336492891 0.26303317535545023 0.06540284360189573 0.06350710900473934
6 0.07345971563981042 0.3056872037914692 0.07014218009478673 0.07582938388625593
6 0.02843601895734597 0.328436018957346 0.05687203791469194 0.08056872037914692
9 0.6549763033175355 0.1023696682464455 0.07298578199052133 0.06824644549763033
9 0.6748815165876777 0.05402843601895735 0.06635071090047394 0.06729857819905213
1 0.7037914691943128 0.018957345971563982 0.06729857819905213 0.037914691943127965
4 0.7497630331753554 0.01042654028436019 0.03601895734597156 0.02085308056872038
6 0.8601895734597157 0.007582938388625593 0.061611374407582936 0.015165876777251185
6 0.9004739336492891 0.017535545023696683 0.05118483412322275 0.035071090047393366
1 0.9279620853080569 0.04312796208530806 0.07014218009478673 0.06729857819905213
9 0.9412322274881516 0.09194312796208531 0.07393364928909953 0.07014218009478673
9 0.9530805687203792 0.13886255924170615 0.07582938388625593 0.06824644549763033
6 0.2966824644549763 0.9004739336492891 0.026540284360189573 0.07203791469194312
9 0.4127962085308057 0.5658767772511848 0.06445497630331753 0.058767772511848344
9 0.437914691943128 0.6161137440758294 0.06066350710900474 0.05687203791469194
9 0.6815165876777252 0.566824644549763 0.058767772511848344 0.054976303317535544
9 0.6587677725118484 0.6099526066350711 0.061611374407582936 0.05687203791469194
1 0.6426540284360189 0.64739336492891 0.05971563981042654 0.04928909952606635
1 0.46729857819905213 0.656872037914692 0.04834123222748815 0.05781990521327014
6 0.5109004739336492 0.6739336492890995 0.043601895734597156 0.06066350710900474
6 0.5530805687203791 0.6824644549763034 0.05402843601895735 0.046445497630331754
6 0.5943127962085308 0.6834123222748815 0.043601895734597156 0.052132701421800945
6 0.624170616113744 0.6720379146919432 0.05023696682464455 0.043601895734597156