9 0.13127962085308056 0.3303317535545024 0.06919431279620854 0.03886255924170616
3 0.15876777251184834 0.3090047393364929 0.03696682464454976 0.037914691943127965
2 0.1791469194312796 0.27061611374407585 0.046445497630331754 0.054976303317535544
2 0.22464454976303316 0.25971563981042656 0.04739336492890995 0.04549763033175355
2 0.27535545023696684 0.25213270142180094 0.04834123222748815 0.04928909952606635
2 0.32654028436018956 0.2677725118483412 0.05118483412322275 0.05402843601895735
2 0.36777251184834125 0.2786729857819905 0.03886255924170616 0.046445497630331754
1 0.3985781990521327 0.30947867298578197 0.06919431279620854 0.06255924170616113
9 0.4023696682464455 0.34312796208530805 0.07488151658767772 0.013270142180094787
1 0.7345971563981043 0.008056872037914692 0.06824644549763033 0.016113744075829384
8 0.9805687203791469 0.06066350710900474 0.03886255924170616 0.07014218009478673
9 0.9540284360189574 0.08625592417061612 0.05781990521327014 0.05971563981042654
9 0.9175355450236967 0.109478672985782 0.05308056872037915 0.05971563981042654
1 0.8734597156398104 0.12890995260663507 0.054976303317535544 0.061611374407582936
6 0.737914691943128 0.035545023696682464 0.058767772511848344 0.05118483412322275
6 0.7417061611374408 0.08009478672985781 0.05308056872037915 0.06445497630331753
6 0.7800947867298578 0.11800947867298578 0.05687203791469194 0.05308056872037915
6 0.8260663507109005 0.12511848341232226 0.04834123222748815 0.05781990521327014
9 0.08056872037914692 0.5919431279620853 0.05687203791469194 0.054976303317535544
9 0.1014218009478673 0.6345971563981042 0.054976303317535544 0.052132701421800945
9 0.35308056872037913 0.6104265402843602 0.058767772511848344 0.055924170616113746
9 0.32606635071090045 0.6436018957345971 0.054976303317535544 0.05687203791469194
1 0.2933649289099526 0.6791469194312796 0.054976303317535544 0.05687203791469194
6 0.262085308056872 0.6995260663507109 0.04075829383886256 0.05023696682464455
6 0.22654028436018958 0.7075829383886256 0.043601895734597156 0.055924170616113746
6 0.18909952606635072 0.7085308056872038 0.035071090047393366 0.058767772511848344
6 0.16018957345971563 0.7014218009478673 0.043601895734597156 0.04928909952606635
1 0.13222748815165877 0.671090047393365 0.054976303317535544 0.055924170616113746
8 0.7625592417061612 0.5654028436018957 0.08151658767772511 0.07962085308056872
8 0.819431279620853 0.6090047393364929 0.07582938388625593 0.07582938388625593
9 0.8753554502369668 0.6327014218009479 0.05118483412322275 0.06255924170616113
9 0.9137440758293839 0.6426540284360189 0.04549763033175355 0.054976303317535544
1 0.9616113744075829 0.6459715639810426 0.05402843601895735 0.05402843601895735
6 0.9829383886255925 0.6327014218009479 0.034123222748815164 0.04265402843601896