8 0.06729857819905213 0.3052132701421801 0.08151658767772511 0.0909952606635071
8 0.0924170616113744 0.2554502369668246 0.09004739336492891 0.09004739336492891
9 0.12037914691943127 0.2018957345971564 0.07677725118483412 0.06540284360189573
9 0.13981042654028436 0.16587677725118483 0.06824644549763033 0.06350710900473934
2 0.3748815165876777 0.25260663507109005 0.029383886255924172 0.046445497630331754
9 0.3706161137440758 0.1990521327014218 0.037914691943127965 0.06445497630331753
1 0.3691943127962085 0.14312796208530806 0.04075829383886256 0.06255924170616113
1 0.15545023696682464 0.13080568720379146 0.06255924170616113 0.07014218009478673
6 0.1985781990521327 0.10900473933649289 0.05118483412322275 0.06066350710900474
6 0.24881516587677724 0.1 0.06729857819905213 0.06350710900473934
6 0.3033175355450237 0.1061611374407583 0.06255924170616113 0.06824644549763033
6 0.34976303317535545 0.11848341232227488 0.054976303317535544 0.061611374407582936
3 0.54739336492891 0.46350710900473935 0.03981042654028436 0.04454976303317536
3 0.4985781990521327 0.46161137440758293 0.04170616113744076 0.04549763033175355
8 0.5928909952606635 0.45213270142180095 0.06540284360189573 0.07488151658767772
8 0.4308056872037915 0.43601895734597157 0.06255924170616113 0.07109004739336493
8 0.07345971563981042 0.9260663507109005 0.07298578199052133 0.07014218009478673
8 0.36635071090047394 0.9824644549763033 0.046445497630331754 0.035071090047393366
8 0.08293838862559241 0.976303317535545 0.07298578199052133 0.04739336492890995