9 0.1052132701421801 0.4919431279620853 0.05687203791469194 0.03601895734597156
9 0.08151658767772511 0.46919431279620855 0.07298578199052133 0.06255924170616113
2 0.05687203791469194 0.44170616113744077 0.04170616113744076 0.043601895734597156
6 0.026540284360189573 0.4161137440758294 0.05308056872037915 0.06445497630331753
8 0.3744075829383886 0.23222748815165878 0.03033175355450237 0.07393364928909953
8 0.4184834123222749 0.24597156398104264 0.07677725118483412 0.08246445497630332
9 0.47488151658767774 0.25734597156398104 0.06919431279620854 0.06350710900473934
3 0.5208530805687204 0.27582938388625594 0.03696682464454976 0.03981042654028436
3 0.5696682464454976 0.26445497630331755 0.04170616113744076 0.04265402843601896
1 0.614691943127962 0.25781990521327014 0.054976303317535544 0.05687203791469194
6 0.6421800947867299 0.23127962085308057 0.055924170616113746 0.04170616113744076
8 0.25213270142180094 0.7853080568720379 0.06635071090047394 0.07582938388625593
8 0.295260663507109 0.7469194312796209 0.07867298578199051 0.08151658767772511
4 0.34454976303317536 0.7184834123222749 0.029383886255924172 0.04170616113744076
4 0.5554502369668246 0.5270142180094787 0.03601895734597156 0.034123222748815164
8 0.8535545023696682 0.5274881516587677 0.06729857819905213 0.035071090047393366
8 0.8383886255924171 0.5691943127962086 0.07488151658767772 0.07867298578199051
9 0.8113744075829384 0.6208530805687204 0.054976303317535544 0.05308056872037915
9 0.7824644549763033 0.6497630331753554 0.04834123222748815 0.05023696682464455
1 0.7450236966824645 0.6701421800947868 0.04075829383886256 0.052132701421800945
6 0.709478672985782 0.6791469194312796 0.03886255924170616 0.04454976303317536
6 0.680568720379147 0.6834123222748815 0.04075829383886256 0.046445497630331754
6 0.6502369668246446 0.6800947867298578 0.035071090047393366 0.04454976303317536
6 0.6355450236966824 0.6663507109004739 0.04075829383886256 0.04739336492890995
1 0.6099526066350711 0.6549763033175355 0.043601895734597156 0.05023696682464455
9 0.5872037914691943 0.6222748815165877 0.05118483412322275 0.04549763033175355
9 0.576303317535545 0.5819905213270142 0.054976303317535544 0.04928909952606635