2 0.33981042654028437 0.285781990521327 0.06729857819905213 0.052132701421800945
8 0.33886255924170616 0.34170616113744073 0.07867298578199051 0.06919431279620854
9 0.34360189573459715 0.3853080568720379 0.07677725118483412 0.029383886255924172
9 0.09431279620853081 0.5113744075829384 0.05023696682464455 0.05118483412322275
9 0.07725118483412323 0.5511848341232227 0.05118483412322275 0.05118483412322275
1 0.05260663507109005 0.5800947867298578 0.04739336492890995 0.06350710900473934
6 0.03033175355450237 0.6052132701421801 0.037914691943127965 0.05308056872037915
6 0.0071090047393364926 0.6113744075829384 0.014218009478672985 0.05308056872037915
8 0.8862559241706162 0.5971563981042654 0.08909952606635071 0.0881516587677725
8 0.8777251184834123 0.6696682464454976 0.08436018957345971 0.08625592417061612
9 0.876303317535545 0.7218009478672985 0.06066350710900474 0.05781990521327014
3 0.5132701421800948 0.6393364928909953 0.04454976303317536 0.04265402843601896
3 0.54739336492891 0.6943127962085308 0.043601895734597156 0.03601895734597156
3 0.5777251184834123 0.74739336492891 0.034123222748815164 0.03886255924170616
3 0.6075829383886255 0.7753554502369668 0.03033175355450237 0.027488151658767772
3 0.6526066350710901 0.7943127962085308 0.03601895734597156 0.03033175355450237
3 0.7317535545023697 0.7990521327014218 0.03601895734597156 0.03222748815165877
3 0.8061611374407583 0.7791469194312797 0.03222748815165877 0.025592417061611375