4 0.22985781990521326 0.34976303317535545 0.04454976303317536 0.04265402843601896
3 0.2824644549763033 0.33364928909952607 0.04170616113744076 0.03886255924170616
9 0.3402843601895735 0.304739336492891 0.07488151658767772 0.0995260663507109
9 0.385781990521327 0.2976303317535545 0.06540284360189573 0.08056872037914692
1 0.42322274881516586 0.30995260663507107 0.07677725118483412 0.0909952606635071
6 0.45118483412322274 0.31990521327014215 0.04739336492890995 0.055924170616113746
6 0.4886255924170616 0.33744075829383885 0.07582938388625593 0.08625592417061612
6 0.5218009478672986 0.37109004739336493 0.08436018957345971 0.09004739336492891
9 0.7872037914691943 0.46729857819905213 0.07488151658767772 0.043601895734597156
9 0.7772511848341233 0.42890995260663506 0.07582938388625593 0.06824644549763033
1 0.7838862559241706 0.3819905213270142 0.06729857819905213 0.07109004739336493
2 0.7454976303317535 0.3587677725118483 0.04454976303317536 0.04928909952606635
2 0.7170616113744076 0.32796208530805687 0.05023696682464455 0.054976303317535544
2 0.6663507109004739 0.3170616113744076 0.05118483412322275 0.058767772511848344
2 0.6369668246445498 0.3298578199052133 0.015165876777251185 0.05118483412322275
4 0.14502369668246445 0.9312796208530806 0.04549763033175355 0.04549763033175355
8 0.21516587677725119 0.9412322274881516 0.08436018957345971 0.08436018957345971
9 0.2677725118483412 0.9450236966824644 0.05402843601895735 0.06635071090047394
9 0.3080568720379147 0.95260663507109 0.055924170616113746 0.06255924170616113
1 0.34454976303317536 0.9682464454976303 0.05118483412322275 0.05781990521327014
6 0.36824644549763036 0.9843601895734597 0.03886255924170616 0.031279620853080566
8 0.9071090047393365 0.6838862559241706 0.08056872037914692 0.07677725118483412
8 0.9251184834123223 0.6355450236966824 0.0881516587677725 0.08436018957345971
9 0.9459715639810427 0.5876777251184834 0.08056872037914692 0.06824644549763033
9 0.9691943127962085 0.5597156398104265 0.061611374407582936 0.07298578199052133
1 0.9872037914691943 0.5218009478672986 0.025592417061611375 0.06540284360189573