8 0.03696682464454976 0.08483412322274882 0.07393364928909953 0.07488151658767772
8 0.08388625592417062 0.12985781990521328 0.08530805687203792 0.08246445497630332
9 0.30995260663507107 0.02227488151658768 0.06445497630331753 0.04454976303317536
9 0.3175355450236967 0.06066350710900474 0.06445497630331753 0.05971563981042654
9 0.13838862559241707 0.16208530805687205 0.05971563981042654 0.05971563981042654
9 0.176303317535545 0.18341232227488152 0.054976303317535544 0.05971563981042654
1 0.3289099526066351 0.1080568720379147 0.06066350710900474 0.055924170616113746
1 0.21990521327014217 0.18578199052132702 0.052132701421800945 0.061611374407582936
6 0.26066350710900477 0.1853080568720379 0.04928909952606635 0.055924170616113746
6 0.285781990521327 0.18341232227488152 0.04928909952606635 0.05781990521327014
6 0.2981042654028436 0.15924170616113745 0.04739336492890995 0.05308056872037915
6 0.31469194312796206 0.14075829383886257 0.055924170616113746 0.054976303317535544
8 0.7725118483412322 0.1066350710900474 0.0938388625592417 0.08909952606635071
8 0.7218009478672985 0.15450236966824646 0.08341232227488152 0.08151658767772511
9 0.6720379146919432 0.18625592417061612 0.06255924170616113 0.06445497630331753
9 0.6303317535545023 0.2109004739336493 0.055924170616113746 0.05781990521327014
1 0.590521327014218 0.22180094786729856 0.04170616113744076 0.06066350710900474
8 0.16729857819905214 0.9781990521327014 0.07298578199052133 0.043601895734597156
9 0.2156398104265403 0.9696682464454977 0.05023696682464455 0.06066350710900474
9 0.25165876777251184 0.9592417061611375 0.05118483412322275 0.06635071090047394
1 0.2943127962085308 0.9502369668246445 0.052132701421800945 0.06350710900473934
6 0.33696682464454975 0.957345971563981 0.058767772511848344 0.06350710900473934
6 0.37345971563981045 0.9706161137440759 0.06635071090047394 0.058767772511848344
8 0.7459715639810427 0.9739336492890995 0.08151658767772511 0.052132701421800945
8 0.7540284360189573 0.9260663507109005 0.07203791469194312 0.07298578199052133
9 0.5848341232227489 0.7341232227488151 0.03033175355450237 0.055924170616113746
9 0.7563981042654029 0.8710900473933649 0.058767772511848344 0.04928909952606635
9 0.7530805687203791 0.8274881516587678 0.05308056872037915 0.052132701421800945
1 0.7464454976303317 0.7848341232227488 0.054976303317535544 0.05118483412322275
1 0.6104265402843602 0.7123222748815166 0.05023696682464455 0.04928909952606635
6 0.6417061611374407 0.7018957345971564 0.04454976303317536 0.046445497630331754
6 0.6729857819905213 0.7118483412322275 0.04075829383886256 0.04928909952606635
6 0.7 0.7350710900473933 0.03981042654028436 0.04454976303317536
6 0.7232227488151659 0.752132701421801 0.04549763033175355 0.043601895734597156