9 0.06255924170616113 0.4597156398104265 0.06540284360189573 0.058767772511848344
9 0.07677725118483412 0.4156398104265403 0.06635071090047394 0.06540284360189573
1 0.095260663507109 0.35971563981042654 0.06350710900473934 0.06350710900473934
6 0.12938388625592417 0.33080568720379144 0.054976303317535544 0.05687203791469194
3 0.2075829383886256 0.318957345971564 0.04454976303317536 0.04549763033175355
3 0.25118483412322273 0.32654028436018956 0.037914691943127965 0.04075829383886256
1 0.3028436018957346 0.3360189573459716 0.06729857819905213 0.06066350710900474
9 0.3161137440758294 0.3824644549763033 0.07582938388625593 0.058767772511848344
8 0.6488151658767772 0.37345971563981045 0.0985781990521327 0.0976303317535545
1 0.666824644549763 0.02132701421800948 0.06540284360189573 0.04265402843601896
6 0.7161137440758294 0.02085308056872038 0.04834123222748815 0.04170616113744076
6 0.7431279620853081 0.03981042654028436 0.07014218009478673 0.05971563981042654
6 0.7777251184834123 0.08578199052132701 0.07393364928909953 0.06066350710900474
6 0.8061611374407583 0.12890995260663507 0.052132701421800945 0.05023696682464455
1 0.7867298578199052 0.1843601895734597 0.06066350710900474 0.06066350710900474
8 0.2919431279620853 0.9881516587677726 0.07772511848341232 0.023696682464454975
8 0.2985781990521327 0.9507109004739337 0.08151658767772511 0.08625592417061612
9 0.314218009478673 0.8962085308056872 0.06066350710900474 0.05402843601895735
9 0.3303317535545024 0.8530805687203792 0.05781990521327014 0.058767772511848344
6 0.4099526066350711 0.7909952606635071 0.03886255924170616 0.05402843601895735
6 0.43933649289099524 0.790521327014218 0.03886255924170616 0.05023696682464455
6 0.47014218009478675 0.7886255924170616 0.037914691943127965 0.05118483412322275
6 0.3791469194312796 0.795734597156398 0.04075829383886256 0.04549763033175355
1 0.4824644549763033 0.8151658767772512 0.013270142180094787 0.06255924170616113
1 0.35023696682464456 0.8170616113744076 0.05402843601895735 0.06255924170616113
4 0.6085308056872037 0.7933649289099526 0.04075829383886256 0.04075829383886256
4 0.6132701421800948 0.9009478672985782 0.03317535545023697 0.03317535545023697
4 0.6203791469194313 0.9530805687203792 0.03033175355450237 0.03317535545023697
5 0.8549763033175355 0.9535545023696682 0.035071090047393366 0.03981042654028436
4 0.9184834123222749 0.8962085308056872 0.04075829383886256 0.03981042654028436
9 0.8251184834123223 0.9895734597156398 0.05971563981042654 0.02085308056872038
5 0.785781990521327 0.9853080568720379 0.03033175355450237 0.029383886255924172
5 0.6677725118483412 0.9957345971563981 0.03317535545023697 0.008530805687203791
2 0.6255924170616114 0.9890995260663508 0.05118483412322275 0.021800947867298578