2 0.318957345971564 0.46255924170616114 0.06540284360189573 0.05308056872037915
3 0.33886255924170616 0.4255924170616114 0.03317535545023697 0.04265402843601896
3 0.3691943127962085 0.3933649289099526 0.03696682464454976 0.037914691943127965
2 0.4080568720379147 0.36635071090047394 0.05781990521327014 0.06255924170616113
3 0.44407582938388623 0.34360189573459715 0.034123222748815164 0.037914691943127965
2 0.4772511848341232 0.3232227488151659 0.023696682464454975 0.05308056872037915
8 0.5312796208530806 0.45781990521327015 0.08246445497630332 0.06255924170616113
0 0.8279620853080568 0.34739336492890993 0.04454976303317536 0.04075829383886256
3 0.8255924170616113 0.4042654028436019 0.04170616113744076 0.04075829383886256
9 0.8360189573459715 0.46445497630331756 0.06066350710900474 0.04928909952606635
9 0.17772511848341233 0.7777251184834123 0.06824644549763033 0.07298578199052133
9 0.13649289099526066 0.7497630331753554 0.07582938388625593 0.07393364928909953
1 0.0867298578199052 0.7426540284360189 0.07393364928909953 0.07582938388625593
6 0.03744075829383886 0.7516587677725118 0.05687203791469194 0.05971563981042654
6 0.00900473933649289 0.7639810426540284 0.01800947867298578 0.06824644549763033
9 0.5232227488151658 0.5180094786729857 0.06255924170616113 0.04928909952606635
9 0.5417061611374407 0.5483412322274882 0.06635071090047394 0.05402843601895735
9 0.7592417061611374 0.5085308056872038 0.06066350710900474 0.03886255924170616
1 0.747867298578199 0.5398104265402843 0.054976303317535544 0.05781990521327014
1 0.5691943127962086 0.5819905213270142 0.05687203791469194 0.05971563981042654
6 0.7251184834123223 0.5729857819905213 0.04928909952606635 0.05308056872037915
6 0.6853080568720379 0.5890995260663507 0.05971563981042654 0.058767772511848344
6 0.6360189573459716 0.6028436018957346 0.05781990521327014 0.05971563981042654
6 0.6014218009478673 0.6042654028436019 0.05308056872037915 0.05402843601895735