8 0.35308056872037913 0.4028436018957346 0.08530805687203792 0.08625592417061612
2 0.4109004739336493 0.3872037914691943 0.05687203791469194 0.06824644549763033
9 0.3 0.42274881516587676 0.05308056872037915 0.06919431279620854
9 0.25734597156398104 0.41800947867298577 0.05781990521327014 0.07488151658767772
1 0.21516587677725119 0.4312796208530806 0.05308056872037915 0.06919431279620854
6 0.1872037914691943 0.4151658767772512 0.052132701421800945 0.058767772511848344
6 0.14928909952606634 0.3995260663507109 0.06350710900473934 0.07203791469194312
6 0.11800947867298578 0.36824644549763036 0.05687203791469194 0.06350710900473934
3 0.6592417061611374 0.5028436018957346 0.04075829383886256 0.04454976303317536
8 0.7184834123222749 0.4720379146919431 0.08341232227488152 0.0909952606635071
9 0.7744075829383886 0.46255924170616114 0.058767772511848344 0.07393364928909953
9 0.8255924170616113 0.45071090047393364 0.05971563981042654 0.07298578199052133
1 0.8748815165876778 0.43886255924170614 0.06066350710900474 0.07014218009478673
6 0.9184834123222749 0.45355450236966827 0.05687203791469194 0.05781990521327014
6 0.9535545023696682 0.47962085308056873 0.06445497630331753 0.05971563981042654
8 0.36682464454976305 0.9018957345971564 0.05971563981042654 0.07014218009478673
8 0.34265402843601894 0.9445497630331754 0.05971563981042654 0.07014218009478673
9 0.32559241706161135 0.9772511848341232 0.05402843601895735 0.04549763033175355
1 0.0924170616113744 0.9928909952606635 0.05402843601895735 0.014218009478672985
9 0.07725118483412323 0.9725118483412323 0.05308056872037915 0.05118483412322275
9 0.07109004739336493 0.9265402843601895 0.058767772511848344 0.054976303317535544
8 0.6545023696682465 0.5701421800947867 0.08246445497630332 0.061611374407582936
9 0.6388625592417062 0.6080568720379147 0.06066350710900474 0.055924170616113746
9 0.6180094786729858 0.6440758293838863 0.05308056872037915 0.052132701421800945
1 0.5895734597156398 0.6781990521327014 0.04834123222748815 0.052132701421800945
6 0.5630331753554503 0.7004739336492891 0.043601895734597156 0.04834123222748815
6 0.5298578199052133 0.7113744075829384 0.03886255924170616 0.04549763033175355
6 0.5023696682464455 0.7104265402843601 0.026540284360189573 0.04454976303317536