8 0.16161137440758294 0.02985781990521327 0.07867298578199051 0.05971563981042654
8 0.2184834123222749 0.06018957345971564 0.07393364928909953 0.07582938388625593
9 0.2663507109004739 0.0909952606635071 0.05402843601895735 0.06066350710900474
9 0.2976303317535545 0.11895734597156397 0.052132701421800945 0.06350710900473934
9 0.46729857819905213 0.01848341232227488 0.05687203791469194 0.03696682464454976
1 0.33933649289099527 0.12654028436018958 0.052132701421800945 0.06255924170616113
1 0.46729857819905213 0.05023696682464455 0.05971563981042654 0.052132701421800945
6 0.3800947867298578 0.12985781990521328 0.04454976303317536 0.058767772511848344
6 0.41232227488151657 0.12132701421800948 0.04834123222748815 0.05971563981042654
6 0.4317535545023697 0.10710900473933649 0.05023696682464455 0.05687203791469194
6 0.44691943127962086 0.08341232227488152 0.05023696682464455 0.055924170616113746
8 0.6270142180094787 0.4834123222748815 0.05402843601895735 0.07772511848341232
3 0.6800947867298578 0.5023696682464455 0.037914691943127965 0.03696682464454976
9 0.728436018957346 0.509478672985782 0.046445497630331754 0.04075829383886256
9 0.7706161137440758 0.5118483412322274 0.04549763033175355 0.03601895734597156
1 0.8099526066350711 0.5127962085308057 0.04075829383886256 0.034123222748815164
6 0.8393364928909952 0.5056872037914691 0.03981042654028436 0.03696682464454976
8 0.22369668246445498 0.7549763033175355 0.08246445497630332 0.07772511848341232
8 0.5037914691943128 0.6829383886255924 0.07488151658767772 0.08056872037914692
9 0.4729857819905213 0.633175355450237 0.06540284360189573 0.06445497630331753
9 0.44123222748815166 0.5924170616113744 0.06635071090047394 0.06255924170616113
9 0.21469194312796208 0.7066350710900474 0.06919431279620854 0.05023696682464455
9 0.21374407582938387 0.6592417061611374 0.07298578199052133 0.04834123222748815
1 0.21753554502369668 0.614218009478673 0.058767772511848344 0.05308056872037915
1 0.4104265402843602 0.5563981042654028 0.058767772511848344 0.05308056872037915
6 0.3687203791469194 0.5492890995260663 0.04739336492890995 0.03886255924170616
6 0.318957345971564 0.5507109004739337 0.05971563981042654 0.04170616113744076
6 0.2729857819905213 0.5630331753554503 0.06824644549763033 0.06635071090047394
6 0.23981042654028437 0.5791469194312796 0.05971563981042654 0.058767772511848344
8 0.8781990521327014 0.818957345971564 0.07203791469194312 0.07582938388625593
8 0.8933649289099526 0.8862559241706162 0.07298578199052133 0.07772511848341232
9 0.9132701421800948 0.9364928909952607 0.05687203791469194 0.06066350710900474
9 0.9322274881516588 0.9725118483412323 0.055924170616113746 0.054976303317535544
1 0.9578199052132701 0.9872037914691943 0.05402843601895735 0.025592417061611375