8 0.36255924170616116 0.44691943127962086 0.0938388625592417 0.0938388625592417
8 0.29241706161137443 0.46350710900473935 0.09573459715639811 0.09573459715639811
3 0.22843601895734597 0.4720379146919431 0.04170616113744076 0.04170616113744076
9 0.17819905213270143 0.48056872037914694 0.06919431279620854 0.07203791469194312
1 0.12796208530805686 0.47014218009478675 0.061611374407582936 0.06445497630331753
6 0.0909952606635071 0.45924170616113746 0.06350710900473934 0.05781990521327014
6 0.06824644549763033 0.4308056872037915 0.06445497630331753 0.05971563981042654
6 0.054502369668246446 0.3995260663507109 0.06635071090047394 0.05023696682464455
8 0.9895734597156398 0.15402843601895735 0.02085308056872038 0.1033175355450237
9 0.8720379146919431 0.07582938388625593 0.06540284360189573 0.06540284360189573
9 0.8246445497630331 0.055924170616113746 0.06635071090047394 0.07203791469194312
1 0.7796208530805687 0.06018957345971564 0.07203791469194312 0.07109004739336493
6 0.7355450236966825 0.07867298578199051 0.07582938388625593 0.07677725118483412
8 0.3075829383886256 0.6706161137440758 0.0995260663507109 0.09573459715639811
9 0.3165876777251185 0.6085308056872037 0.07772511848341232 0.06445497630331753
1 0.3227488151658768 0.556872037914692 0.06824644549763033 0.06540284360189573
6 0.34265402843601894 0.533175355450237 0.06350710900473934 0.027488151658767772
6 0.9895734597156398 0.9838862559241706 0.02085308056872038 0.03222748815165877
6 0.9677725118483412 0.9876777251184834 0.03981042654028436 0.024644549763033177
6 0.9369668246445497 0.9824644549763033 0.04265402843601896 0.035071090047393366
6 0.909478672985782 0.9800947867298578 0.04265402843601896 0.03981042654028436
1 0.8815165876777251 0.9701421800947867 0.05308056872037915 0.05971563981042654
9 0.8530805687203792 0.9488151658767773 0.06255924170616113 0.06255924170616113
9 0.8341232227488151 0.9208530805687204 0.058767772511848344 0.05402843601895735
8 0.8180094786729858 0.871563981042654 0.0881516587677725 0.0909952606635071