3 0.21706161137440758 0.08909952606635071 0.03696682464454976 0.03696682464454976
4 0.4606635071090047 0.004739336492890996 0.04739336492890995 0.009478672985781991
8 0.49146919431279623 0.24786729857819906 0.08909952606635071 0.07393364928909953
3 0.5037914691943128 0.2033175355450237 0.04075829383886256 0.04075829383886256
9 0.5180094786729857 0.17109004739336492 0.06350710900473934 0.055924170616113746
9 0.5222748815165876 0.12606635071090047 0.054976303317535544 0.054976303317535544
8 0.25355450236966826 0.03981042654028436 0.08625592417061612 0.07962085308056872
9 0.2933649289099526 0.01943127962085308 0.06729857819905213 0.03886255924170616
9 0.33175355450236965 0.008530805687203791 0.06824644549763033 0.017061611374407582
2 0.5018957345971564 0.02132701421800948 0.046445497630331754 0.04265402843601896
6 0.5284360189573459 0.04407582938388625 0.04170616113744076 0.04265402843601896
1 0.5251184834123223 0.08104265402843602 0.04928909952606635 0.061611374407582936
8 0.7554502369668247 0.25308056872037915 0.0995260663507109 0.0909952606635071
9 0.7227488151658767 0.20568720379146918 0.06540284360189573 0.06540284360189573
9 0.7014218009478673 0.16540284360189572 0.05971563981042654 0.06066350710900474
1 0.6658767772511849 0.12843601895734597 0.061611374407582936 0.07109004739336493
6 0.6270142180094787 0.11469194312796209 0.04834123222748815 0.07393364928909953
6 0.5938388625592417 0.10426540284360189 0.05118483412322275 0.06635071090047394
6 0.5691943127962086 0.1023696682464455 0.03886255924170616 0.06066350710900474
6 0.556872037914692 0.11611374407582939 0.014218009478672985 0.06350710900473934
3 0.8492890995260663 0.9578199052132701 0.037914691943127965 0.031279620853080566
4 0.8815165876777251 0.9398104265402843 0.034123222748815164 0.02843601895734597
4 0.9611374407582939 0.9635071090047393 0.031279620853080566 0.03033175355450237