8 0.37109004739336493 0.20900473933649288 0.09004739336492891 0.0881516587677725
8 0.3706161137440758 0.2881516587677725 0.08151658767772511 0.08056872037914692
9 0.36635071090047394 0.35165876777251187 0.06350710900473934 0.058767772511848344
9 0.37345971563981045 0.4014218009478673 0.05687203791469194 0.05402843601895735
8 0.637914691943128 0.3853080568720379 0.08056872037914692 0.08341232227488152
9 0.6066350710900474 0.4312796208530806 0.055924170616113746 0.06540284360189573
9 0.566350710900474 0.45118483412322274 0.05402843601895735 0.03601895734597156
1 0.5289099526066351 0.45734597156398105 0.04549763033175355 0.023696682464454975
4 0.46445497630331756 0.44786729857819907 0.03222748815165877 0.03317535545023697
3 0.4052132701421801 0.41232227488151657 0.035071090047393366 0.04170616113744076
8 0.6872037914691943 0.0938388625592417 0.015165876777251185 0.07772511848341232
8 0.6895734597156398 0.16066350710900473 0.01990521327014218 0.07298578199052133
9 0.6881516587677725 0.2109004739336493 0.017061611374407582 0.05023696682464455
4 0.34786729857819904 0.8052132701421801 0.03696682464454976 0.037914691943127965
8 0.40616113744075827 0.8312796208530806 0.08056872037914692 0.06540284360189573
9 0.46398104265402845 0.8398104265402844 0.052132701421800945 0.054976303317535544
9 0.5118483412322274 0.8407582938388626 0.04834123222748815 0.054976303317535544
1 0.5545023696682464 0.8312796208530806 0.05023696682464455 0.052132701421800945
6 0.5895734597156398 0.814218009478673 0.05308056872037915 0.03601895734597156
6 0.6099526066350711 0.7900473933649289 0.05023696682464455 0.037914691943127965
6 0.6336492890995261 0.7668246445497631 0.04739336492890995 0.025592417061611375
3 0.7744075829383886 0.7227488151658767 0.03033175355450237 0.03317535545023697
3 0.7507109004739336 0.7962085308056872 0.03222748815165877 0.03222748815165877
3 0.728436018957346 0.8227488151658767 0.029383886255924172 0.03601895734597156