8 0.21184834123222748 0.4080568720379147 0.08246445497630332 0.08625592417061612
9 0.1985781990521327 0.34739336492890993 0.06729857819905213 0.05781990521327014
9 0.17014218009478674 0.30995260663507107 0.07014218009478673 0.05971563981042654
3 0.13459715639810427 0.2829383886255924 0.04170616113744076 0.04075829383886256
6 0.1023696682464455 0.262085308056872 0.046445497630331754 0.05687203791469194
6 0.05687203791469194 0.24644549763033174 0.05971563981042654 0.06540284360189573
6 0.015639810426540283 0.25355450236966826 0.031279620853080566 0.05971563981042654
8 0.542654028436019 0.29241706161137443 0.07393364928909953 0.08056872037914692
9 0.5554502369668246 0.23933649289099526 0.05781990521327014 0.04549763033175355
9 0.5488151658767773 0.1962085308056872 0.05118483412322275 0.046445497630331754
8 0.8421800947867298 0.24218009478672986 0.07298578199052133 0.07488151658767772
8 0.8113744075829384 0.1933649289099526 0.07203791469194312 0.07582938388625593
9 0.7777251184834123 0.15355450236966825 0.052132701421800945 0.05402843601895735
9 0.7431279620853081 0.12369668246445498 0.05402843601895735 0.052132701421800945
1 0.704265402843602 0.1 0.05308056872037915 0.06255924170616113
6 0.5597156398104265 0.15355450236966825 0.05971563981042654 0.052132701421800945
6 0.6654028436018957 0.09004739336492891 0.043601895734597156 0.055924170616113746
6 0.6289099526066351 0.0947867298578199 0.03886255924170616 0.05308056872037915
6 0.5985781990521327 0.1037914691943128 0.05023696682464455 0.05308056872037915
6 0.5739336492890995 0.12180094786729857 0.04549763033175355 0.046445497630331754
8 0.04123222748815166 0.8601895734597157 0.07772511848341232 0.07393364928909953
8 0.016587677725118485 0.8781990521327014 0.03317535545023697 0.07109004739336493
8 0.9417061611374408 0.6530805687203791 0.05687203791469194 0.055924170616113746
8 0.9502369668246445 0.7056872037914692 0.061611374407582936 0.061611374407582936
9 0.9563981042654028 0.7563981042654029 0.055924170616113746 0.052132701421800945
1 0.9597156398104265 0.8374407582938389 0.04834123222748815 0.05118483412322275
6 0.9374407582938389 0.8649289099526066 0.04454976303317536 0.04834123222748815
6 0.9246445497630332 0.8943127962085308 0.03317535545023697 0.03033175355450237
6 0.8990521327014218 0.9028436018957346 0.034123222748815164 0.04739336492890995
1 0.8327014218009479 0.9056872037914692 0.04928909952606635 0.061611374407582936
9 0.79478672985782 0.8981042654028436 0.05781990521327014 0.05781990521327014
9 0.7549763033175355 0.8739336492890996 0.05402843601895735 0.05781990521327014
8 0.7213270142180095 0.8459715639810427 0.05781990521327014 0.05971563981042654
8 0.6848341232227488 0.8161137440758294 0.05687203791469194 0.05687203791469194
6 0.8696682464454977 0.9061611374407583 0.04075829383886256 0.06066350710900474