8 0.22369668246445498 0.16066350710900473 0.08151658767772511 0.07867298578199051
8 0.2018957345971564 0.23317535545023696 0.08530805687203792 0.08530805687203792
9 0.17535545023696683 0.28720379146919434 0.06255924170616113 0.05308056872037915
9 0.15545023696682464 0.32701421800947866 0.054976303317535544 0.05308056872037915
1 0.13791469194312797 0.36540284360189573 0.04834123222748815 0.055924170616113746
6 0.1023696682464455 0.3819905213270142 0.04549763033175355 0.054976303317535544
6 0.06966824644549763 0.3886255924170616 0.03886255924170616 0.06066350710900474
6 0.03317535545023697 0.38388625592417064 0.04739336492890995 0.05118483412322275
6 0.011848341232227487 0.3758293838862559 0.023696682464454975 0.05402843601895735
0 0.9706161137440759 0.23696682464454977 0.05118483412322275 0.043601895734597156
0 0.9421800947867298 0.18672985781990523 0.04549763033175355 0.05023696682464455
9 0.8900473933649289 0.10568720379146919 0.054976303317535544 0.05781990521327014
8 0.6540284360189573 0.31516587677725116 0.08151658767772511 0.07298578199052133
8 0.6469194312796208 0.24407582938388625 0.07109004739336493 0.08436018957345971
9 0.6530805687203791 0.18341232227488152 0.06635071090047394 0.055924170616113746
9 0.6616113744075829 0.13981042654028436 0.06824644549763033 0.05023696682464455
6 0.6672985781990521 0.08909952606635071 0.05023696682464455 0.06066350710900474
6 0.709478672985782 0.06966824644549763 0.06540284360189573 0.06350710900473934
6 0.7625592417061612 0.04834123222748815 0.05971563981042654 0.06445497630331753
6 0.8165876777251185 0.05308056872037915 0.05118483412322275 0.07203791469194312
9 0.8592417061611375 0.06729857819905213 0.052132701421800945 0.06350710900473934
9 0.023222748815165877 0.7293838862559242 0.046445497630331754 0.052132701421800945
1 0.07014218009478673 0.7360189573459716 0.04739336492890995 0.04265402843601896
6 0.10758293838862559 0.7260663507109004 0.046445497630331754 0.037914691943127965
6 0.13364928909952606 0.7109004739336493 0.04834123222748815 0.03033175355450237
6 0.15308056872037915 0.690521327014218 0.04454976303317536 0.03317535545023697
0 0.556872037914692 0.523696682464455 0.03886255924170616 0.04265402843601896
0 0.6360189573459716 0.5791469194312796 0.034123222748815164 0.03222748815165877
0 0.6786729857819905 0.5976303317535545 0.03601895734597156 0.035071090047393366
1 0.7127962085308057 0.614218009478673 0.054976303317535544 0.06445497630331753
6 0.7549763033175355 0.6090047393364929 0.04454976303317536 0.061611374407582936
6 0.7819905213270142 0.6061611374407583 0.05118483412322275 0.04834123222748815
6 0.8104265402843602 0.5928909952606635 0.05308056872037915 0.04265402843601896
6 0.8293838862559242 0.5701421800947867 0.05308056872037915 0.04265402843601896
1 0.8369668246445497 0.5341232227488152 0.06824644549763033 0.05023696682464455
9 0.8436018957345972 0.49146919431279623 0.06255924170616113 0.046445497630331754
9 0.8492890995260663 0.45023696682464454 0.05687203791469194 0.04170616113744076