8 0.025118483412322274 0.11469194312796209 0.05023696682464455 0.0947867298578199
9 0.06398104265402843 0.11895734597156397 0.06350710900473934 0.07203791469194312
9 0.1014218009478673 0.14312796208530806 0.058767772511848344 0.05971563981042654
1 0.14739336492890995 0.13507109004739337 0.05971563981042654 0.061611374407582936
6 0.18625592417061612 0.11895734597156397 0.054976303317535544 0.05402843601895735
6 0.195260663507109 0.08862559241706161 0.061611374407582936 0.052132701421800945
6 0.2213270142180095 0.06445497630331753 0.05687203791469194 0.04739336492890995
9 0.5796208530805688 0.14502369668246445 0.06540284360189573 0.06540284360189573
9 0.5981042654028436 0.1037914691943128 0.06729857819905213 0.06066350710900474
1 0.609478672985782 0.06492890995260664 0.05971563981042654 0.06255924170616113
6 0.6398104265402843 0.036492890995260666 0.06824644549763033 0.07298578199052133
5 0.7004739336492891 0.04075829383886256 0.03696682464454976 0.03696682464454976
6 0.7222748815165877 0.024644549763033177 0.04928909952606635 0.04928909952606635
1 0.762085308056872 0.024170616113744076 0.05687203791469194 0.04834123222748815
9 0.7876777251184834 0.04881516587677725 0.06729857819905213 0.06445497630331753
9 0.809478672985782 0.07962085308056872 0.07203791469194312 0.06729857819905213
8 0.304739336492891 0.9729857819905213 0.0995260663507109 0.05402843601895735
9 0.3042654028436019 0.9293838862559242 0.0909952606635071 0.06540284360189573
9 0.3014218009478673 0.8800947867298579 0.08625592417061612 0.06824644549763033
1 0.2962085308056872 0.8317535545023697 0.07772511848341232 0.07014218009478673
1 0.10284360189573459 0.7682464454976303 0.07109004739336493 0.0909952606635071
9 0.055924170616113746 0.8033175355450237 0.06919431279620854 0.08530805687203792
8 0.637914691943128 0.6402843601895735 0.05687203791469194 0.058767772511848344
8 0.6469194312796208 0.6971563981042654 0.05971563981042654 0.06066350710900474
8 0.9682464454976303 0.6763033175355451 0.05118483412322275 0.05402843601895735
8 0.9535545023696682 0.7298578199052133 0.06729857819905213 0.07203791469194312
9 0.9402843601895735 0.7829383886255924 0.06445497630331753 0.06350710900473934
9 0.9156398104265403 0.8199052132701422 0.052132701421800945 0.05781990521327014
9 0.6559241706161137 0.7516587677725118 0.054976303317535544 0.05118483412322275
9 0.6630331753554503 0.7914691943127962 0.06066350710900474 0.046445497630331754
1 0.8895734597156398 0.8639810426540284 0.04834123222748815 0.05118483412322275
6 0.8488151658767773 0.885308056872038 0.04549763033175355 0.04454976303317536
6 0.8009478672985783 0.8933649289099526 0.061611374407582936 0.05402843601895735
6 0.747867298578199 0.8895734597156398 0.05118483412322275 0.054976303317535544
6 0.70521327014218 0.8734597156398104 0.05308056872037915 0.05023696682464455
1 0.6753554502369669 0.842654028436019 0.05118483412322275 0.058767772511848344