8 0.02890995260663507 0.13507109004739337 0.05781990521327014 0.0881516587677725
8 0.08009478672985781 0.14218009478672985 0.07677725118483412 0.09004739336492891
4 0.12369668246445498 0.14597156398104266 0.03222748815165877 0.037914691943127965
9 0.17251184834123223 0.15213270142180094 0.05971563981042654 0.07203791469194312
1 0.2161137440758294 0.15450236966824646 0.05781990521327014 0.05687203791469194
6 0.25308056872037915 0.13554502369668248 0.06445497630331753 0.05308056872037915
6 0.2729857819905213 0.104739336492891 0.06729857819905213 0.05687203791469194
8 0.5758293838862559 0.3791469194312796 0.03317535545023697 0.08151658767772511
8 0.6222748815165877 0.3872037914691943 0.0881516587677725 0.06540284360189573
9 0.6796208530805687 0.4023696682464455 0.054976303317535544 0.035071090047393366
3 0.718957345971564 0.4109004739336493 0.03317535545023697 0.01800947867298578
1 0.7672985781990521 0.4075829383886256 0.06350710900473934 0.024644549763033177
6 0.8236966824644549 0.4099526066350711 0.06255924170616113 0.01990521327014218
6 0.8739336492890996 0.4018957345971564 0.07203791469194312 0.03601895734597156
8 0.03696682464454976 0.8848341232227488 0.07393364928909953 0.09194312796208531
9 0.3127962085308057 0.8156398104265403 0.06635071090047394 0.054976303317535544
1 0.3056872037914692 0.7663507109004739 0.05781990521327014 0.058767772511848344
1 0.07914691943127962 0.747867298578199 0.06445497630331753 0.05971563981042654
6 0.11848341232227488 0.7123222748815166 0.04739336492890995 0.04739336492890995
6 0.16966824644549763 0.7071090047393365 0.055924170616113746 0.06540284360189573
6 0.22796208530805687 0.7127962085308057 0.058767772511848344 0.05781990521327014
6 0.2682464454976303 0.7331753554502369 0.037914691943127965 0.04454976303317536
8 0.590047393364929 0.8445497630331753 0.061611374407582936 0.07393364928909953
8 0.6118483412322275 0.7909952606635071 0.08151658767772511 0.07677725118483412
9 0.6274881516587678 0.7398104265402844 0.06255924170616113 0.05023696682464455
9 0.6440758293838863 0.7009478672985782 0.06540284360189573 0.055924170616113746
1 0.656872037914692 0.6540284360189573 0.061611374407582936 0.05687203791469194
6 0.5796208530805688 0.5184834123222749 0.04075829383886256 0.05308056872037915
6 0.6118483412322275 0.5407582938388625 0.06540284360189573 0.05781990521327014
6 0.6454976303317536 0.5630331753554503 0.06066350710900474 0.07203791469194312
6 0.6554502369668247 0.6104265402843602 0.04928909952606635 0.05308056872037915