8 0.8398104265402844 0.35118483412322277 0.0966824644549763 0.03696682464454976
9 0.828436018957346 0.3175355450236967 0.07772511848341232 0.05402843601895735
9 0.8251184834123223 0.2729857819905213 0.07298578199052133 0.054976303317535544
1 0.8251184834123223 0.2241706161137441 0.07014218009478673 0.06919431279620854
1 0.9900473933649289 0.13459715639810427 0.01990521327014218 0.06635071090047394
6 0.9672985781990522 0.13080568720379146 0.05023696682464455 0.055924170616113746
6 0.9175355450236967 0.13080568720379146 0.06635071090047394 0.06919431279620854
6 0.8710900473933649 0.15213270142180094 0.06635071090047394 0.06729857819905213
6 0.8369668246445497 0.17772511848341233 0.061611374407582936 0.061611374407582936
8 0.12654028436018958 0.7630331753554502 0.06729857819905213 0.06350710900473934
8 0.14928909952606634 0.8260663507109005 0.06824644549763033 0.06919431279620854
8 0.42985781990521327 0.738388625592417 0.03886255924170616 0.058767772511848344
9 0.4312796208530806 0.7895734597156399 0.03601895734597156 0.05118483412322275
9 0.42890995260663506 0.8312796208530806 0.04075829383886256 0.04739336492890995
9 0.16777251184834124 0.8772511848341232 0.05781990521327014 0.04739336492890995
1 0.42227488151658765 0.8781990521327014 0.05402843601895735 0.05402843601895735
9 0.2 0.9066350710900474 0.05687203791469194 0.04834123222748815
6 0.4042654028436019 0.9293838862559242 0.05781990521327014 0.06729857819905213
6 0.37203791469194314 0.9549763033175356 0.061611374407582936 0.06635071090047394
6 0.32085308056872036 0.9658767772511848 0.061611374407582936 0.06824644549763033
6 0.27061611374407585 0.9682464454976303 0.055924170616113746 0.06350710900473934
1 0.23981042654028437 0.9369668246445497 0.055924170616113746 0.055924170616113746
6 0.6336492890995261 0.7246445497630332 0.04170616113744076 0.06635071090047394
6 0.6701421800947868 0.7170616113744076 0.046445497630331754 0.06350710900473934
6 0.6 0.728909952606635 0.04265402843601896 0.06540284360189573
6 0.5677725118483412 0.7232227488151659 0.04075829383886256 0.06066350710900474
1 0.6966824644549763 0.6914691943127962 0.04454976303317536 0.07582938388625593
1 0.533649289099526 0.70521327014218 0.03886255924170616 0.06540284360189573
9 0.7279620853080568 0.6758293838862559 0.035071090047393366 0.05971563981042654
9 0.7483412322274882 0.6592417061611374 0.02843601895734597 0.04454976303317536
9 0.5085308056872038 0.6957345971563981 0.024644549763033177 0.054976303317535544