9 0.5099526066350711 0.36161137440758295 0.061611374407582936 0.06445497630331753
1 0.5109004739336492 0.3881516587677725 0.07014218009478673 0.023696682464454975
6 0.9796208530805687 0.2052132701421801 0.04075829383886256 0.05781990521327014
1 0.9786729857819905 0.25213270142180094 0.04265402843601896 0.06255924170616113
9 0.9824644549763033 0.2990521327014218 0.035071090047393366 0.05971563981042654
8 0.9867298578199052 0.34834123222748814 0.026540284360189573 0.07488151658767772
8 0.45639810426540284 0.46161137440758293 0.07867298578199051 0.09194312796208531
8 0.3971563981042654 0.4928909952606635 0.0881516587677725 0.09194312796208531
9 0.34739336492890993 0.5232227488151658 0.06255924170616113 0.07393364928909953
9 0.2995260663507109 0.5355450236966824 0.061611374407582936 0.07772511848341232
1 0.24834123222748816 0.5516587677725119 0.06350710900473934 0.06445497630331753
6 0.1985781990521327 0.5436018957345972 0.06255924170616113 0.06350710900473934
6 0.14928909952606634 0.524170616113744 0.06729857819905213 0.06255924170616113
9 0.9800947867298578 0.6113744075829384 0.03981042654028436 0.07393364928909953