9 0.1909952606635071 0.2900473933649289 0.06445497630331753 0.055924170616113746
9 0.20568720379146918 0.33175355450236965 0.05687203791469194 0.05687203791469194
3 0.4720379146919431 0.2563981042654028 0.04928909952606635 0.052132701421800945
3 0.43838862559241704 0.2966824644549763 0.05118483412322275 0.04549763033175355
2 0.4213270142180095 0.33791469194312795 0.04265402843601896 0.046445497630331754
1 0.22938388625592418 0.3691943127962085 0.06066350710900474 0.06824644549763033
1 0.3957345971563981 0.37203791469194314 0.05781990521327014 0.06350710900473934
6 0.36255924170616116 0.3943127962085308 0.052132701421800945 0.06635071090047394
6 0.32701421800947866 0.4033175355450237 0.046445497630331754 0.06255924170616113
6 0.2943127962085308 0.4004739336492891 0.043601895734597156 0.054976303317535544
6 0.26350710900473934 0.38957345971563984 0.05118483412322275 0.05971563981042654
7 0.5085308056872038 0.19478672985781992 0.07677725118483412 0.08436018957345971
8 0.7625592417061612 0.4004739336492891 0.08436018957345971 0.07582938388625593
8 0.7492890995260664 0.3407582938388626 0.07962085308056872 0.07772511848341232
9 0.7563981042654029 0.2843601895734597 0.06729857819905213 0.05308056872037915
9 0.7459715639810427 0.24075829383886255 0.06445497630331753 0.05308056872037915
1 0.737914691943128 0.1933649289099526 0.06445497630331753 0.06066350710900474
6 0.7156398104265402 0.15071090047393365 0.05971563981042654 0.06350710900473934
6 0.6829383886255924 0.12132701421800948 0.06255924170616113 0.07109004739336493
6 0.6559241706161137 0.11184834123222749 0.03222748815165877 0.06824644549763033
8 0.15450236966824646 0.8009478672985783 0.08246445497630332 0.07677725118483412
8 0.4729857819905213 0.7943127962085308 0.08246445497630332 0.08056872037914692
8 0.45402843601895737 0.7331753554502369 0.08246445497630332 0.08341232227488152
8 0.16872037914691942 0.7436018957345971 0.08436018957345971 0.08625592417061612
9 0.18909952606635072 0.6957345971563981 0.06350710900473934 0.06445497630331753
9 0.43317535545023694 0.6767772511848341 0.06824644549763033 0.05971563981042654
1 0.41753554502369666 0.6322274881516587 0.05308056872037915 0.05687203791469194
1 0.21753554502369668 0.6407582938388625 0.05308056872037915 0.05781990521327014
6 0.24549763033175356 0.609478672985782 0.055924170616113746 0.058767772511848344
6 0.3402843601895735 0.5853080568720379 0.061611374407582936 0.06445497630331753
6 0.2890995260663507 0.5895734597156398 0.06066350710900474 0.06350710900473934
6 0.385781990521327 0.6018957345971564 0.05687203791469194 0.05971563981042654
8 0.9507109004739337 0.904739336492891 0.08246445497630332 0.07772511848341232
8 0.9744075829383886 0.8687203791469195 0.05118483412322275 0.07677725118483412
3 0.9786729857819905 0.6701421800947868 0.03317535545023697 0.035071090047393366
3 0.9369668246445497 0.6587677725118484 0.03222748815165877 0.03696682464454976
3 0.8876777251184834 0.647867298578199 0.03601895734597156 0.03696682464454976