8 0.07251184834123223 0.4549763033175355 0.06445497630331753 0.07488151658767772
8 0.03838862559241706 0.4071090047393365 0.07677725118483412 0.08625592417061612
9 0.01990521327014218 0.36255924170616116 0.03981042654028436 0.061611374407582936
8 0.3706161137440758 0.4018957345971564 0.04170616113744076 0.08720379146919431
8 0.3805687203791469 0.34976303317535545 0.061611374407582936 0.08530805687203792
9 0.38436018957345974 0.2990521327014218 0.06635071090047394 0.06066350710900474
9 0.3924170616113744 0.25450236966824646 0.06635071090047394 0.058767772511848344
1 0.41232227488151657 0.2127962085308057 0.05971563981042654 0.06255924170616113
6 0.437914691943128 0.1843601895734597 0.05118483412322275 0.054976303317535544
6 0.4824644549763033 0.15213270142180094 0.06255924170616113 0.07298578199052133
6 0.533649289099526 0.15213270142180094 0.06350710900473934 0.08056872037914692
6 0.571563981042654 0.17156398104265402 0.052132701421800945 0.05402843601895735
1 0.6042654028436019 0.1971563981042654 0.06350710900473934 0.06350710900473934
9 0.6274881516587678 0.24170616113744076 0.06824644549763033 0.05687203791469194
9 0.6402843601895735 0.2853080568720379 0.06824644549763033 0.05687203791469194
8 0.02132701421800948 0.6763033175355451 0.04265402843601896 0.07488151658767772
8 0.021800947867298578 0.6170616113744076 0.043601895734597156 0.07962085308056872
8 0.3123222748815166 0.5706161137440758 0.07488151658767772 0.06255924170616113
8 0.2739336492890995 0.5507109004739337 0.07772511848341232 0.022748815165876776
9 0.01990521327014218 0.5691943127962086 0.03981042654028436 0.05781990521327014
9 0.026066350710900472 0.54739336492891 0.052132701421800945 0.016113744075829384
8 0.5924170616113744 0.571563981042654 0.08530805687203792 0.06445497630331753
8 0.6592417061611374 0.5800947867298578 0.08246445497630332 0.08151658767772511
5 0.704739336492891 0.5943127962085308 0.04075829383886256 0.04265402843601896
9 0.7492890995260664 0.590047393364929 0.05781990521327014 0.06729857819905213
1 0.790521327014218 0.5786729857819906 0.05118483412322275 0.06066350710900474
6 0.8270142180094787 0.5654028436018957 0.05781990521327014 0.052132701421800945
6 0.8488151658767773 0.5516587677725119 0.05402843601895735 0.024644549763033177