8 0.031279620853080566 0.30379146919431277 0.06255924170616113 0.07867298578199051
9 0.07298578199052133 0.28104265402843603 0.04928909952606635 0.06540284360189573
9 0.10995260663507109 0.26255924170616113 0.05687203791469194 0.06635071090047394
1 0.15308056872037915 0.25829383886255924 0.04454976303317536 0.05781990521327014
6 0.1971563981042654 0.25781990521327014 0.054976303317535544 0.058767772511848344
6 0.23886255924170616 0.2786729857819905 0.06824644549763033 0.07014218009478673
8 0.8696682464454977 0.4104265402843602 0.07677725118483412 0.018957345971563982
8 0.14218009478672985 0.9630331753554502 0.06255924170616113 0.05402843601895735
8 0.13744075829383887 0.9118483412322275 0.06635071090047394 0.06066350710900474
9 0.12890995260663507 0.8630331753554502 0.06255924170616113 0.04075829383886256
9 0.12132701421800948 0.8241706161137441 0.06255924170616113 0.04834123222748815
1 0.1023696682464455 0.7824644549763033 0.058767772511848344 0.061611374407582936
6 0.005687203791469194 0.7227488151658767 0.011374407582938388 0.04454976303317536
6 0.07772511848341232 0.7440758293838863 0.04739336492890995 0.03981042654028436
6 0.03886255924170616 0.7270142180094786 0.054976303317535544 0.04549763033175355
8 0.8033175355450237 0.4431279620853081 0.06729857819905213 0.046445497630331754
9 0.7890995260663507 0.4819905213270142 0.05781990521327014 0.046445497630331754
9 0.7853080568720379 0.5232227488151658 0.05971563981042654 0.05118483412322275
0 0.7933649289099526 0.5649289099526066 0.04549763033175355 0.03981042654028436
0 0.828436018957346 0.624170616113744 0.037914691943127965 0.04834123222748815
2 0.885308056872038 0.656872037914692 0.03601895734597156 0.04928909952606635
0 0.9208530805687204 0.6426540284360189 0.04075829383886256 0.043601895734597156
0 0.9943127962085309 0.6037914691943128 0.011374407582938388 0.03981042654028436