3 0.15260663507109004 0.5137440758293839 0.03981042654028436 0.03981042654028436
4 0.14360189573459717 0.46492890995260666 0.03981042654028436 0.03886255924170616
4 0.13744075829383887 0.42369668246445497 0.04075829383886256 0.03981042654028436
8 0.42369668246445497 0.3701421800947867 0.08530805687203792 0.0909952606635071
9 0.3853080568720379 0.32701421800947866 0.06350710900473934 0.07203791469194312
9 0.34549763033175357 0.2971563981042654 0.06824644549763033 0.07014218009478673
6 0.2672985781990521 0.26066350710900477 0.06066350710900474 0.06729857819905213
1 0.12132701421800948 0.35308056872037913 0.06350710900473934 0.06445497630331753
6 0.14739336492890995 0.31990521327014215 0.06066350710900474 0.06445497630331753
6 0.18056872037914692 0.2957345971563981 0.06350710900473934 0.07582938388625593
6 0.22559241706161137 0.27677725118483415 0.054976303317535544 0.07677725118483412
4 0.7374407582938388 0.5270142180094787 0.04170616113744076 0.04549763033175355
4 0.7554502369668247 0.4308056872037915 0.031279620853080566 0.03222748815165877
4 0.7781990521327015 0.3909952606635071 0.031279620853080566 0.026540284360189573
4 0.861611374407583 0.3924170616113744 0.03033175355450237 0.029383886255924172
4 0.9492890995260663 0.3990521327014218 0.03222748815165877 0.03222748815165877
4 0.9834123222748815 0.43364928909952605 0.03317535545023697 0.03886255924170616
4 0.9943127962085309 0.5175355450236967 0.011374407582938388 0.037914691943127965
3 0.33933649289099527 0.9781990521327014 0.043601895734597156 0.04075829383886256
2 0.09052132701421801 0.9872037914691943 0.05402843601895735 0.025592417061611375
9 0.318957345971564 0.9218009478672986 0.06919431279620854 0.05971563981042654
9 0.10995260663507109 0.9459715639810427 0.05781990521327014 0.054976303317535544
1 0.2914691943127962 0.8909952606635071 0.04928909952606635 0.07772511848341232
1 0.13270142180094788 0.9 0.05308056872037915 0.058767772511848344
6 0.25260663507109005 0.8767772511848341 0.043601895734597156 0.08056872037914692
6 0.21800947867298578 0.8658767772511848 0.04075829383886256 0.07014218009478673
6 0.1853080568720379 0.8687203791469195 0.03981042654028436 0.06729857819905213
6 0.16492890995260664 0.8924170616113745 0.043601895734597156 0.06540284360189573
1 0.7360189573459716 0.5644549763033175 0.055924170616113746 0.029383886255924172
1 0.5383886255924171 0.5739336492890995 0.05687203791469194 0.04834123222748815
6 0.6976303317535545 0.5791469194312796 0.05308056872037915 0.058767772511848344
6 0.6563981042654028 0.5857819905213271 0.04834123222748815 0.054976303317535544
6 0.6156398104265403 0.5857819905213271 0.04834123222748815 0.05118483412322275
6 0.5819905213270142 0.5867298578199052 0.04454976303317536 0.05781990521327014