8 0.3 0.3957345971563981 0.06635071090047394 0.06919431279620854
8 0.26066350710900477 0.4251184834123223 0.08341232227488152 0.06919431279620854
9 0.22085308056872038 0.44218009478672987 0.06066350710900474 0.035071090047393366
1 0.013270142180094787 0.41137440758293836 0.026540284360189573 0.06445497630331753
6 0.046445497630331754 0.4492890995260663 0.043601895734597156 0.02085308056872038
6 0.02227488151658768 0.43886255924170614 0.04454976303317536 0.04170616113744076
2 0.7265402843601896 0.38909952606635073 0.06635071090047394 0.0947867298578199
5 0.7753554502369668 0.42748815165876775 0.03981042654028436 0.043601895734597156
9 0.8345971563981043 0.4374407582938389 0.06350710900473934 0.04454976303317536
9 0.885308056872038 0.44123222748815166 0.06824644549763033 0.03696682464454976
1 0.933649289099526 0.44597156398104265 0.06635071090047394 0.027488151658767772
6 0.9710900473933649 0.44407582938388623 0.05781990521327014 0.031279620853080566
6 0.9848341232227488 0.4327014218009479 0.03033175355450237 0.05402843601895735
8 0.052132701421800945 0.7037914691943128 0.06919431279620854 0.07677725118483412
8 0.1009478672985782 0.6691943127962086 0.07962085308056872 0.07867298578199051
9 0.12322274881516587 0.6265402843601896 0.054976303317535544 0.05687203791469194
9 0.15402843601895735 0.5938388625592417 0.06635071090047394 0.061611374407582936
1 0.1876777251184834 0.5658767772511848 0.054976303317535544 0.06255924170616113
6 0.23033175355450236 0.5540284360189573 0.05023696682464455 0.054976303317535544
6 0.2824644549763033 0.5725118483412323 0.06540284360189573 0.06255924170616113
6 0.3293838862559242 0.6023696682464454 0.06729857819905213 0.06066350710900474
6 0.3701421800947867 0.6303317535545023 0.05971563981042654 0.05971563981042654
1 0.39478672985781993 0.6625592417061611 0.058767772511848344 0.05402843601895735
9 0.3914691943127962 0.7241706161137441 0.06824644549763033 0.055924170616113746
9 0.3981042654028436 0.7611374407582938 0.06540284360189573 0.058767772511848344
8 0.3943127962085308 0.8364928909952607 0.09004739336492891 0.08056872037914692
8 0.6895734597156398 0.7559241706161137 0.07962085308056872 0.07962085308056872
8 0.6682464454976303 0.8175355450236966 0.07298578199052133 0.07772511848341232
9 0.6502369668246446 0.8663507109004739 0.05781990521327014 0.06066350710900474
9 0.6303317535545023 0.9028436018957346 0.05402843601895735 0.058767772511848344
1 0.5947867298578199 0.9350710900473934 0.05308056872037915 0.052132701421800945
6 0.5677725118483412 0.9549763033175356 0.04928909952606635 0.05023696682464455
6 0.5369668246445498 0.9606635071090047 0.043601895734597156 0.05023696682464455
6 0.5018957345971564 0.9597156398104265 0.04265402843601896 0.04834123222748815
6 0.48056872037914694 0.9516587677725118 0.022748815165876776 0.05687203791469194