3 0.24218009478672986 0.14407582938388624 0.05023696682464455 0.04834123222748815
2 0.21516587677725119 0.1872037914691943 0.04549763033175355 0.05308056872037915
9 0.1895734597156398 0.22748815165876776 0.061611374407582936 0.06824644549763033
1 0.15781990521327013 0.25355450236966826 0.05402843601895735 0.055924170616113746
1 0.005687203791469194 0.21990521327014217 0.011374407582938388 0.058767772511848344
6 0.02132701421800948 0.23696682464454977 0.04265402843601896 0.05118483412322275
6 0.05402843601895735 0.24881516587677724 0.04454976303317536 0.05687203791469194
6 0.08909952606635071 0.25308056872037915 0.04739336492890995 0.05402843601895735
6 0.12274881516587678 0.25971563981042656 0.043601895734597156 0.052132701421800945
6 0.671090047393365 0.26303317535545023 0.046445497630331754 0.058767772511848344
6 0.70521327014218 0.2677725118483412 0.04549763033175355 0.06066350710900474
6 0.7398104265402844 0.2663507109004739 0.04075829383886256 0.05402843601895735
6 0.6402843601895735 0.24976303317535545 0.052132701421800945 0.06066350710900474
1 0.6090047393364929 0.22606635071090048 0.04739336492890995 0.06919431279620854
1 0.7739336492890996 0.2616113744075829 0.04549763033175355 0.07488151658767772
9 0.7962085308056872 0.24881516587677724 0.04928909952606635 0.05971563981042654
9 0.8090047393364929 0.22322274881516588 0.055924170616113746 0.054976303317535544
9 0.5796208530805688 0.209478672985782 0.04928909952606635 0.05118483412322275
9 0.566824644549763 0.18625592417061612 0.054976303317535544 0.054976303317535544
8 0.3739336492890995 0.6611374407582938 0.052132701421800945 0.08246445497630332
9 0.3345971563981043 0.6587677725118484 0.05687203791469194 0.07109004739336493
9 0.2895734597156398 0.6540284360189573 0.05971563981042654 0.06824644549763033
1 0.24881516587677724 0.6450236966824645 0.04834123222748815 0.05023696682464455
6 0.22369668246445498 0.633175355450237 0.05687203791469194 0.026540284360189573
8 0.5696682464454976 0.8976303317535546 0.07677725118483412 0.07677725118483412
4 0.624170616113744 0.9241706161137441 0.04075829383886256 0.03886255924170616
9 0.6838862559241706 0.9360189573459715 0.052132701421800945 0.06255924170616113
9 0.7260663507109004 0.9483412322274881 0.05308056872037915 0.05971563981042654
1 0.7658767772511849 0.9554502369668246 0.052132701421800945 0.05687203791469194
6 0.7928909952606635 0.9450236966824644 0.05402843601895735 0.04928909952606635
6 0.814218009478673 0.9246445497630332 0.054976303317535544 0.04075829383886256