0 0.17725118483412322 0.22464454976303316 0.046445497630331754 0.046445497630331754
0 0.2071090047393365 0.2729857819905213 0.04834123222748815 0.04928909952606635
0 0.25260663507109005 0.3293838862559242 0.04170616113744076 0.04454976303317536
8 0.48625592417061614 0.18578199052132702 0.07488151658767772 0.07582938388625593
8 0.47488151658767774 0.24312796208530807 0.07582938388625593 0.07867298578199051
9 0.45639810426540284 0.29289099526066353 0.06445497630331753 0.06255924170616113
9 0.4374407582938389 0.33222748815165876 0.06255924170616113 0.055924170616113746
1 0.2824644549763033 0.36824644549763036 0.07203791469194312 0.07962085308056872
1 0.4156398104265403 0.37345971563981045 0.07582938388625593 0.07014218009478673
6 0.36113744075829385 0.3971563981042654 0.04739336492890995 0.07014218009478673
6 0.328436018957346 0.4009478672985782 0.046445497630331754 0.06066350710900474
6 0.3004739336492891 0.38909952606635073 0.05308056872037915 0.06445497630331753
6 0.3876777251184834 0.3928909952606635 0.05023696682464455 0.06066350710900474
8 0.6853080568720379 0.4014218009478673 0.08056872037914692 0.08625592417061612
8 0.728909952606635 0.36208530805687206 0.08720379146919431 0.09004739336492891
8 0.9725118483412323 0.490521327014218 0.054976303317535544 0.05781990521327014
9 0.975829383886256 0.44549763033175355 0.04834123222748815 0.06066350710900474
9 0.9715639810426541 0.4004739336492891 0.05687203791469194 0.06540284360189573
9 0.762085308056872 0.32606635071090045 0.06919431279620854 0.06919431279620854
1 0.9739336492890995 0.35592417061611376 0.052132701421800945 0.05971563981042654
1 0.7924170616113744 0.2938388625592417 0.05781990521327014 0.05971563981042654
6 0.8312796208530806 0.2739336492890995 0.055924170616113746 0.05781990521327014
6 0.8772511848341232 0.2734597156398104 0.06445497630331753 0.07014218009478673
6 0.9270142180094787 0.2900473933649289 0.06445497630331753 0.06824644549763033
6 0.9587677725118483 0.3170616113744076 0.05402843601895735 0.05687203791469194
8 0.271563981042654 0.8203791469194313 0.0995260663507109 0.0966824644549763
8 0.3109004739336493 0.7753554502369668 0.1052132701421801 0.1033175355450237
9 0.34502369668246446 0.7360189573459716 0.07582938388625593 0.06729857819905213
8 0.547867298578199 0.9601895734597157 0.0966824644549763 0.07962085308056872
8 0.5620853080568721 0.9127962085308057 0.07582938388625593 0.07203791469194312
9 0.5687203791469194 0.8682464454976303 0.06255924170616113 0.054976303317535544
9 0.5720379146919431 0.8298578199052132 0.055924170616113746 0.05781990521327014
1 0.5748815165876777 0.7867298578199052 0.05023696682464455 0.06635071090047394
1 0.4099526066350711 0.6962085308056872 0.06824644549763033 0.07393364928909953
6 0.45213270142180095 0.6815165876777252 0.06255924170616113 0.06445497630331753
6 0.5009478672985782 0.6924170616113744 0.06635071090047394 0.06919431279620854
6 0.5492890995260663 0.7146919431279621 0.06635071090047394 0.07393364928909953
6 0.5706161137440758 0.7483412322274882 0.058767772511848344 0.061611374407582936
8 0.8507109004739336 0.9061611374407583 0.08530805687203792 0.08720379146919431
9 0.9473933649289099 0.9042654028436019 0.06445497630331753 0.07393364928909953
1 0.9829383886255925 0.9066350710900474 0.034123222748815164 0.06350710900473934