5 0.24502369668246446 0.05781990521327014 0.03981042654028436 0.03981042654028436
8 0.46398104265402845 0.23459715639810427 0.07109004739336493 0.06824644549763033
8 0.45402843601895737 0.1791469194312796 0.07488151658767772 0.07393364928909953
9 0.44218009478672987 0.12938388625592417 0.06445497630331753 0.06066350710900474
9 0.42322274881516586 0.0947867298578199 0.061611374407582936 0.06824644549763033
1 0.4037914691943128 0.05402843601895735 0.054976303317535544 0.05781990521327014
1 0.2616113744075829 0.030805687203791468 0.06824644549763033 0.061611374407582936
6 0.35497630331753555 0.026066350710900472 0.046445497630331754 0.052132701421800945
6 0.3241706161137441 0.023696682464454975 0.04549763033175355 0.04739336492890995
6 0.3819905213270142 0.031279620853080566 0.04075829383886256 0.05781990521327014
6 0.2962085308056872 0.024644549763033177 0.05023696682464455 0.04928909952606635
0 0.1848341232227488 0.14218009478672985 0.046445497630331754 0.04834123222748815
0 0.15165876777251186 0.18341232227488152 0.03981042654028436 0.046445497630331754
8 0.7488151658767772 0.15118483412322276 0.07488151658767772 0.08530805687203792
8 0.8104265402843602 0.12843601895734597 0.07203791469194312 0.08720379146919431
8 0.8748815165876778 0.15023696682464455 0.08436018957345971 0.08246445497630332
9 0.9677725118483412 0.14549763033175356 0.06066350710900474 0.07393364928909953
8 0.9279620853080569 0.43317535545023694 0.07582938388625593 0.07677725118483412
9 0.975829383886256 0.4165876777251185 0.04834123222748815 0.06350710900473934
9 0.15876777251184834 0.9819905213270143 0.05781990521327014 0.03601895734597156
6 0.025118483412322274 0.8218009478672986 0.05023696682464455 0.07014218009478673
6 0.07772511848341232 0.8293838862559242 0.06540284360189573 0.07677725118483412
6 0.12511848341232226 0.8540284360189574 0.06350710900473934 0.06255924170616113
6 0.14360189573459717 0.8981042654028436 0.06066350710900474 0.055924170616113746
1 0.16113744075829384 0.9412322274881516 0.058767772511848344 0.06066350710900474
8 0.871563981042654 0.7668246445497631 0.07393364928909953 0.06350710900473934
8 0.8843601895734597 0.828436018957346 0.07962085308056872 0.07203791469194312
9 0.8924170616113745 0.8786729857819905 0.055924170616113746 0.05023696682464455
9 0.8890995260663507 0.9175355450236967 0.058767772511848344 0.05023696682464455
1 0.8824644549763033 0.9587677725118483 0.054976303317535544 0.05402843601895735
6 0.8635071090047394 0.9791469194312796 0.05687203791469194 0.04170616113744076
6 0.8350710900473933 0.9881516587677726 0.06635071090047394 0.023696682464454975
9 0.680568720379147 0.9815165876777251 0.05687203791469194 0.03696682464454976
2 0.6630331753554503 0.9606635071090047 0.04075829383886256 0.035071090047393366
3 0.6440758293838863 0.9123222748815166 0.03981042654028436 0.03981042654028436
4 0.614691943127962 0.8687203791469195 0.03981042654028436 0.04170616113744076