8 0.2786729857819905 0.37772511848341234 0.08056872037914692 0.0947867298578199
8 0.22369668246445498 0.35497630331753555 0.08720379146919431 0.0985781990521327
9 0.17440758293838862 0.33222748815165876 0.05781990521327014 0.07677725118483412
9 0.13412322274881516 0.3194312796208531 0.05781990521327014 0.07582938388625593
1 0.0976303317535545 0.3056872037914692 0.054976303317535544 0.06540284360189573
6 0.05687203791469194 0.3052132701421801 0.06066350710900474 0.06255924170616113
6 0.026066350710900472 0.3180094786729858 0.052132701421800945 0.07298578199052133
6 0.008056872037914692 0.34881516587677724 0.016113744075829384 0.07393364928909953
0 0.6838862559241706 0.011848341232227487 0.035071090047393366 0.023696682464454975
0 0.6246445497630332 0.09336492890995261 0.03222748815165877 0.031279620853080566
0 0.6023696682464454 0.12606635071090047 0.025592417061611375 0.03222748815165877
1 0.6037914691943128 0.16682464454976303 0.02843601895734597 0.04739336492890995
2 0.3009478672985782 0.9265402843601895 0.05781990521327014 0.07203791469194312
8 0.23270142180094786 0.9341232227488152 0.07962085308056872 0.0938388625592417
9 0.16872037914691942 0.9279620853080569 0.05971563981042654 0.05971563981042654
9 0.12369668246445498 0.9350710900473934 0.05118483412322275 0.05687203791469194
1 0.07298578199052133 0.9308056872037914 0.06066350710900474 0.06540284360189573
6 0.03222748815165877 0.9127962085308057 0.06445497630331753 0.07014218009478673
6 0.02037914691943128 0.8729857819905213 0.04075829383886256 0.06066350710900474
8 0.776303317535545 0.8360189573459715 0.0966824644549763 0.0938388625592417
8 0.8018957345971564 0.9218009478672986 0.08720379146919431 0.09004739336492891
9 0.8293838862559242 0.9753554502369668 0.05118483412322275 0.04928909952606635
9 0.8587677725118483 0.990521327014218 0.054976303317535544 0.018957345971563982