9 0.36682464454976305 0.3971563981042654 0.07867298578199051 0.06919431279620854
9 0.34454976303317536 0.4265402843601896 0.07393364928909953 0.058767772511848344
9 0.07251184834123223 0.3691943127962085 0.07014218009478673 0.058767772511848344
9 0.1033175355450237 0.38909952606635073 0.07298578199052133 0.06824644549763033
1 0.13080568720379146 0.4146919431279621 0.05971563981042654 0.06255924170616113
1 0.314218009478673 0.44739336492890996 0.05971563981042654 0.05687203791469194
6 0.24407582938388625 0.45165876777251185 0.06350710900473934 0.06919431279620854
6 0.1957345971563981 0.44644549763033176 0.06255924170616113 0.06635071090047394
6 0.15639810426540285 0.43601895734597157 0.046445497630331754 0.05402843601895735
6 0.2881516587677725 0.45165876777251185 0.052132701421800945 0.061611374407582936
9 0.9829383886255925 0.4957345971563981 0.034123222748815164 0.06255924170616113
3 0.5492890995260663 0.8938388625592417 0.03601895734597156 0.04075829383886256
9 0.24786729857819906 0.7895734597156399 0.07772511848341232 0.07203791469194312
9 0.27014218009478674 0.7360189573459716 0.06540284360189573 0.06919431279620854
9 0.5511848341232227 0.7748815165876777 0.061611374407582936 0.05781990521327014
9 0.5554502369668246 0.8360189573459715 0.07772511848341232 0.07109004739336493
1 0.3033175355450237 0.7199052132701422 0.07582938388625593 0.04075829383886256
6 0.4938388625592417 0.714218009478673 0.05118483412322275 0.029383886255924172
1 0.5246445497630332 0.7374407582938388 0.08056872037914692 0.07582938388625593
3 0.24265402843601896 0.8483412322274881 0.037914691943127965 0.034123222748815164