9 0.34312796208530805 0.5270142180094787 0.07014218009478673 0.06445497630331753
9 0.36492890995260663 0.490521327014218 0.06729857819905213 0.06255924170616113
1 0.37203791469194314 0.4545023696682464 0.05781990521327014 0.06350710900473934
6 0.4260663507109005 0.4194312796208531 0.027488151658767772 0.07109004739336493
6 0.4066350710900474 0.43601895734597157 0.052132701421800945 0.06255924170616113
8 0.6990521327014217 0.4066350710900474 0.06919431279620854 0.07488151658767772
8 0.6440758293838863 0.4004739336492891 0.07867298578199051 0.0966824644549763
9 0.5744075829383887 0.3886255924170616 0.05971563981042654 0.08436018957345971
9 0.5227488151658768 0.395260663507109 0.06255924170616113 0.08246445497630332
1 0.4786729857819905 0.390521327014218 0.058767772511848344 0.07203791469194312
6 0.45071090047393364 0.4085308056872038 0.021800947867298578 0.06445497630331753
2 0.1853080568720379 0.7909952606635071 0.07014218009478673 0.05687203791469194
2 0.17725118483412322 0.7350710900473933 0.06824644549763033 0.054976303317535544
9 0.16208530805687205 0.6881516587677725 0.06540284360189573 0.052132701421800945
9 0.14881516587677726 0.6450236966824645 0.06824644549763033 0.054976303317535544
1 0.13649289099526066 0.6018957345971564 0.05118483412322275 0.054976303317535544
6 0.10426540284360189 0.5772511848341232 0.04928909952606635 0.03601895734597156
6 0.06540284360189573 0.5777251184834123 0.06066350710900474 0.03696682464454976
6 0.02132701421800948 0.5767772511848341 0.04265402843601896 0.035071090047393366
8 0.9028436018957346 0.5872037914691943 0.06919431279620854 0.055924170616113746
8 0.8658767772511848 0.6360189573459716 0.058767772511848344 0.06445497630331753
9 0.8402843601895734 0.6834123222748815 0.04739336492890995 0.04834123222748815
9 0.8161137440758294 0.7127962085308057 0.043601895734597156 0.04834123222748815
9 0.6199052132701421 0.6701421800947868 0.05687203791469194 0.06066350710900474
0 0.6516587677725119 0.7203791469194313 0.031279620853080566 0.037914691943127965
0 0.7279620853080568 0.7549763033175355 0.03222748815165877 0.05023696682464455
0 0.7767772511848341 0.7341232227488151 0.037914691943127965 0.04075829383886256