9 0.07298578199052133 0.2876777251184834 0.05971563981042654 0.05402843601895735
9 0.07156398104265403 0.328436018957346 0.06445497630331753 0.06350710900473934
8 0.08009478672985781 0.2554502369668246 0.07488151658767772 0.054976303317535544
1 0.06113744075829384 0.37251184834123224 0.05402843601895735 0.05687203791469194
6 0.012322274881516588 0.41232227488151657 0.024644549763033177 0.054976303317535544
6 0.036492890995260666 0.3990521327014218 0.05687203791469194 0.05971563981042654
8 0.8625592417061612 0.3241706161137441 0.07488151658767772 0.07393364928909953
8 0.8582938388625593 0.37819905213270144 0.07677725118483412 0.07867298578199051
9 0.8407582938388626 0.4165876777251185 0.07203791469194312 0.046445497630331754
8 0.04312796208530806 0.6184834123222749 0.08625592417061612 0.09573459715639811
8 0.33317535545023697 0.681042654028436 0.052132701421800945 0.08246445497630332
8 0.06635071090047394 0.5582938388625592 0.0947867298578199 0.10426540284360189
6 0.3222748815165877 0.45639810426540284 0.07014218009478673 0.03317535545023697
1 0.3303317535545024 0.48530805687203793 0.05781990521327014 0.07203791469194312
1 0.14028436018957346 0.4597156398104265 0.07014218009478673 0.03981042654028436
9 0.11421800947867299 0.4772511848341232 0.07014218009478673 0.07298578199052133
9 0.0909952606635071 0.5132701421800948 0.07109004739336493 0.07488151658767772
9 0.3345971563981043 0.5322274881516588 0.04928909952606635 0.06729857819905213
9 0.33886255924170616 0.5786729857819906 0.04075829383886256 0.06350710900473934
8 0.34312796208530805 0.6279620853080569 0.03222748815165877 0.06729857819905213
8 0.41753554502369666 0.5649289099526066 0.0881516587677725 0.08530805687203792
8 0.42985781990521327 0.6322274881516587 0.09289099526066351 0.0938388625592417
8 0.4545023696682464 0.6990521327014217 0.08530805687203792 0.08625592417061612
9 0.4777251184834123 0.7549763033175355 0.06919431279620854 0.06255924170616113
9 0.4995260663507109 0.7933649289099526 0.06824644549763033 0.06255924170616113
1 0.5232227488151658 0.828436018957346 0.06350710900473934 0.06824644549763033
8 0.7649289099526067 0.5729857819905213 0.1023696682464455 0.0985781990521327
8 0.7554502369668247 0.6421800947867299 0.0966824644549763 0.08909952606635071
3 0.7336492890995261 0.6981042654028436 0.04265402843601896 0.04170616113744076
9 0.7203791469194313 0.7412322274881517 0.06729857819905213 0.06540284360189573
9 0.6981042654028436 0.7786729857819905 0.06066350710900474 0.06729857819905213
1 0.6687203791469194 0.8118483412322275 0.05687203791469194 0.06635071090047394
6 0.6360189573459716 0.8360189573459715 0.05118483412322275 0.06255924170616113
6 0.6104265402843602 0.8530805687203792 0.05023696682464455 0.06255924170616113
6 0.5786729857819906 0.8492890995260663 0.04928909952606635 0.06540284360189573
6 0.5459715639810426 0.8473933649289099 0.06350710900473934 0.06350710900473934