2 0.24881516587677724 0.08293838862559241 0.07203791469194312 0.06350710900473934
8 0.5545023696682464 0.1018957345971564 0.08530805687203792 0.08151658767772511
9 0.5445497630331754 0.04739336492890995 0.07109004739336493 0.05402843601895735
9 0.5308056872037915 0.015639810426540283 0.06824644549763033 0.031279620853080566
7 0.25829383886255924 0.031279620853080566 0.031279620853080566 0.04265402843601896
7 0.26966824644549764 0.009478672985781991 0.04075829383886256 0.018957345971563982
9 0.8312796208530806 0.4265402843601896 0.04739336492890995 0.026540284360189573
1 0.8800947867298579 0.42369668246445497 0.055924170616113746 0.03222748815165877
6 0.923696682464455 0.4312796208530806 0.05023696682464455 0.017061611374407582
8 0.4194312796208531 0.6080568720379147 0.07582938388625593 0.07203791469194312
8 0.5450236966824644 0.8744075829383886 0.06350710900473934 0.07203791469194312
8 0.37867298578199055 0.6412322274881517 0.06919431279620854 0.06635071090047394
8 0.4890995260663507 0.8810426540284361 0.061611374407582936 0.06255924170616113
9 0.34360189573459715 0.6800947867298578 0.055924170616113746 0.055924170616113746
9 0.43554502369668247 0.8725118483412322 0.05308056872037915 0.06635071090047394
3 0.33364928909952607 0.7232227488151659 0.035071090047393366 0.03601895734597156
3 0.34218009478672984 0.7834123222748816 0.02843601895734597 0.031279620853080566
3 0.3909952606635071 0.8450236966824645 0.03696682464454976 0.04075829383886256
3 0.8303317535545024 0.557345971563981 0.03981042654028436 0.04075829383886256
3 0.9611374407582939 0.8535545023696682 0.035071090047393366 0.037914691943127965
3 0.918957345971564 0.8933649289099526 0.043601895734597156 0.04454976303317536
2 0.8962085308056872 0.547867298578199 0.052132701421800945 0.07109004739336493
2 0.9393364928909953 0.5554502369668246 0.05023696682464455 0.06824644549763033
3 0.9815165876777251 0.5649289099526066 0.03696682464454976 0.04170616113744076