8 0.36161137440758295 0.22938388625592418 0.08720379146919431 0.09194312796208531
8 0.2971563981042654 0.22938388625592418 0.0881516587677725 0.09289099526066351
9 0.24549763033175356 0.22559241706161137 0.05687203791469194 0.07677725118483412
9 0.20853080568720378 0.2132701421800948 0.061611374407582936 0.07393364928909953
1 0.16682464454976303 0.2023696682464455 0.06540284360189573 0.06540284360189573
6 0.12654028436018958 0.18909952606635072 0.061611374407582936 0.058767772511848344
6 0.1052132701421801 0.15781990521327013 0.07203791469194312 0.06919431279620854
8 0.3900473933649289 0.5440758293838862 0.08720379146919431 0.09004739336492891
3 0.4606635071090047 0.5355450236966824 0.046445497630331754 0.05118483412322275
9 0.5028436018957346 0.5511848341232227 0.03317535545023697 0.06350710900473934
3 0.5379146919431279 0.8928909952606635 0.03696682464454976 0.04928909952606635
3 0.5398104265402843 0.8374407582938389 0.04075829383886256 0.052132701421800945
9 0.5492890995260663 0.771563981042654 0.05971563981042654 0.06635071090047394
9 0.5592417061611374 0.7260663507109004 0.07962085308056872 0.06919431279620854
1 0.5744075829383887 0.6758293838862559 0.07014218009478673 0.06635071090047394
6 0.604739336492891 0.647867298578199 0.06635071090047394 0.07014218009478673
6 0.6502369668246446 0.6293838862559241 0.06729857819905213 0.07772511848341232
6 0.6919431279620853 0.6194312796208531 0.07203791469194312 0.08530805687203792
6 0.7402843601895734 0.6445497630331753 0.06540284360189573 0.06635071090047394
1 0.7758293838862559 0.6706161137440758 0.06824644549763033 0.07109004739336493
9 0.7962085308056872 0.7132701421800948 0.07772511848341232 0.07488151658767772
9 0.8165876777251185 0.7573459715639811 0.07203791469194312 0.07109004739336493
8 0.8317535545023697 0.8104265402843602 0.0985781990521327 0.1033175355450237
8 0.8383886255924171 0.8781990521327014 0.0966824644549763 0.0985781990521327