8 0.11184834123222749 0.029383886255924172 0.08341232227488152 0.058767772511848344
9 0.11611374407582939 0.06872037914691943 0.07677725118483412 0.05687203791469194
9 0.10853080568720379 0.11374407582938388 0.07772511848341232 0.06540284360189573
1 0.0981042654028436 0.16161137440758294 0.07203791469194312 0.07014218009478673
6 0.07109004739336493 0.204739336492891 0.06824644549763033 0.06540284360189573
6 0.035545023696682464 0.23270142180094786 0.07109004739336493 0.06729857819905213
4 0.49715639810426543 0.31469194312796206 0.04928909952606635 0.04834123222748815
4 0.542654028436019 0.35308056872037913 0.04075829383886256 0.04075829383886256
8 0.7701421800947867 0.18341232227488152 0.07488151658767772 0.06729857819905213
8 0.7767772511848341 0.24644549763033174 0.07772511848341232 0.07014218009478673
6 0.728436018957346 0.38909952606635073 0.05781990521327014 0.06066350710900474
6 0.747867298578199 0.36824644549763036 0.058767772511848344 0.055924170616113746
6 0.7 0.4099526066350711 0.05687203791469194 0.04834123222748815
6 0.6720379146919432 0.4085308056872038 0.052132701421800945 0.06350710900473934
1 0.6327014218009479 0.4127962085308057 0.06255924170616113 0.07582938388625593
1 0.7672985781990521 0.33696682464454975 0.06066350710900474 0.052132701421800945
9 0.771563981042654 0.295260663507109 0.06635071090047394 0.05687203791469194
9 0.5786729857819906 0.4009478672985782 0.06350710900473934 0.06729857819905213
8 0.9654028436018958 0.6123222748815166 0.06919431279620854 0.08720379146919431
3 0.9146919431279621 0.5862559241706161 0.04454976303317536 0.046445497630331754
9 0.871563981042654 0.5710900473933649 0.04834123222748815 0.06350710900473934
9 0.8270142180094787 0.566824644549763 0.052132701421800945 0.054976303317535544
1 0.7834123222748816 0.5606635071090047 0.05971563981042654 0.04265402843601896
6 0.737914691943128 0.5611374407582939 0.05781990521327014 0.043601895734597156
6 0.6928909952606636 0.5687203791469194 0.06824644549763033 0.058767772511848344
6 0.6549763033175355 0.6014218009478673 0.06350710900473934 0.07582938388625593