8 0.6706161137440758 0.19478672985781992 0.08246445497630332 0.0938388625592417
1 0.5881516587677725 0.09004739336492891 0.07393364928909953 0.08056872037914692
9 0.3758293838862559 0.15687203791469195 0.07298578199052133 0.07393364928909953
6 0.5445497630331754 0.06872037914691943 0.07393364928909953 0.0881516587677725
6 0.4843601895734597 0.06255924170616113 0.07014218009478673 0.07393364928909953
6 0.43886255924170614 0.07582938388625593 0.06919431279620854 0.07109004739336493
1 0.3966824644549763 0.1052132701421801 0.06445497630331753 0.07582938388625593
8 0.9601895734597157 0.04312796208530806 0.07962085308056872 0.08625592417061612
9 0.9033175355450237 0.07298578199052133 0.06635071090047394 0.055924170616113746
9 0.8535545023696682 0.095260663507109 0.06540284360189573 0.07109004739336493
9 0.8090047393364929 0.11706161137440758 0.055924170616113746 0.058767772511848344
1 0.7739336492890996 0.12037914691943127 0.029383886255924172 0.06066350710900474
8 0.46777251184834123 0.5985781990521327 0.09573459715639811 0.10426540284360189
9 0.17535545023696683 0.638388625592417 0.07677725118483412 0.07393364928909953
9 0.409478672985782 0.6758293838862559 0.06445497630331753 0.07867298578199051
9 0.437914691943128 0.6469194312796208 0.06350710900473934 0.07109004739336493
1 0.3753554502369668 0.7056872037914692 0.05023696682464455 0.07109004739336493
1 0.2004739336492891 0.6843601895734597 0.07014218009478673 0.07014218009478673
6 0.33886255924170616 0.7180094786729858 0.05118483412322275 0.06540284360189573
6 0.3023696682464455 0.7199052132701422 0.04834123222748815 0.07298578199052133
6 0.26303317535545023 0.7123222748815166 0.05118483412322275 0.06919431279620854
6 0.23175355450236967 0.704739336492891 0.052132701421800945 0.07014218009478673
8 0.9265402843601895 0.681042654028436 0.07488151658767772 0.07677725118483412
9 0.9649289099526066 0.7241706161137441 0.05402843601895735 0.05023696682464455
9 0.9819905213270143 0.7625592417061612 0.03601895734597156 0.052132701421800945