8 0.045023696682464455 0.3691943127962085 0.09004739336492891 0.09573459715639811
4 0.0995260663507109 0.3867298578199052 0.046445497630331754 0.05118483412322275
9 0.16682464454976303 0.3758293838862559 0.06729857819905213 0.07203791469194312
9 0.2123222748815166 0.37109004739336493 0.06540284360189573 0.07203791469194312
1 0.2554502369668246 0.3635071090047393 0.06445497630331753 0.06255924170616113
6 0.2777251184834123 0.3407582938388626 0.06066350710900474 0.04928909952606635
6 0.2985781990521327 0.3132701421800948 0.061611374407582936 0.052132701421800945
8 0.5696682464454976 0.1938388625592417 0.0938388625592417 0.0909952606635071
8 0.6369668246445498 0.16445497630331754 0.08909952606635071 0.08909952606635071
9 0.6895734597156398 0.14170616113744075 0.06255924170616113 0.07298578199052133
9 0.7298578199052133 0.13033175355450238 0.061611374407582936 0.06729857819905213
1 0.771090047393365 0.12464454976303317 0.061611374407582936 0.05971563981042654
6 0.8028436018957346 0.12559241706161137 0.054976303317535544 0.05402843601895735
6 0.8355450236966825 0.13886255924170615 0.06066350710900474 0.05402843601895735
8 0.2796208530805687 0.7360189573459716 0.1061611374407583 0.10710900473933649
8 0.21990521327014217 0.6985781990521327 0.11090047393364928 0.11658767772511848
9 0.16018957345971563 0.6786729857819905 0.07203791469194312 0.0909952606635071
9 0.11516587677725118 0.6516587677725119 0.07677725118483412 0.08625592417061612
1 0.06824644549763033 0.6308056872037915 0.07109004739336493 0.08720379146919431
6 0.027962085308056873 0.6289099526066351 0.055924170616113746 0.08246445497630332
3 0.3876777251184834 0.6843601895734597 0.03601895734597156 0.043601895734597156
3 0.404739336492891 0.6402843601895735 0.04265402843601896 0.04454976303317536
3 0.44691943127962086 0.6104265402843602 0.04170616113744076 0.04454976303317536
3 0.5014218009478673 0.6104265402843602 0.04075829383886256 0.04265402843601896
3 0.5781990521327014 0.6545023696682465 0.04075829383886256 0.04265402843601896
3 0.6279620853080569 0.7004739336492891 0.037914691943127965 0.03696682464454976
3 0.6369668246445498 0.7317535545023697 0.03601895734597156 0.03601895734597156
3 0.6454976303317536 0.7753554502369668 0.03696682464454976 0.04170616113744076
3 0.6327014218009479 0.8398104265402844 0.05023696682464455 0.05687203791469194
3 0.6194312796208531 0.9 0.04265402843601896 0.04549763033175355