8 0.11611374407582939 0.04075829383886256 0.0938388625592417 0.08151658767772511
8 0.6018957345971564 0.07630331753554502 0.07962085308056872 0.08625592417061612
8 0.8966824644549763 0.02985781990521327 0.07962085308056872 0.05971563981042654
9 0.6350710900473934 0.12701421800947868 0.06824644549763033 0.06635071090047394
9 0.8976303317535546 0.07772511848341232 0.06729857819905213 0.06729857819905213
9 0.6663507109004739 0.16635071090047393 0.06824644549763033 0.06919431279620854
9 0.8838862559241706 0.12938388625592417 0.05781990521327014 0.06350710900473934
1 0.8682464454976303 0.17535545023696683 0.04549763033175355 0.04928909952606635
1 0.7023696682464455 0.2023696682464455 0.05118483412322275 0.05308056872037915
6 0.842654028436019 0.20616113744075829 0.043601895734597156 0.03981042654028436
6 0.8099526066350711 0.21753554502369668 0.046445497630331754 0.04549763033175355
6 0.7691943127962085 0.22274881516587677 0.03886255924170616 0.04170616113744076
6 0.7350710900473933 0.2241706161137441 0.05023696682464455 0.04834123222748815
8 0.16824644549763032 0.9412322274881516 0.1004739336492891 0.09289099526066351
9 0.11800947867298578 0.8436018957345972 0.08341232227488152 0.07298578199052133
9 0.09004739336492891 0.8118483412322275 0.07962085308056872 0.06919431279620854
1 0.06066350710900474 0.7819905213270142 0.06824644549763033 0.06824644549763033
6 0.010900473933649289 0.7431279620853081 0.021800947867298578 0.08341232227488152
6 0.029383886255924172 0.762085308056872 0.058767772511848344 0.07014218009478673
8 0.4781990521327014 0.7071090047393365 0.08056872037914692 0.08246445497630332
8 0.5180094786729857 0.7530805687203791 0.07867298578199051 0.08246445497630332
8 0.7909952606635071 0.5848341232227489 0.07867298578199051 0.08151658767772511
8 0.7924170616113744 0.6530805687203791 0.07772511848341232 0.07867298578199051
9 0.795260663507109 0.7090047393364929 0.06824644549763033 0.06540284360189573
9 0.7881516587677725 0.7568720379146919 0.06635071090047394 0.06729857819905213
9 0.5535545023696683 0.7909952606635071 0.06729857819905213 0.06729857819905213
9 0.581042654028436 0.8270142180094787 0.06066350710900474 0.06540284360189573
1 0.7720379146919432 0.8023696682464455 0.06635071090047394 0.07014218009478673
1 0.6165876777251185 0.8511848341232228 0.05687203791469194 0.061611374407582936
6 0.6606635071090048 0.8545023696682464 0.05687203791469194 0.06824644549763033
6 0.7194312796208531 0.837914691943128 0.046445497630331754 0.06824644549763033
6 0.7469194312796209 0.8274881516587678 0.05402843601895735 0.06255924170616113
6 0.690521327014218 0.8478672985781991 0.04739336492890995 0.06540284360189573