8 0.33175355450236965 0.37251184834123224 0.08909952606635071 0.07393364928909953
8 0.3862559241706161 0.3696682464454976 0.046445497630331754 0.07962085308056872
2 0.728909952606635 0.15450236966824646 0.07677725118483412 0.07488151658767772
2 0.7445497630331753 0.09289099526066351 0.07393364928909953 0.07393364928909953
2 0.7654028436018957 0.05308056872037915 0.06350710900473934 0.05687203791469194
2 0.7971563981042654 0.027014218009478674 0.06066350710900474 0.05402843601895735
1 0.9796208530805687 0.02843601895734597 0.04075829383886256 0.05687203791469194
6 0.031279620853080566 0.6848341232227488 0.06255924170616113 0.07109004739336493
6 0.054502369668246446 0.7317535545023697 0.054976303317535544 0.05687203791469194
1 0.046445497630331754 0.7848341232227488 0.06445497630331753 0.06635071090047394
9 0.043601895734597156 0.8345971563981043 0.06919431279620854 0.05308056872037915
9 0.03601895734597156 0.8744075829383886 0.05781990521327014 0.04549763033175355
8 0.027962085308056873 0.9161137440758294 0.055924170616113746 0.055924170616113746
8 0.02037914691943128 0.9611374407582939 0.04075829383886256 0.05308056872037915
9 0.671090047393365 0.6004739336492891 0.061611374407582936 0.05687203791469194
9 0.6417061611374407 0.638388625592417 0.054976303317535544 0.05308056872037915
9 0.4260663507109005 0.5464454976303318 0.03317535545023697 0.05971563981042654
9 0.42748815165876775 0.5947867298578199 0.03601895734597156 0.055924170616113746
1 0.6099526066350711 0.6701421800947868 0.05308056872037915 0.06540284360189573
6 0.576303317535545 0.6909952606635071 0.05308056872037915 0.07014218009478673
6 0.5379146919431279 0.690521327014218 0.043601895734597156 0.06635071090047394
6 0.5018957345971564 0.6843601895734597 0.04549763033175355 0.06350710900473934
6 0.46777251184834123 0.6687203791469194 0.04928909952606635 0.06350710900473934
1 0.44170616113744077 0.6364928909952606 0.055924170616113746 0.06445497630331753