8 0.0981042654028436 0.3104265402843602 0.0881516587677725 0.08246445497630332
8 0.16872037914691942 0.3042654028436019 0.08246445497630332 0.08246445497630332
9 0.22559241706161137 0.3009478672985782 0.058767772511848344 0.06635071090047394
9 0.2682464454976303 0.2990521327014218 0.055924170616113746 0.06540284360189573
1 0.3104265402843602 0.3056872037914692 0.05781990521327014 0.06066350710900474
6 0.33744075829383885 0.32180094786729857 0.05118483412322275 0.04739336492890995
6 0.3635071090047393 0.34454976303317536 0.05402843601895735 0.04454976303317536
8 0.590521327014218 0.5635071090047393 0.07488151658767772 0.061611374407582936
8 0.5957345971563981 0.5071090047393365 0.06255924170616113 0.058767772511848344
9 0.6085308056872037 0.4611374407582938 0.07203791469194312 0.06066350710900474
8 0.9251184834123223 0.542654028436019 0.06824644549763033 0.07109004739336493
8 0.9199052132701422 0.4829383886255924 0.08151658767772511 0.07772511848341232
5 0.8976303317535546 0.4322274881516588 0.03317535545023697 0.03317535545023697
5 0.8815165876777251 0.4080568720379147 0.03601895734597156 0.037914691943127965
3 0.6232227488151659 0.414218009478673 0.03601895734597156 0.034123222748815164
1 0.6431279620853081 0.3687203791469194 0.07014218009478673 0.06066350710900474
1 0.8563981042654029 0.3459715639810427 0.06255924170616113 0.06255924170616113
6 0.6658767772511849 0.33080568720379144 0.05781990521327014 0.05971563981042654
6 0.7146919431279621 0.3227488151658768 0.07014218009478673 0.058767772511848344
6 0.7729857819905214 0.31563981042654027 0.06540284360189573 0.05971563981042654
6 0.8203791469194313 0.3137440758293839 0.06066350710900474 0.06350710900473934
8 0.15924170616113745 0.9805687203791469 0.07582938388625593 0.03886255924170616
4 0.9781990521327014 0.8691943127962085 0.04170616113744076 0.04454976303317536
5 0.933175355450237 0.8341232227488151 0.03317535545023697 0.04170616113744076
4 0.7028436018957346 0.9483412322274881 0.037914691943127965 0.035071090047393366
6 0.8876777251184834 0.7985781990521327 0.06635071090047394 0.07393364928909953
6 0.8350710900473933 0.7966824644549763 0.058767772511848344 0.05971563981042654
6 0.7800947867298578 0.8137440758293839 0.07962085308056872 0.08341232227488152
6 0.737914691943128 0.8436018957345972 0.06824644549763033 0.07203791469194312
1 0.7085308056872038 0.8924170616113745 0.06919431279620854 0.07298578199052133