8 0.2052132701421801 0.33981042654028437 0.07582938388625593 0.09004739336492891
8 0.26018957345971566 0.3251184834123223 0.08056872037914692 0.08530805687203792
9 0.3113744075829384 0.32132701421800947 0.055924170616113746 0.07393364928909953
9 0.35402843601895734 0.32559241706161135 0.05971563981042654 0.06919431279620854
1 0.4023696682464455 0.32748815165876777 0.06350710900473934 0.06445497630331753
6 0.44644549763033176 0.33981042654028437 0.061611374407582936 0.06350710900473934
6 0.4890995260663507 0.36492890995260663 0.07677725118483412 0.07488151658767772
8 0.5928909952606635 0.32796208530805687 0.06729857819905213 0.0947867298578199
8 0.6459715639810426 0.35497630331753555 0.08151658767772511 0.0909952606635071
9 0.7014218009478673 0.3805687203791469 0.061611374407582936 0.06635071090047394
9 0.7469194312796209 0.4056872037914692 0.06445497630331753 0.06824644549763033
1 0.7914691943127962 0.4028436018957346 0.06350710900473934 0.06255924170616113
6 0.8298578199052132 0.3938388625592417 0.06635071090047394 0.04834123222748815
6 0.8488151658767773 0.37298578199052135 0.06635071090047394 0.04928909952606635
8 0.08341232227488152 0.6928909952606636 0.0909952606635071 0.04739336492890995
8 0.4203791469194313 0.7104265402843601 0.08056872037914692 0.08246445497630332
9 0.3886255924170616 0.7568720379146919 0.06445497630331753 0.06445497630331753
9 0.3635071090047393 0.8004739336492891 0.06445497630331753 0.06540284360189573
9 0.11800947867298578 0.7246445497630332 0.07488151658767772 0.07014218009478673
9 0.12654028436018958 0.7744075829383886 0.06824644549763033 0.06635071090047394
1 0.33933649289099527 0.8369668246445497 0.06255924170616113 0.06350710900473934
1 0.15639810426540285 0.8170616113744076 0.05687203791469194 0.06729857819905213
6 0.304739336492891 0.8341232227488151 0.052132701421800945 0.05118483412322275
6 0.2725118483412322 0.8436018957345972 0.05402843601895735 0.054976303317535544
6 0.23459715639810427 0.8412322274881516 0.05118483412322275 0.058767772511848344
6 0.1962085308056872 0.8312796208530806 0.05402843601895735 0.05687203791469194
8 0.7203791469194313 0.9090047393364928 0.07488151658767772 0.06635071090047394
8 0.7161137440758294 0.9597156398104265 0.07109004739336493 0.06729857819905213
9 0.7170616113744076 0.9895734597156398 0.07109004739336493 0.02085308056872038