8 0.28720379146919434 0.3161137440758294 0.08530805687203792 0.07962085308056872
8 0.35639810426540286 0.3004739336492891 0.07962085308056872 0.07962085308056872
9 0.41232227488151657 0.2890995260663507 0.05687203791469194 0.06445497630331753
9 0.45402843601895737 0.28151658767772514 0.05402843601895735 0.06445497630331753
1 0.4966824644549763 0.28199052132701424 0.055924170616113746 0.058767772511848344
6 0.5260663507109005 0.2943127962085308 0.04928909952606635 0.046445497630331754
6 0.5492890995260663 0.3127962085308057 0.04075829383886256 0.043601895734597156
8 0.8374407582938389 0.3 0.07582938388625593 0.07582938388625593
8 0.8350710900473933 0.3701421800947867 0.07298578199052133 0.08151658767772511
9 0.8345971563981043 0.43459715639810426 0.05971563981042654 0.04928909952606635
9 0.8336492890995261 0.47962085308056873 0.058767772511848344 0.04834123222748815
1 0.8511848341232228 0.5218009478672986 0.06729857819905213 0.05308056872037915
1 0.9853080568720379 0.5654028436018957 0.029383886255924172 0.04834123222748815
6 0.9592417061611375 0.5725118483412323 0.03981042654028436 0.034123222748815164
6 0.9255924170616113 0.576303317535545 0.03886255924170616 0.026540284360189573
6 0.8957345971563981 0.5701421800947867 0.04549763033175355 0.03886255924170616
6 0.866824644549763 0.5545023696682464 0.04454976303317536 0.043601895734597156
8 0.29289099526066353 0.6895734597156398 0.06066350710900474 0.08341232227488152
9 0.3355450236966825 0.6582938388625592 0.05308056872037915 0.07109004739336493
9 0.381042654028436 0.6407582938388625 0.058767772511848344 0.07109004739336493
6 0.48056872037914694 0.6274881516587678 0.054976303317535544 0.06635071090047394
6 0.533649289099526 0.6341232227488152 0.06919431279620854 0.06635071090047394
6 0.5549763033175356 0.6654028436018957 0.029383886255924172 0.07203791469194312
0 0.42748815165876775 0.6274881516587678 0.03696682464454976 0.05781990521327014
3 0.9644549763033176 0.7023696682464455 0.046445497630331754 0.046445497630331754
3 0.9464454976303317 0.6303317535545023 0.03317535545023697 0.034123222748815164
9 0.6417061611374407 0.6023696682464454 0.06255924170616113 0.025592417061611375
8 0.6251184834123222 0.6426540284360189 0.08436018957345971 0.08151658767772511