8 0.1023696682464455 0.3691943127962085 0.08246445497630332 0.07488151658767772
4 0.16445497630331754 0.36540284360189573 0.03601895734597156 0.037914691943127965
9 0.218957345971564 0.37819905213270144 0.054976303317535544 0.06066350710900474
9 0.25497630331753557 0.3924170616113744 0.05023696682464455 0.061611374407582936
1 0.2838862559241706 0.3630331753554502 0.05781990521327014 0.061611374407582936
6 0.3227488151658768 0.35308056872037913 0.06350710900473934 0.058767772511848344
6 0.3412322274881517 0.3341232227488152 0.06445497630331753 0.05402843601895735
8 0.9710900473933649 0.23838862559241705 0.05781990521327014 0.06729857819905213
8 0.9753554502369668 0.2990521327014218 0.04928909952606635 0.06729857819905213
8 0.6957345971563981 0.3639810426540284 0.06824644549763033 0.06824644549763033
8 0.7260663507109004 0.4066350710900474 0.07109004739336493 0.07488151658767772
9 0.7578199052132701 0.44218009478672987 0.06066350710900474 0.05971563981042654
9 0.7881516587677725 0.46966824644549765 0.05971563981042654 0.058767772511848344
9 0.9748815165876777 0.34928909952606635 0.05023696682464455 0.052132701421800945
9 0.9720379146919431 0.3924170616113744 0.055924170616113746 0.05308056872037915
1 0.8222748815165877 0.4848341232227488 0.05402843601895735 0.05023696682464455
1 0.9635071090047393 0.4327014218009479 0.05781990521327014 0.05402843601895735
6 0.8578199052132701 0.4876777251184834 0.04549763033175355 0.04454976303317536
6 0.8943127962085308 0.48625592417061614 0.04265402843601896 0.04739336492890995
6 0.9218009478672986 0.48056872037914694 0.043601895734597156 0.05402843601895735
6 0.942654028436019 0.46492890995260666 0.04834123222748815 0.052132701421800945
9 0.4483412322274882 0.6445497630331753 0.07109004739336493 0.055924170616113746
9 0.16208530805687205 0.6582938388625592 0.06919431279620854 0.055924170616113746
1 0.18625592417061612 0.5786729857819906 0.06255924170616113 0.061611374407582936
1 0.3985781990521327 0.557345971563981 0.061611374407582936 0.05402843601895735
6 0.22085308056872038 0.5417061611374407 0.05402843601895735 0.055924170616113746
6 0.3687203791469194 0.5327014218009478 0.054976303317535544 0.04549763033175355
6 0.32132701421800947 0.5270142180094787 0.07014218009478673 0.034123222748815164
6 0.2611374407582938 0.5284360189573459 0.06919431279620854 0.03696682464454976
5 0.5748815165876777 0.5815165876777251 0.031279620853080566 0.046445497630331754
4 0.614218009478673 0.5777251184834123 0.03886255924170616 0.04075829383886256
9 0.6582938388625592 0.6293838862559241 0.07203791469194312 0.06540284360189573
9 0.6895734597156398 0.638388625592417 0.06255924170616113 0.06255924170616113