8 0.2777251184834123 0.14407582938388624 0.06824644549763033 0.07488151658767772
2 0.33175355450236965 0.11516587677725118 0.06540284360189573 0.07677725118483412
9 0.37772511848341234 0.09052132701421801 0.058767772511848344 0.07582938388625593
9 0.41800947867298577 0.07819905213270142 0.05687203791469194 0.08341232227488152
1 0.45592417061611373 0.06966824644549763 0.04739336492890995 0.06729857819905213
8 0.6611374407582938 0.32606635071090045 0.08056872037914692 0.08436018957345971
9 0.7146919431279621 0.304739336492891 0.054976303317535544 0.06540284360189573
1 0.8061611374407583 0.26966824644549764 0.06445497630331753 0.07014218009478673
6 0.8545023696682464 0.2838862559241706 0.07298578199052133 0.08341232227488152
6 0.9033175355450237 0.290521327014218 0.07298578199052133 0.06635071090047394
6 0.933649289099526 0.33080568720379144 0.08246445497630332 0.061611374407582936
4 0.7630331753554502 0.2933649289099526 0.04170616113744076 0.043601895734597156
2 0.4127962085308057 0.6028436018957346 0.06729857819905213 0.07203791469194312
8 0.45687203791469194 0.614691943127962 0.04549763033175355 0.08246445497630332
8 0.5104265402843602 0.7014218009478673 0.061611374407582936 0.08530805687203792
9 0.557345971563981 0.714218009478673 0.052132701421800945 0.06445497630331753
9 0.6071090047393365 0.7175355450236967 0.05402843601895735 0.05781990521327014
1 0.6530805687203791 0.7080568720379147 0.05402843601895735 0.061611374407582936
6 0.6862559241706161 0.6886255924170616 0.052132701421800945 0.04834123222748815