4 0.23507109004739338 0.035545023696682464 0.043601895734597156 0.043601895734597156
4 0.2071090047393365 0.08199052132701422 0.043601895734597156 0.043601895734597156
9 0.1872037914691943 0.14312796208530806 0.06066350710900474 0.061611374407582936
9 0.16066350710900473 0.18246445497630331 0.05687203791469194 0.058767772511848344
1 0.13412322274881516 0.21943127962085307 0.04834123222748815 0.05781990521327014
6 0.1 0.23033175355450236 0.04170616113744076 0.06066350710900474
6 0.06682464454976303 0.23507109004739338 0.03981042654028436 0.05118483412322275
6 0.03696682464454976 0.23175355450236967 0.03886255924170616 0.061611374407582936
6 0.015165876777251185 0.22559241706161137 0.03033175355450237 0.058767772511848344
8 0.6407582938388625 0.03838862559241706 0.07582938388625593 0.07677725118483412
8 0.704265402843602 0.05023696682464455 0.07867298578199051 0.08530805687203792
9 0.7611374407582938 0.06824644549763033 0.05687203791469194 0.06066350710900474
9 0.8075829383886256 0.07203791469194312 0.05402843601895735 0.058767772511848344
1 0.8516587677725118 0.061611374407582936 0.05118483412322275 0.05687203791469194
6 0.8890995260663507 0.042180094786729856 0.04549763033175355 0.04265402843601896
6 0.9113744075829384 0.01943127962085308 0.05023696682464455 0.03886255924170616
6 0.03317535545023697 0.8796208530805687 0.04739336492890995 0.04739336492890995
6 0.013744075829383886 0.8914691943127963 0.027488151658767772 0.04454976303317536
1 0.06066350710900474 0.8639810426540284 0.05118483412322275 0.055924170616113746
9 0.09146919431279621 0.8298578199052132 0.055924170616113746 0.05781990521327014
9 0.11753554502369669 0.7919431279620853 0.058767772511848344 0.05781990521327014
8 0.13601895734597155 0.7412322274881517 0.06540284360189573 0.07488151658767772
8 0.15355450236966825 0.680568720379147 0.07298578199052133 0.08151658767772511
8 0.7345971563981043 0.8995260663507109 0.08530805687203792 0.09289099526066351
8 0.6777251184834123 0.8573459715639811 0.08246445497630332 0.09289099526066351
3 0.6208530805687204 0.8364928909952607 0.04075829383886256 0.043601895734597156
9 0.5829383886255924 0.7976303317535545 0.06729857819905213 0.06919431279620854
1 0.5322274881516588 0.7777251184834123 0.061611374407582936 0.07772511848341232
6 0.47962085308056873 0.7838862559241706 0.05023696682464455 0.06445497630331753
6 0.42985781990521327 0.7976303317535545 0.07109004739336493 0.07393364928909953
6 0.4099526066350711 0.8303317535545024 0.04075829383886256 0.07393364928909953
6 0.3971563981042654 0.8720379146919431 0.015165876777251185 0.06255924170616113
1 0.3976303317535545 0.9260663507109005 0.016113744075829384 0.06066350710900474
9 0.4033175355450237 0.9725118483412323 0.027488151658767772 0.054976303317535544