8 0.05023696682464455 0.43317535545023694 0.07677725118483412 0.07298578199052133
9 0.07298578199052133 0.4710900473933649 0.06445497630331753 0.05687203791469194
9 0.1023696682464455 0.490521327014218 0.06445497630331753 0.01800947867298578
3 0.34549763033175357 0.4028436018957346 0.05023696682464455 0.052132701421800945
9 0.3360189573459716 0.4606635071090047 0.06729857819905213 0.06729857819905213
9 0.3123222748815166 0.4829383886255924 0.06540284360189573 0.03317535545023697
8 0.7165876777251184 0.13886255924170615 0.09573459715639811 0.1061611374407583
8 0.7203791469194313 0.22037914691943128 0.08720379146919431 0.09289099526066351
8 0.9819905213270143 0.3052132701421801 0.03601895734597156 0.08720379146919431
9 0.9715639810426541 0.35260663507109 0.055924170616113746 0.06350710900473934
9 0.9478672985781991 0.395260663507109 0.058767772511848344 0.06729857819905213
9 0.7308056872037915 0.2862559241706161 0.06824644549763033 0.07393364928909953
9 0.7388625592417062 0.33696682464454975 0.06255924170616113 0.06540284360189573
1 0.7502369668246446 0.3815165876777251 0.06066350710900474 0.05687203791469194
1 0.9137440758293839 0.42890995260663506 0.05687203791469194 0.06350710900473934
6 0.8739336492890996 0.44075829383886256 0.05781990521327014 0.05971563981042654
6 0.8388625592417062 0.44739336492890996 0.055924170616113746 0.054976303317535544
6 0.8014218009478673 0.4364928909952607 0.054976303317535544 0.05308056872037915
6 0.7758293838862559 0.4146919431279621 0.06066350710900474 0.06066350710900474
8 0.35924170616113743 0.7497630331753554 0.08436018957345971 0.07772511848341232
9 0.4146919431279621 0.7336492890995261 0.06066350710900474 0.06540284360189573
9 0.45734597156398105 0.7298578199052133 0.055924170616113746 0.06350710900473934
1 0.4966824644549763 0.7232227488151659 0.05687203791469194 0.055924170616113746
6 0.5255924170616114 0.7440758293838863 0.05308056872037915 0.04928909952606635
3 0.7037914691943128 0.5146919431279621 0.04454976303317536 0.03033175355450237
3 0.6848341232227488 0.5521327014218009 0.043601895734597156 0.04170616113744076
3 0.666824644549763 0.6023696682464454 0.034123222748815164 0.03317535545023697
4 0.6497630331753554 0.6341232227488152 0.01990521327014218 0.04170616113744076