8 0.2241706161137441 0.36492890995260663 0.08246445497630332 0.08341232227488152
2 0.24028436018957347 0.3056872037914692 0.08246445497630332 0.07393364928909953
8 0.5777251184834123 0.3805687203791469 0.07014218009478673 0.06919431279620854
8 0.5672985781990522 0.3227488151658768 0.08436018957345971 0.08530805687203792
9 0.5620853080568721 0.266824644549763 0.06919431279620854 0.06445497630331753
9 0.5379146919431279 0.22511848341232227 0.07109004739336493 0.06824644549763033
2 0.2729857819905213 0.22227488151658767 0.06919431279620854 0.052132701421800945
4 0.26018957345971566 0.2663507109004739 0.03886255924170616 0.04075829383886256
1 0.3066350710900474 0.17582938388625594 0.05687203791469194 0.06350710900473934
1 0.514218009478673 0.1819905213270142 0.058767772511848344 0.06540284360189573
6 0.3360189573459716 0.14597156398104266 0.054976303317535544 0.06255924170616113
6 0.385781990521327 0.13696682464454976 0.05781990521327014 0.06350710900473934
6 0.43554502369668247 0.13791469194312797 0.06445497630331753 0.06635071090047394
6 0.48104265402843605 0.15545023696682464 0.058767772511848344 0.06445497630331753
4 0.8113744075829384 0.20900473933649288 0.04454976303317536 0.04739336492890995
3 0.8511848341232228 0.25165876777251184 0.04075829383886256 0.043601895734597156
5 0.8938388625592417 0.2985781990521327 0.04075829383886256 0.03886255924170616
5 0.9909952606635071 0.35592417061611376 0.01800947867298578 0.055924170616113746
6 0.9677725118483412 0.36635071090047394 0.05308056872037915 0.06066350710900474
9 0.9308056872037914 0.33981042654028437 0.058767772511848344 0.05971563981042654
1 0.46966824644549765 0.7919431279620853 0.05971563981042654 0.07014218009478673
6 0.43981042654028435 0.8227488151658767 0.04170616113744076 0.05308056872037915
6 0.4066350710900474 0.8298578199052132 0.043601895734597156 0.05118483412322275
6 0.36587677725118484 0.8341232227488151 0.04454976303317536 0.05023696682464455
6 0.33127962085308055 0.8246445497630331 0.043601895734597156 0.05308056872037915
1 0.3009478672985782 0.795734597156398 0.06066350710900474 0.06540284360189573
9 0.2672985781990521 0.7587677725118483 0.06350710900473934 0.06445497630331753
9 0.23933649289099526 0.7137440758293839 0.06824644549763033 0.06445497630331753
8 0.2123222748815166 0.6616113744075829 0.08151658767772511 0.08151658767772511
0 0.5516587677725119 0.6559241706161137 0.04454976303317536 0.046445497630331754
0 0.500473933649289 0.7459715639810427 0.04265402843601896 0.04549763033175355
9 0.9734597156398104 0.8071090047393364 0.05308056872037915 0.061611374407582936
9 0.981042654028436 0.8554502369668247 0.037914691943127965 0.05971563981042654