2 0.13127962085308056 0.33838862559241706 0.06540284360189573 0.06255924170616113
2 0.0981042654028436 0.36018957345971564 0.07109004739336493 0.018957345971563982
8 0.8127962085308057 0.16255924170616115 0.07203791469194312 0.08720379146919431
8 0.7540284360189573 0.13696682464454976 0.08151658767772511 0.0909952606635071
9 0.7014218009478673 0.11232227488151658 0.06255924170616113 0.07582938388625593
9 0.6554502369668247 0.1023696682464455 0.055924170616113746 0.07393364928909953
1 0.6075829383886255 0.09004739336492891 0.05971563981042654 0.06824644549763033
6 0.5592417061611374 0.09289099526066351 0.05971563981042654 0.06919431279620854
6 0.5118483412322274 0.10853080568720379 0.07109004739336493 0.07203791469194312
8 0.03886255924170616 0.9710900473933649 0.07772511848341232 0.05781990521327014
8 0.06113744075829384 0.919431279620853 0.07393364928909953 0.08246445497630332
9 0.06492890995260664 0.8630331753554502 0.061611374407582936 0.054976303317535544
3 0.05924170616113744 0.8255924170616113 0.04454976303317536 0.03981042654028436
1 0.06208530805687204 0.781042654028436 0.054976303317535544 0.05402843601895735
6 0.009478672985781991 0.7099526066350711 0.018957345971563982 0.058767772511848344
6 0.02227488151658768 0.7251184834123223 0.04454976303317536 0.058767772511848344
3 0.04075829383886256 0.7492890995260664 0.04170616113744076 0.037914691943127965
8 0.5881516587677725 0.5862559241706161 0.06066350710900474 0.06540284360189573
9 0.6071090047393365 0.5464454976303318 0.05687203791469194 0.046445497630331754
9 0.6203791469194313 0.5085308056872038 0.06540284360189573 0.054976303317535544
8 0.8947867298578199 0.5644549763033175 0.06066350710900474 0.06729857819905213
9 0.871563981042654 0.5265402843601896 0.05687203791469194 0.05023696682464455
9 0.8549763033175355 0.4928909952606635 0.06255924170616113 0.05308056872037915
1 0.6421800947867299 0.46966824644549765 0.05402843601895735 0.055924170616113746
1 0.8436018957345972 0.4597156398104265 0.04454976303317536 0.043601895734597156
6 0.671563981042654 0.44407582938388623 0.046445497630331754 0.04928909952606635
6 0.7132701421800948 0.42890995260663506 0.054976303317535544 0.052132701421800945
6 0.7635071090047393 0.42890995260663506 0.05971563981042654 0.05308056872037915
6 0.809478672985782 0.44028436018957345 0.04549763033175355 0.05023696682464455