8 0.7559241706161137 0.0976303317535545 0.09289099526066351 0.08436018957345971
8 0.7246445497630332 0.06018957345971564 0.0947867298578199 0.09289099526066351
9 0.709478672985782 0.02227488151658768 0.07867298578199051 0.04454976303317536
8 0.07251184834123223 0.7132701421800948 0.07298578199052133 0.06919431279620854
8 0.3791469194312796 0.6943127962085308 0.07488151658767772 0.07014218009478673
8 0.08862559241706161 0.7682464454976303 0.07014218009478673 0.07014218009478673
8 0.3644549763033175 0.7464454976303317 0.07109004739336493 0.07203791469194312
9 0.109478672985782 0.8127962085308057 0.06350710900473934 0.05781990521327014
9 0.12606635071090047 0.8511848341232228 0.05308056872037915 0.054976303317535544
9 0.3464454976303318 0.790521327014218 0.06729857819905213 0.06350710900473934
9 0.32748815165876777 0.8251184834123223 0.06445497630331753 0.06729857819905213
1 0.15450236966824646 0.885308056872038 0.06350710900473934 0.06066350710900474
1 0.3080568720379147 0.8654028436018958 0.06635071090047394 0.06445497630331753
6 0.21706161137440758 0.8933649289099526 0.05023696682464455 0.07488151658767772
6 0.25118483412322273 0.8919431279620853 0.04928909952606635 0.06919431279620854
6 0.28672985781990523 0.8791469194312796 0.052132701421800945 0.07488151658767772
6 0.18246445497630331 0.8947867298578199 0.05402843601895735 0.06635071090047394
8 0.976303317535545 0.6469194312796208 0.04739336492890995 0.08436018957345971
8 0.7175355450236967 0.5966824644549763 0.08530805687203792 0.0881516587677725
9 0.7374407582938388 0.5412322274881517 0.07109004739336493 0.06729857819905213
9 0.7568720379146919 0.49715639810426543 0.06729857819905213 0.06824644549763033
9 0.981042654028436 0.5872037914691943 0.037914691943127965 0.06540284360189573
9 0.9796208530805687 0.5284360189573459 0.04075829383886256 0.06350710900473934
1 0.7805687203791469 0.44360189573459713 0.06729857819905213 0.061611374407582936
6 0.8151658767772512 0.4199052132701422 0.05402843601895735 0.06255924170616113
6 0.8663507109004739 0.4042654028436019 0.06445497630331753 0.07203791469194312
6 0.9151658767772511 0.4199052132701422 0.06066350710900474 0.06445497630331753
6 0.9563981042654028 0.44454976303317534 0.058767772511848344 0.06066350710900474
1 0.9739336492890995 0.4777251184834123 0.052132701421800945 0.06635071090047394