8 0.24454976303317535 0.37251184834123224 0.07582938388625593 0.07867298578199051
8 0.304739336492891 0.3919431279620853 0.08246445497630332 0.055924170616113746
9 0.3587677725118483 0.404739336492891 0.05971563981042654 0.03033175355450237
9 0.4033175355450237 0.4080568720379147 0.05781990521327014 0.023696682464454975
1 0.4488151658767773 0.41232227488151657 0.05781990521327014 0.015165876777251185
6 0.4881516587677725 0.4075829383886256 0.054976303317535544 0.024644549763033177
6 0.5137440758293839 0.3985781990521327 0.04739336492890995 0.04265402843601896
6 0.5322274881516588 0.38388625592417064 0.052132701421800945 0.04739336492890995
9 0.7345971563981043 0.01848341232227488 0.07962085308056872 0.03696682464454976
1 0.7227488151658767 0.05023696682464455 0.07393364928909953 0.07203791469194312
6 0.6943127962085308 0.09289099526066351 0.07014218009478673 0.06729857819905213
6 0.657345971563981 0.11943127962085308 0.07298578199052133 0.06919431279620854
6 0.6208530805687204 0.12890995260663507 0.022748815165876776 0.07582938388625593
3 0.45118483412322274 0.8995260663507109 0.05023696682464455 0.052132701421800945
3 0.4085308056872038 0.9317535545023696 0.04834123222748815 0.052132701421800945
3 0.3587677725118483 0.9620853080568721 0.04739336492890995 0.05023696682464455
9 0.16303317535545023 0.8507109004739336 0.07582938388625593 0.06540284360189573
6 0.2777251184834123 0.9720379146919431 0.05308056872037915 0.055924170616113746
6 0.23838862559241705 0.9729857819905213 0.05402843601895735 0.05402843601895735
6 0.2127962085308057 0.9507109004739337 0.055924170616113746 0.06824644549763033
6 0.1876777251184834 0.9322274881516588 0.055924170616113746 0.06066350710900474
1 0.16919431279620853 0.9023696682464455 0.07488151658767772 0.061611374407582936
1 0.3137440758293839 0.9739336492890995 0.054976303317535544 0.052132701421800945
8 0.8819905213270142 0.8824644549763033 0.0909952606635071 0.0976303317535545
8 0.8350710900473933 0.8293838862559242 0.0881516587677725 0.0976303317535545
3 0.7838862559241706 0.7976303317535545 0.043601895734597156 0.04549763033175355
9 0.7545023696682465 0.7511848341232228 0.07109004739336493 0.07393364928909953
1 0.7090047393364929 0.7213270142180095 0.06635071090047394 0.08151658767772511
6 0.656872037914692 0.7165876777251184 0.054976303317535544 0.06729857819905213
6 0.6260663507109004 0.7194312796208531 0.03317535545023697 0.07772511848341232