8 0.6232227488151659 0.21990521327014217 0.09289099526066351 0.08909952606635071
8 0.5625592417061611 0.1815165876777251 0.09289099526066351 0.09289099526066351
9 0.5104265402843602 0.15165876777251186 0.06635071090047394 0.07488151658767772
9 0.4654028436018957 0.13554502369668248 0.06729857819905213 0.07203791469194312
1 0.4218009478672986 0.12938388625592417 0.06445497630331753 0.06540284360189573
6 0.38436018957345974 0.14360189573459717 0.061611374407582936 0.05781990521327014
6 0.35639810426540286 0.15355450236966825 0.07582938388625593 0.05687203791469194
9 0.2824644549763033 0.6938388625592417 0.034123222748815164 0.06066350710900474
9 0.2933649289099526 0.6597156398104266 0.012322274881516588 0.06066350710900474
8 0.8156398104265403 0.581042654028436 0.08530805687203792 0.08530805687203792
9 0.5834123222748815 0.5644549763033175 0.06066350710900474 0.058767772511848344
9 0.7706161137440758 0.6165876777251185 0.06635071090047394 0.06445497630331753
1 0.7469194312796209 0.6545023696682465 0.05781990521327014 0.05971563981042654
1 0.5838862559241706 0.609478672985782 0.06066350710900474 0.06066350710900474
6 0.7080568720379147 0.6696682464454976 0.05781990521327014 0.06729857819905213
6 0.6734597156398104 0.6767772511848341 0.04834123222748815 0.061611374407582936
6 0.6369668246445498 0.6815165876777252 0.05023696682464455 0.05687203791469194
6 0.6189573459715639 0.6639810426540285 0.04834123222748815 0.05971563981042654
6 0.5962085308056873 0.6398104265402843 0.05687203791469194 0.06350710900473934