8 0.03601895734597156 0.19146919431279621 0.07203791469194312 0.08720379146919431
9 0.036492890995260666 0.25071090047393363 0.06635071090047394 0.06255924170616113
9 0.05023696682464455 0.2919431279620853 0.06729857819905213 0.058767772511848344
9 0.22843601895734597 0.3109004739336493 0.022748815165876776 0.058767772511848344
1 0.2161137440758294 0.33981042654028437 0.04739336492890995 0.05971563981042654
1 0.052132701421800945 0.3241706161137441 0.058767772511848344 0.058767772511848344
6 0.18009478672985782 0.34739336492890993 0.04928909952606635 0.055924170616113746
6 0.14786729857819905 0.35071090047393366 0.04549763033175355 0.052132701421800945
6 0.11753554502369669 0.34739336492890993 0.043601895734597156 0.05402843601895735
6 0.09146919431279621 0.3251184834123223 0.04834123222748815 0.055924170616113746
3 0.45924170616113746 0.14170616113744075 0.04549763033175355 0.05023696682464455
8 0.5218009478672986 0.16635071090047393 0.08530805687203792 0.08056872037914692
9 0.5815165876777251 0.17819905213270143 0.06066350710900474 0.06824644549763033
9 0.624170616113744 0.2 0.06066350710900474 0.061611374407582936
1 0.6701421800947868 0.20900473933649288 0.058767772511848344 0.06824644549763033
6 0.709478672985782 0.2023696682464455 0.052132701421800945 0.06445497630331753
6 0.7445497630331753 0.18672985781990523 0.05971563981042654 0.07203791469194312
0 0.6587677725118484 0.6454976303317536 0.04739336492890995 0.05023696682464455
0 0.6421800947867299 0.7426540284360189 0.046445497630331754 0.04454976303317536
0 0.6407582938388625 0.7791469194312797 0.04549763033175355 0.037914691943127965
0 0.6341232227488152 0.8232227488151659 0.052132701421800945 0.04739336492890995
8 0.33127962085308055 0.747867298578199 0.07488151658767772 0.07203791469194312
8 0.37109004739336493 0.7876777251184834 0.07582938388625593 0.07393364928909953
9 0.4085308056872038 0.8213270142180095 0.06255924170616113 0.06919431279620854
9 0.442654028436019 0.85260663507109 0.055924170616113746 0.06255924170616113
0 0.48578199052132703 0.862085308056872 0.04265402843601896 0.055924170616113746