9 0.45781990521327015 0.1066350710900474 0.05308056872037915 0.04834123222748815
2 0.25876777251184835 0.1962085308056872 0.055924170616113746 0.052132701421800945
1 0.3 0.2161137440758294 0.05023696682464455 0.05781990521327014
6 0.34312796208530805 0.22511848341232227 0.04739336492890995 0.04834123222748815
6 0.3815165876777251 0.22085308056872038 0.04170616113744076 0.043601895734597156
6 0.4099526066350711 0.2075829383886256 0.04928909952606635 0.05023696682464455
6 0.43412322274881515 0.1895734597156398 0.05402843601895735 0.04549763033175355
1 0.44976303317535543 0.15497630331753554 0.05118483412322275 0.046445497630331754
3 0.5720379146919431 0.06777251184834124 0.025592417061611375 0.03696682464454976
6 0.6890995260663507 0.02085308056872038 0.05118483412322275 0.04170616113744076
6 0.7303317535545024 0.025592417061611375 0.061611374407582936 0.05118483412322275
6 0.771563981042654 0.045023696682464455 0.06255924170616113 0.061611374407582936
6 0.7895734597156399 0.07535545023696683 0.061611374407582936 0.05308056872037915
1 0.7976303317535545 0.11232227488151658 0.06729857819905213 0.058767772511848344
9 0.7890995260663507 0.16208530805687205 0.07867298578199051 0.05023696682464455
9 0.7786729857819905 0.2052132701421801 0.07772511848341232 0.052132701421800945
1 0.6431279620853081 0.024170616113744076 0.055924170616113746 0.04834123222748815
9 0.604739336492891 0.03981042654028436 0.055924170616113746 0.06445497630331753
8 0.045023696682464455 0.8677725118483413 0.08246445497630332 0.08151658767772511
2 0.3289099526066351 0.8355450236966825 0.07109004739336493 0.06066350710900474
9 0.05545023696682464 0.8118483412322275 0.06635071090047394 0.052132701421800945
9 0.07914691943127962 0.7725118483412322 0.06729857819905213 0.054976303317535544
9 0.3293838862559242 0.7886255924170616 0.06255924170616113 0.04834123222748815
9 0.304739336492891 0.7573459715639811 0.058767772511848344 0.05023696682464455
1 0.0971563981042654 0.7232227488151659 0.06350710900473934 0.061611374407582936
1 0.2829383886255924 0.7170616113744076 0.06255924170616113 0.05308056872037915
6 0.12417061611374408 0.6914691943127962 0.052132701421800945 0.05308056872037915
6 0.17061611374407584 0.6763033175355451 0.05118483412322275 0.04454976303317536
6 0.22037914691943128 0.6739336492890995 0.05023696682464455 0.04454976303317536
6 0.2611374407582938 0.6872037914691943 0.04739336492890995 0.054976303317535544
1 0.5947867298578199 0.9654028436018958 0.07109004739336493 0.06919431279620854
1 0.852132701421801 0.9848341232227488 0.07582938388625593 0.03033175355450237
6 0.8165876777251185 0.9516587677725118 0.06255924170616113 0.06635071090047394
6 0.6374407582938388 0.9374407582938389 0.06824644549763033 0.07109004739336493
6 0.7663507109004739 0.9265402843601895 0.06540284360189573 0.07677725118483412
6 0.70521327014218 0.919431279620853 0.07203791469194312 0.07772511848341232