8 0.3739336492890995 0.03317535545023697 0.0938388625592417 0.06635071090047394
8 0.07630331753554502 0.5530805687203791 0.11753554502369669 0.12037914691943127
8 0.16872037914691942 0.5597156398104265 0.11469194312796209 0.12227488151658768
9 0.23838862559241705 0.5691943127962086 0.07867298578199051 0.08720379146919431
9 0.2971563981042654 0.5639810426540285 0.08056872037914692 0.09004739336492891
1 0.35497630331753555 0.5379146919431279 0.08151658767772511 0.08436018957345971
6 0.3872037914691943 0.5075829383886256 0.09004739336492891 0.07677725118483412
6 0.3928909952606635 0.46966824644549765 0.1004739336492891 0.08056872037914692
8 0.7753554502369668 0.704739336492891 0.1004739336492891 0.1014218009478673
9 0.7492890995260664 0.6459715639810426 0.08530805687203792 0.07772511848341232
9 0.7208530805687203 0.6004739336492891 0.08341232227488152 0.08246445497630332
1 0.690521327014218 0.5526066350710901 0.061611374407582936 0.08720379146919431