3 0.304739336492891 0.44123222748815166 0.03696682464454976 0.04265402843601896
8 0.5815165876777251 0.33080568720379144 0.016113744075829384 0.07203791469194312
8 0.5644549763033175 0.2781990521327014 0.05023696682464455 0.06919431279620854
9 0.5355450236966824 0.23412322274881517 0.05118483412322275 0.054976303317535544
9 0.5018957345971564 0.2066350710900474 0.05118483412322275 0.05308056872037915
1 0.46303317535545024 0.18625592417061612 0.043601895734597156 0.05402843601895735
9 0.2981042654028436 0.2881516587677725 0.05023696682464455 0.04454976303317536
1 0.3118483412322275 0.24265402843601896 0.05118483412322275 0.04834123222748815
6 0.33364928909952607 0.21421800947867298 0.03981042654028436 0.04739336492890995
6 0.35402843601895734 0.1971563981042654 0.04075829383886256 0.04549763033175355
6 0.3876777251184834 0.1815165876777251 0.037914691943127965 0.04928909952606635
6 0.42274881516587676 0.1819905213270142 0.03886255924170616 0.04549763033175355
2 0.29289099526066353 0.33127962085308055 0.03696682464454976 0.037914691943127965
4 0.3004739336492891 0.38436018957345974 0.03222748815165877 0.03222748815165877
9 0.5971563981042654 0.23886255924170616 0.015165876777251185 0.058767772511848344
9 0.623696682464455 0.23601895734597156 0.04928909952606635 0.06445497630331753
1 0.6691943127962086 0.23033175355450236 0.05118483412322275 0.05971563981042654
6 0.7113744075829384 0.23270142180094786 0.04834123222748815 0.05023696682464455
6 0.74739336492891 0.25118483412322273 0.06066350710900474 0.058767772511848344
8 0.5303317535545023 0.723696682464455 0.06540284360189573 0.07109004739336493
8 0.5090047393364929 0.9886255924170616 0.06824644549763033 0.022748815165876776
9 0.409478672985782 0.7796208530805687 0.05402843601895735 0.05118483412322275
1 0.37156398104265403 0.8071090047393364 0.05023696682464455 0.04549763033175355
9 0.46208530805687204 0.9791469194312796 0.04454976303317536 0.04170616113744076
9 0.42274881516587676 0.975829383886256 0.04549763033175355 0.04834123222748815
6 0.35165876777251187 0.8412322274881516 0.04265402843601896 0.03601895734597156
6 0.34407582938388626 0.8772511848341232 0.037914691943127965 0.03981042654028436
6 0.3464454976303318 0.9109004739336493 0.03696682464454976 0.04170616113744076
6 0.36492890995260663 0.9327014218009478 0.04075829383886256 0.04549763033175355
1 0.3886255924170616 0.956872037914692 0.04739336492890995 0.04739336492890995
8 0.9701421800947867 0.7587677725118483 0.05971563981042654 0.07298578199052133
8 0.9156398104265403 0.74739336492891 0.058767772511848344 0.061611374407582936
9 0.8578199052132701 0.737914691943128 0.054976303317535544 0.061611374407582936
2 0.818957345971564 0.7232227488151659 0.03033175355450237 0.043601895734597156
1 0.771563981042654 0.7279620853080568 0.05687203791469194 0.06255924170616113
6 0.7364928909952607 0.7454976303317535 0.03601895734597156 0.03886255924170616
6 0.7175355450236967 0.7663507109004739 0.034123222748815164 0.03696682464454976