8 0.24739336492890995 0.27582938388625594 0.1061611374407583 0.08341232227488152
3 0.25829383886255924 0.31516587677725116 0.03886255924170616 0.008530805687203791
9 0.9753554502369668 0.21516587677725119 0.04928909952606635 0.07203791469194312
9 0.9350710900473934 0.22654028436018958 0.058767772511848344 0.06255924170616113
1 0.8947867298578199 0.2123222748815166 0.06066350710900474 0.06350710900473934
6 0.85260663507109 0.21469194312796208 0.04454976303317536 0.046445497630331754
6 0.8308056872037914 0.1962085308056872 0.06255924170616113 0.04549763033175355
6 0.8071090047393364 0.17109004739336492 0.06255924170616113 0.043601895734597156
8 0.32132701421800947 0.581042654028436 0.08625592417061612 0.1004739336492891
8 0.3976303317535545 0.5881516587677725 0.08909952606635071 0.09289099526066351
9 0.45829383886255926 0.5990521327014218 0.05971563981042654 0.08056872037914692
9 0.5085308056872038 0.6004739336492891 0.061611374407582936 0.08056872037914692
8 0.9322274881516588 0.5118483412322274 0.11563981042654028 0.11753554502369669
8 0.8777251184834123 0.5909952606635072 0.10995260663507109 0.11279620853080569
9 0.8303317535545024 0.647867298578199 0.08056872037914692 0.08246445497630332
9 0.9890995260663508 0.8582938388625593 0.021800947867298578 0.07677725118483412
9 0.9592417061611375 0.8824644549763033 0.07014218009478673 0.07393364928909953
9 0.7919431279620853 0.6981042654028436 0.07772511848341232 0.07488151658767772
1 0.9023696682464455 0.8890995260663507 0.06255924170616113 0.07488151658767772
1 0.7767772511848341 0.75260663507109 0.07203791469194312 0.06350710900473934
6 0.852132701421801 0.8824644549763033 0.06255924170616113 0.07393364928909953
6 0.7834123222748816 0.8033175355450237 0.07014218009478673 0.05971563981042654
6 0.79478672985782 0.8398104265402844 0.06824644549763033 0.06255924170616113
6 0.819431279620853 0.8649289099526066 0.06255924170616113 0.06540284360189573