6 0.10758293838862559 0.25687203791469193 0.06824644549763033 0.07677725118483412
6 0.15687203791469195 0.2682464454976303 0.06445497630331753 0.07582938388625593
6 0.1962085308056872 0.2677725118483412 0.04170616113744076 0.04928909952606635
6 0.07109004739336493 0.24075829383886255 0.03981042654028436 0.043601895734597156
4 0.23317535545023696 0.24881516587677724 0.03981042654028436 0.04075829383886256
1 0.04739336492890995 0.21374407582938387 0.052132701421800945 0.055924170616113746
9 0.035545023696682464 0.1734597156398104 0.06540284360189573 0.05971563981042654
9 0.027014218009478674 0.13317535545023695 0.05402843601895735 0.06350710900473934
9 0.26303317535545023 0.2241706161137441 0.06824644549763033 0.06445497630331753
9 0.2914691943127962 0.190521327014218 0.07014218009478673 0.06445497630331753
8 0.8985781990521327 0.5274881516587677 0.09573459715639811 0.0995260663507109
8 0.8767772511848341 0.4710900473933649 0.1052132701421801 0.10995260663507109
9 0.8625592417061612 0.41800947867298577 0.07677725118483412 0.07962085308056872
9 0.8383886255924171 0.3824644549763033 0.0881516587677725 0.08720379146919431
9 0.8075829383886256 0.3355450236966825 0.07014218009478673 0.07582938388625593
6 0.7753554502369668 0.2981042654028436 0.07014218009478673 0.07393364928909953
6 0.7241706161137441 0.2838862559241706 0.07772511848341232 0.07772511848341232
6 0.6611374407582938 0.2862559241706161 0.08246445497630332 0.08909952606635071
6 0.6118483412322275 0.3104265402843602 0.06445497630331753 0.07109004739336493
1 0.5819905213270142 0.35118483412322277 0.07962085308056872 0.08246445497630332
9 0.5630331753554503 0.4080568720379147 0.0909952606635071 0.08056872037914692
9 0.5563981042654028 0.4611374407582938 0.0966824644549763 0.07109004739336493
8 0.54739336492891 0.523696682464455 0.10995260663507109 0.0985781990521327
8 0.5436018957345972 0.5962085308056873 0.10995260663507109 0.0938388625592417
4 0.06303317535545024 0.7909952606635071 0.04549763033175355 0.046445497630331754
4 0.10426540284360189 0.7417061611374408 0.043601895734597156 0.04549763033175355
4 0.14644549763033177 0.6957345971563981 0.03886255924170616 0.04265402843601896
4 0.1848341232227488 0.6687203791469194 0.037914691943127965 0.01800947867298578
8 0.6507109004739337 0.9109004739336493 0.12796208530805686 0.12322274881516587
8 0.7549763033175355 0.9227488151658768 0.12417061611374408 0.11848341232227488
9 0.8417061611374408 0.942654028436019 0.08151658767772511 0.0938388625592417
9 0.9085308056872038 0.9341232227488152 0.07867298578199051 0.0909952606635071
1 0.956872037914692 0.9616113744075829 0.07488151658767772 0.07677725118483412
6 0.9800947867298578 0.9815165876777251 0.03981042654028436 0.03696682464454976