8 0.2663507109004739 0.10995260663507109 0.07582938388625593 0.08436018957345971
8 0.3298578199052133 0.12464454976303317 0.07393364928909953 0.08436018957345971
9 0.3800947867298578 0.13886255924170615 0.054976303317535544 0.07109004739336493
9 0.4265402843601896 0.14454976303317535 0.052132701421800945 0.06540284360189573
1 0.4706161137440758 0.15165876777251186 0.054976303317535544 0.055924170616113746
6 0.5109004739336492 0.13886255924170615 0.05781990521327014 0.058767772511848344
6 0.5445497630331754 0.11800947867298578 0.06919431279620854 0.06255924170616113
8 0.8545023696682464 0.23317535545023696 0.07393364928909953 0.07582938388625593
8 0.919431279620853 0.24644549763033174 0.07393364928909953 0.07677725118483412
9 0.9729857819905213 0.2563981042654028 0.046445497630331754 0.055924170616113746
9 0.9938388625592417 0.26492890995260665 0.012322274881516588 0.05402843601895735
8 0.44123222748815166 0.6881516587677725 0.07298578199052133 0.07298578199052133
8 0.4 0.6502369668246446 0.06824644549763033 0.07677725118483412
9 0.36729857819905215 0.6123222748815166 0.054976303317535544 0.05971563981042654
9 0.3350710900473934 0.5872037914691943 0.052132701421800945 0.05781990521327014
8 0.15829383886255924 0.8208530805687204 0.06350710900473934 0.06919431279620854
8 0.14928909952606634 0.7611374407582938 0.061611374407582936 0.06635071090047394
9 0.14976303317535544 0.7099526066350711 0.06350710900473934 0.04834123222748815
9 0.15023696682464455 0.6677725118483412 0.054976303317535544 0.04739336492890995
1 0.3 0.5734597156398105 0.04928909952606635 0.061611374407582936
1 0.16350710900473933 0.628436018957346 0.05687203791469194 0.05402843601895735
6 0.262085308056872 0.5706161137440758 0.03981042654028436 0.05687203791469194
6 0.23222748815165878 0.5772511848341232 0.04075829383886256 0.05781990521327014
6 0.2052132701421801 0.5872037914691943 0.043601895734597156 0.055924170616113746
6 0.18246445497630331 0.604739336492891 0.04928909952606635 0.054976303317535544
3 0.6947867298578199 0.728909952606635 0.03886255924170616 0.04928909952606635
8 0.8497630331753554 0.5777251184834123 0.07677725118483412 0.06824644549763033
9 0.8421800947867298 0.6189573459715639 0.06255924170616113 0.055924170616113746
9 0.8203791469194313 0.6606635071090048 0.07014218009478673 0.06255924170616113
1 0.7981042654028436 0.7 0.05687203791469194 0.06066350710900474
6 0.7568720379146919 0.7293838862559242 0.06445497630331753 0.05023696682464455