4 0.2080568720379147 0.45165876777251185 0.04739336492890995 0.04834123222748815
8 0.26919431279620853 0.43033175355450237 0.09004739336492891 0.09194312796208531
9 0.31516587677725116 0.3995260663507109 0.06350710900473934 0.06824644549763033
9 0.3635071090047393 0.3928909952606635 0.06066350710900474 0.06066350710900474
1 0.414218009478673 0.3867298578199052 0.05781990521327014 0.06066350710900474
6 0.45402843601895737 0.3962085308056872 0.055924170616113746 0.05402843601895735
6 0.4791469194312796 0.4203791469194313 0.05781990521327014 0.05308056872037915
4 0.9028436018957346 0.3402843601895735 0.04170616113744076 0.04454976303317536
4 0.9388625592417061 0.4014218009478673 0.03981042654028436 0.04265402843601896
3 0.9815165876777251 0.4369668246445498 0.03696682464454976 0.04170616113744076
9 0.27440758293838863 0.581042654028436 0.07677725118483412 0.043601895734597156
6 0.5379146919431279 0.5777251184834123 0.08625592417061612 0.03696682464454976