4 0.23033175355450236 0.4042654028436019 0.04928909952606635 0.04928909952606635
8 0.290521327014218 0.381042654028436 0.09289099526066351 0.0947867298578199
9 0.3355450236966825 0.34834123222748814 0.06445497630331753 0.06919431279620854
9 0.38341232227488153 0.3402843601895735 0.06255924170616113 0.061611374407582936
1 0.43412322274881515 0.33175355450236965 0.058767772511848344 0.061611374407582936
6 0.47393364928909953 0.3402843601895735 0.05687203791469194 0.055924170616113746
6 0.5 0.3635071090047393 0.058767772511848344 0.054976303317535544
8 0.6786729857819905 0.32654028436018956 0.0938388625592417 0.09289099526066351
8 0.9421800947867298 0.2786729857819905 0.07014218009478673 0.07582938388625593
9 0.714218009478673 0.36587677725118484 0.08530805687203792 0.07582938388625593
9 0.9360189573459715 0.32132701421800947 0.06445497630331753 0.05971563981042654
9 0.9260663507109005 0.35497630331753555 0.06919431279620854 0.05781990521327014
9 0.7350710900473933 0.409478672985782 0.07393364928909953 0.07393364928909953
1 0.7758293838862559 0.4369668246445498 0.07677725118483412 0.07772511848341232
6 0.8265402843601896 0.44407582938388623 0.055924170616113746 0.061611374407582936
6 0.8601895734597157 0.42843601895734595 0.04170616113744076 0.05687203791469194
6 0.9303317535545024 0.42417061611374407 0.058767772511848344 0.061611374407582936
6 0.8919431279620853 0.42796208530805685 0.05023696682464455 0.05971563981042654
1 0.9383886255924171 0.3938388625592417 0.06540284360189573 0.05023696682464455
8 0.34549763033175357 0.5800947867298578 0.10710900473933649 0.08151658767772511
9 0.3232227488151659 0.671563981042654 0.07867298578199051 0.06729857819905213
9 0.5175355450236967 0.8208530805687204 0.06635071090047394 0.07772511848341232
1 0.3090047393364929 0.7251184834123223 0.07488151658767772 0.06729857819905213
6 0.318957345971564 0.771090047393365 0.06635071090047394 0.05687203791469194
6 0.34218009478672984 0.8132701421800947 0.07393364928909953 0.07677725118483412
6 0.37725118483412323 0.837914691943128 0.07677725118483412 0.07582938388625593
6 0.4265402843601896 0.8469194312796209 0.04739336492890995 0.046445497630331754
8 0.6720379146919432 0.723696682464455 0.08056872037914692 0.07962085308056872
8 0.6890995260663507 0.6763033175355451 0.0881516587677725 0.0881516587677725
9 0.7037914691943128 0.6308056872037915 0.06824644549763033 0.06824644549763033
9 0.7364928909952607 0.5943127962085308 0.07582938388625593 0.07488151658767772
1 0.7649289099526067 0.5630331753554503 0.07014218009478673 0.04739336492890995
6 0.8037914691943128 0.5502369668246445 0.06635071090047394 0.021800947867298578
6 0.918957345971564 0.5507109004739337 0.0938388625592417 0.022748815165876776
6 0.9649289099526066 0.5526066350710901 0.07014218009478673 0.026540284360189573
1 0.9824644549763033 0.5687203791469194 0.035071090047393366 0.058767772511848344
9 0.9914691943127962 0.6123222748815166 0.017061611374407582 0.06255924170616113