9 0.12890995260663507 0.36255924170616116 0.07014218009478673 0.06350710900473934
9 0.16350710900473933 0.33838862559241706 0.06066350710900474 0.06445497630331753
9 0.3748815165876777 0.35687203791469196 0.06445497630331753 0.07109004739336493
9 0.390521327014218 0.395260663507109 0.06824644549763033 0.06445497630331753
1 0.3464454976303318 0.31990521327014215 0.06255924170616113 0.08436018957345971
1 0.1985781990521327 0.3018957345971564 0.06824644549763033 0.07488151658767772
2 0.23696682464454977 0.2938388625592417 0.046445497630331754 0.06729857819905213
2 0.2834123222748815 0.2971563981042654 0.04265402843601896 0.06255924170616113
2 0.3123222748815166 0.2995260663507109 0.04170616113744076 0.06255924170616113
8 0.547867298578199 0.295260663507109 0.05687203791469194 0.08625592417061612
8 0.6075829383886255 0.29241706161137443 0.08625592417061612 0.09004739336492891
2 0.662085308056872 0.2957345971563981 0.05118483412322275 0.06635071090047394
9 0.7080568720379147 0.3018957345971564 0.06729857819905213 0.07962085308056872
1 0.7597156398104266 0.3123222748815166 0.06824644549763033 0.07298578199052133
6 0.7985781990521327 0.3341232227488152 0.05781990521327014 0.06066350710900474
6 0.8255924170616113 0.3630331753554502 0.07014218009478673 0.07298578199052133
6 0.4374407582938389 0.7933649289099526 0.07677725118483412 0.02843601895734597
6 0.4549763033175355 0.8090047393364929 0.06635071090047394 0.05971563981042654
1 0.8554502369668247 0.7914691943127962 0.06540284360189573 0.024644549763033177
6 0.8132701421800947 0.8056872037914692 0.07014218009478673 0.05308056872037915
6 0.7625592417061612 0.8132701421800947 0.07867298578199051 0.06824644549763033
6 0.7009478672985782 0.8080568720379147 0.0881516587677725 0.05781990521327014