9 0.14218009478672985 0.5075829383886256 0.07203791469194312 0.04454976303317536
9 0.17393364928909952 0.48009478672985784 0.07014218009478673 0.07014218009478673
9 0.4317535545023697 0.5104265402843602 0.07677725118483412 0.03886255924170616
5 0.21753554502369668 0.46350710900473935 0.043601895734597156 0.04739336492890995
4 0.29241706161137443 0.43886255924170614 0.035071090047393366 0.037914691943127965
3 0.34170616113744073 0.44786729857819907 0.034123222748815164 0.027488151658767772
4 0.3981042654028436 0.5056872037914691 0.03696682464454976 0.03222748815165877
3 0.8895734597156398 0.3881516587677725 0.04265402843601896 0.03886255924170616
4 0.8587677725118483 0.4606635071090047 0.04170616113744076 0.04170616113744076
9 0.8265402843601896 0.5018957345971564 0.06635071090047394 0.055924170616113746
1 0.5890995260663507 0.5227488151658768 0.03886255924170616 0.014218009478672985
9 0.5938388625592417 0.4933649289099526 0.04834123222748815 0.05023696682464455
9 0.5966824644549763 0.44454976303317534 0.05402843601895735 0.04928909952606635
8 0.4374407582938389 0.6393364928909953 0.08720379146919431 0.0938388625592417
8 0.4218009478672986 0.7227488151658767 0.08341232227488152 0.0938388625592417
9 0.4052132701421801 0.7895734597156399 0.06635071090047394 0.06540284360189573
9 0.38436018957345974 0.8345971563981043 0.05971563981042654 0.06540284360189573
8 0.10426540284360189 0.7090047393364929 0.0976303317535545 0.08909952606635071
9 0.12701421800947868 0.7654028436018957 0.07203791469194312 0.06255924170616113
9 0.14644549763033177 0.8109004739336493 0.06445497630331753 0.05971563981042654
1 0.34881516587677724 0.861611374407583 0.05687203791469194 0.08151658767772511
1 0.1791469194312796 0.852132701421801 0.06540284360189573 0.07582938388625593
6 0.3170616113744076 0.8800947867298579 0.04075829383886256 0.06729857819905213
6 0.2853080568720379 0.8876777251184834 0.04170616113744076 0.06540284360189573
6 0.25165876777251184 0.8895734597156398 0.05118483412322275 0.06824644549763033
6 0.2109004739336493 0.8824644549763033 0.05023696682464455 0.06824644549763033
6 0.5928909952606635 0.975829383886256 0.046445497630331754 0.04834123222748815
6 0.6289099526066351 0.9772511848341232 0.04265402843601896 0.04549763033175355
1 0.6701421800947868 0.9843601895734597 0.05308056872037915 0.031279620853080566