9 0.19194312796208532 0.3052132701421801 0.07203791469194312 0.06540284360189573
9 0.1791469194312796 0.34739336492890993 0.07488151658767772 0.06824644549763033
1 0.17156398104265402 0.3758293838862559 0.06066350710900474 0.027488151658767772
2 0.8388625592417062 0.25829383886255924 0.07203791469194312 0.07393364928909953
8 0.9033175355450237 0.22748815165876776 0.08909952606635071 0.08530805687203792
9 0.9511848341232227 0.1995260663507109 0.05687203791469194 0.06445497630331753
9 0.9796208530805687 0.17677725118483412 0.04075829383886256 0.055924170616113746
8 0.2843601895734597 0.5109004739336492 0.08909952606635071 0.09004739336492891
8 0.26587677725118486 0.5781990521327014 0.0976303317535545 0.0985781990521327
9 0.23933649289099526 0.6327014218009479 0.07677725118483412 0.07203791469194312
9 0.21658767772511847 0.6763033175355451 0.07203791469194312 0.07203791469194312
9 0.009478672985781991 0.6829383886255924 0.018957345971563982 0.06540284360189573
1 0.1881516587677725 0.714218009478673 0.06729857819905213 0.07393364928909953
6 0.14739336492890995 0.7369668246445498 0.05687203791469194 0.06255924170616113
6 0.11706161137440758 0.75260663507109 0.05118483412322275 0.061611374407582936
6 0.08009478672985781 0.74739336492891 0.05118483412322275 0.05687203791469194
6 0.043601895734597156 0.7450236966824645 0.05118483412322275 0.06066350710900474
1 0.021800947867298578 0.7161137440758294 0.043601895734597156 0.07298578199052133
3 0.7668246445497631 0.8786729857819905 0.06066350710900474 0.06255924170616113
3 0.7914691943127962 0.8037914691943128 0.05781990521327014 0.05781990521327014
9 0.8090047393364929 0.7298578199052133 0.0909952606635071 0.08909952606635071
9 0.837914691943128 0.6725118483412322 0.08151658767772511 0.08530805687203792
1 0.8767772511848341 0.6317535545023697 0.07677725118483412 0.09004739336492891
6 0.9308056872037914 0.6042654028436019 0.07393364928909953 0.0881516587677725
6 0.9748815165876777 0.5881516587677725 0.05023696682464455 0.07867298578199051