8 0.3976303317535545 0.23459715639810427 0.07677725118483412 0.07867298578199051
8 0.38909952606635073 0.3014218009478673 0.07582938388625593 0.08151658767772511
9 0.5957345971563981 0.4611374407582938 0.027488151658767772 0.061611374407582936
9 0.5758293838862559 0.4876777251184834 0.061611374407582936 0.07393364928909953
1 0.533649289099526 0.5090047393364929 0.054976303317535544 0.07677725118483412
1 0.4071090047393365 0.4483412322274882 0.061611374407582936 0.05687203791469194
9 0.39478672985781993 0.4028436018957346 0.05781990521327014 0.05308056872037915
9 0.3876777251184834 0.35924170616113743 0.05687203791469194 0.05118483412322275
3 0.4924170616113744 0.5042654028436019 0.05023696682464455 0.05971563981042654
3 0.4260663507109005 0.47440758293838864 0.055924170616113746 0.055924170616113746
8 0.7744075829383886 0.1881516587677725 0.0938388625592417 0.08436018957345971
6 0.9672985781990522 0.318957345971564 0.06445497630331753 0.08341232227488152
6 0.9170616113744076 0.3118483412322275 0.04739336492890995 0.05781990521327014
1 0.8682464454976303 0.3033175355450237 0.06445497630331753 0.06729857819905213
9 0.7995260663507109 0.23364928909952606 0.07298578199052133 0.06729857819905213
9 0.8312796208530806 0.2672985781990521 0.07962085308056872 0.07109004739336493
8 0.8654028436018958 0.9061611374407583 0.0881516587677725 0.0938388625592417
1 0.737914691943128 0.7597156398104266 0.06635071090047394 0.07014218009478673
6 0.6881516587677725 0.7483412322274882 0.05971563981042654 0.06729857819905213
6 0.64739336492891 0.7336492890995261 0.06445497630331753 0.07109004739336493
6 0.6180094786729858 0.7511848341232228 0.017061611374407582 0.06729857819905213
9 0.7895734597156399 0.8071090047393364 0.07962085308056872 0.07677725118483412
7 0.8208530805687204 0.8483412322274881 0.06635071090047394 0.07393364928909953