8 0.4151658767772512 0.09289099526066351 0.08530805687203792 0.0947867298578199
8 0.36492890995260663 0.05924170616113744 0.08436018957345971 0.0985781990521327
9 0.31469194312796206 0.03696682464454976 0.06255924170616113 0.07393364928909953
9 0.271563981042654 0.029383886255924172 0.05971563981042654 0.058767772511848344
1 0.22511848341232227 0.023222748815165877 0.06540284360189573 0.046445497630331754
6 0.18009478672985782 0.02132701421800948 0.07014218009478673 0.04265402843601896
8 0.781042654028436 0.11753554502369669 0.1014218009478673 0.08436018957345971
8 0.8042654028436019 0.06018957345971564 0.1004739336492891 0.08625592417061612
9 0.8279620853080568 0.017061611374407582 0.07677725118483412 0.034123222748815164
8 0.2909952606635071 0.8511848341232228 0.07488151658767772 0.09289099526066351
8 0.22606635071090048 0.8507109004739336 0.08720379146919431 0.0995260663507109
9 0.16682464454976303 0.8502369668246446 0.06445497630331753 0.07962085308056872
9 0.11563981042654028 0.842654028436019 0.06445497630331753 0.07962085308056872
1 0.06208530805687204 0.8341232227488151 0.06635071090047394 0.06635071090047394
6 0.02132701421800948 0.818957345971564 0.04265402843601896 0.06255924170616113
6 0.014691943127962086 0.7824644549763033 0.029383886255924172 0.07488151658767772
8 0.9734597156398104 0.728436018957346 0.05308056872037915 0.09194312796208531
9 0.9379146919431279 0.7203791469194313 0.055924170616113746 0.07109004739336493
9 0.9004739336492891 0.7071090047393365 0.058767772511848344 0.07109004739336493
1 0.8554502369668247 0.7004739336492891 0.06350710900473934 0.07014218009478673
6 0.8132701421800947 0.6720379146919432 0.05781990521327014 0.06540284360189573
6 0.7900473933649289 0.6360189573459716 0.05687203791469194 0.07677725118483412