2 0.5592417061611374 0.2 0.07582938388625593 0.08341232227488152
8 0.4957345971563981 0.1895734597156398 0.0938388625592417 0.0995260663507109
9 0.43981042654028435 0.1853080568720379 0.06824644549763033 0.07772511848341232
9 0.3943127962085308 0.1928909952606635 0.06540284360189573 0.07772511848341232
1 0.34549763033175357 0.1966824644549763 0.06824644549763033 0.07203791469194312
6 0.2995260663507109 0.21374407582938387 0.07488151658767772 0.07772511848341232
6 0.26445497630331755 0.24644549763033174 0.08625592417061612 0.08530805687203792
9 0.690521327014218 0.28151658767772514 0.061611374407582936 0.06824644549763033
9 0.690521327014218 0.3298578199052133 0.061611374407582936 0.06824644549763033
1 0.6829383886255924 0.3696682464454976 0.046445497630331754 0.06824644549763033
6 0.6729857819905213 0.4066350710900474 0.026540284360189573 0.06824644549763033
1 0.314218009478673 0.6687203791469194 0.06350710900473934 0.01800947867298578
6 0.35687203791469196 0.6691943127962086 0.05781990521327014 0.018957345971563982