8 0.11137440758293839 0.37725118483412323 0.0909952606635071 0.0881516587677725
8 0.17393364928909952 0.4075829383886256 0.08341232227488152 0.08246445497630332
9 0.22748815165876776 0.4218009478672986 0.055924170616113746 0.06066350710900474
9 0.27014218009478674 0.43364928909952605 0.055924170616113746 0.055924170616113746
1 0.3132701421800948 0.4364928909952607 0.05308056872037915 0.05308056872037915
6 0.34739336492890993 0.4246445497630332 0.052132701421800945 0.04928909952606635
9 0.8402843601895734 0.34407582938388626 0.08625592417061612 0.07867298578199051
9 0.8355450236966825 0.4056872037914692 0.07962085308056872 0.07772511848341232
1 0.8184834123222748 0.4654028436018957 0.0881516587677725 0.07298578199052133
1 0.5890995260663507 0.543127962085308 0.01990521327014218 0.08530805687203792
6 0.6421800947867299 0.5530805687203791 0.07298578199052133 0.07203791469194312
6 0.7056872037914692 0.5521327014218009 0.07109004739336493 0.06729857819905213
6 0.7421800947867299 0.5298578199052133 0.07772511848341232 0.07298578199052133
6 0.7867298578199052 0.5028436018957346 0.06635071090047394 0.061611374407582936
3 0.818957345971564 0.2947867298578199 0.05023696682464455 0.04454976303317536
8 0.30947867298578197 0.7535545023696683 0.08720379146919431 0.08056872037914692
8 0.23981042654028437 0.7630331753554502 0.08530805687203792 0.08246445497630332
9 0.17156398104265402 0.7649289099526067 0.07393364928909953 0.07298578199052133
9 0.11706161137440758 0.7573459715639811 0.06445497630331753 0.06540284360189573
1 0.07251184834123223 0.7293838862559242 0.06540284360189573 0.06350710900473934
6 0.04928909952606635 0.6985781990521327 0.07109004739336493 0.054976303317535544
8 0.9696682464454977 0.981042654028436 0.06066350710900474 0.037914691943127965
8 0.9213270142180094 0.9720379146919431 0.07014218009478673 0.055924170616113746
9 0.8815165876777251 0.9630331753554502 0.05118483412322275 0.05971563981042654
9 0.8440758293838863 0.9469194312796209 0.054976303317535544 0.061611374407582936
1 0.7990521327014218 0.9364928909952607 0.05781990521327014 0.05687203791469194
6 0.7597156398104266 0.9454976303317536 0.05023696682464455 0.04928909952606635
6 0.7265402843601896 0.9620853080568721 0.04739336492890995 0.04549763033175355
6 0.704739336492891 0.9819905213270143 0.04454976303317536 0.03601895734597156