8 0.23459715639810427 0.11042654028436019 0.08056872037914692 0.08436018957345971
8 0.24502369668246446 0.18293838862559242 0.07772511848341232 0.08436018957345971
8 0.5578199052132702 0.22701421800947869 0.07962085308056872 0.0966824644549763
3 0.5843601895734597 0.15260663507109004 0.031279620853080566 0.04549763033175355
9 0.5161137440758294 0.266824644549763 0.06066350710900474 0.06445497630331753
9 0.4938388625592417 0.3 0.05308056872037915 0.06540284360189573
1 0.4597156398104265 0.32180094786729857 0.05402843601895735 0.07014218009478673
9 0.26398104265402844 0.23696682464454977 0.05971563981042654 0.05781990521327014
9 0.27535545023696684 0.27677725118483415 0.05118483412322275 0.05971563981042654
1 0.2890995260663507 0.3061611374407583 0.05781990521327014 0.06635071090047394
6 0.4255924170616114 0.3402843601895735 0.046445497630331754 0.06919431279620854
6 0.38909952606635073 0.34360189573459715 0.04265402843601896 0.061611374407582936
6 0.35545023696682465 0.34407582938388626 0.043601895734597156 0.06255924170616113
6 0.3232227488151659 0.32606635071090045 0.052132701421800945 0.07109004739336493
8 0.6696682464454976 0.2824644549763033 0.07867298578199051 0.07962085308056872
8 0.9436018957345972 0.3061611374407583 0.08436018957345971 0.08436018957345971
9 0.6800947867298578 0.33933649289099527 0.054976303317535544 0.04739336492890995
9 0.9165876777251185 0.36066350710900474 0.06066350710900474 0.05308056872037915
9 0.6867298578199053 0.381042654028436 0.052132701421800945 0.04928909952606635
1 0.7113744075829384 0.41137440758293836 0.04834123222748815 0.05781990521327014
2 0.738388625592417 0.42938388625592416 0.02843601895734597 0.04549763033175355
2 0.7668246445497631 0.4374407582938389 0.023696682464454975 0.037914691943127965
2 0.7990521327014218 0.43507109004739336 0.031279620853080566 0.04454976303317536
2 0.8279620853080568 0.437914691943128 0.025592417061611375 0.04075829383886256
1 0.8630331753554502 0.4260663507109005 0.04928909952606635 0.06066350710900474
8 0.18672985781990523 0.9293838862559242 0.08151658767772511 0.06729857819905213
8 0.46303317535545024 0.9630331753554502 0.07677725118483412 0.07393364928909953
9 0.20616113744075829 0.890521327014218 0.06729857819905213 0.05971563981042654
9 0.22464454976303316 0.8492890995260663 0.06824644549763033 0.05781990521327014
9 0.4549763033175355 0.9175355450236967 0.06445497630331753 0.05781990521327014
9 0.44502369668246444 0.8781990521327014 0.06824644549763033 0.055924170616113746
1 0.44644549763033176 0.8345971563981043 0.05402843601895735 0.05402843601895735
6 0.36824644549763036 0.7909952606635071 0.06255924170616113 0.06255924170616113
6 0.41137440758293836 0.8170616113744076 0.058767772511848344 0.05402843601895735
1 0.24549763033175356 0.8161137440758294 0.055924170616113746 0.05023696682464455
6 0.7075829383886256 0.9886255924170616 0.07109004739336493 0.022748815165876776