8 0.08388625592417062 0.44123222748815166 0.07582938388625593 0.08056872037914692
8 0.14218009478672985 0.46492890995260666 0.07962085308056872 0.0909952606635071
9 0.2 0.471563981042654 0.05402843601895735 0.06445497630331753
9 0.24218009478672986 0.4829383886255924 0.05308056872037915 0.06540284360189573
1 0.2900473933649289 0.4819905213270142 0.05308056872037915 0.05971563981042654
6 0.3464454976303318 0.44360189573459713 0.054976303317535544 0.04265402843601896
6 0.3232227488151659 0.46492890995260666 0.05402843601895735 0.04265402843601896
6 0.604739336492891 0.21753554502369668 0.03033175355450237 0.04454976303317536
6 0.6274881516587678 0.21184834123222748 0.03601895734597156 0.03886255924170616
6 0.6563981042654028 0.2123222748815166 0.03601895734597156 0.03886255924170616
6 0.6763033175355451 0.1957345971563981 0.037914691943127965 0.04834123222748815
1 0.7104265402843601 0.18246445497630331 0.04170616113744076 0.04928909952606635
9 0.723696682464455 0.14881516587677726 0.054976303317535544 0.054976303317535544
9 0.737914691943128 0.11516587677725118 0.058767772511848344 0.05402843601895735
8 0.2720379146919431 0.8151658767772512 0.07962085308056872 0.0947867298578199
8 0.5654028436018957 0.8928909952606635 0.04834123222748815 0.08341232227488152
9 0.566824644549763 0.8308056872037914 0.04549763033175355 0.061611374407582936
9 0.2995260663507109 0.7635071090047393 0.06445497630331753 0.06729857819905213
9 0.3246445497630332 0.723696682464455 0.07203791469194312 0.07488151658767772
9 0.5658767772511848 0.7815165876777251 0.04739336492890995 0.05781990521327014
1 0.36255924170616116 0.6924170616113744 0.06066350710900474 0.07014218009478673
1 0.5540284360189573 0.7426540284360189 0.07109004739336493 0.07488151658767772
6 0.4023696682464455 0.671090047393365 0.046445497630331754 0.05971563981042654
6 0.45165876777251185 0.6611374407582938 0.06540284360189573 0.06824644549763033
6 0.5042654028436019 0.6677725118483412 0.07203791469194312 0.05781990521327014
6 0.5440758293838862 0.695260663507109 0.052132701421800945 0.05308056872037915
9 0.8402843601895734 0.5644549763033175 0.06350710900473934 0.029383886255924172
9 0.8488151658767773 0.6 0.05971563981042654 0.05023696682464455
1 0.8767772511848341 0.6350710900473934 0.052132701421800945 0.05308056872037915
6 0.9109004739336493 0.6417061611374407 0.043601895734597156 0.054976303317535544
6 0.9383886255924171 0.6554502369668247 0.03981042654028436 0.04549763033175355
6 0.9748815165876777 0.6658767772511849 0.03886255924170616 0.026540284360189573
0 0.9862559241706161 0.6412322274881517 0.026540284360189573 0.034123222748815164