8 0.018957345971563982 0.21374407582938387 0.037914691943127965 0.0881516587677725
8 0.32748815165876777 0.12654028436018958 0.09194312796208531 0.0966824644549763
4 0.3165876777251185 0.2037914691943128 0.04549763033175355 0.04549763033175355
4 0.2914691943127962 0.28151658767772514 0.03601895734597156 0.03696682464454976
8 0.03933649289099526 0.262085308056872 0.07867298578199051 0.08625592417061612
9 0.07203791469194312 0.2985781990521327 0.06919431279620854 0.06919431279620854
9 0.1033175355450237 0.3289099526066351 0.061611374407582936 0.06445497630331753
6 0.27061611374407585 0.32796208530805687 0.055924170616113746 0.06540284360189573
6 0.24123222748815165 0.35023696682464456 0.04928909952606635 0.055924170616113746
6 0.20853080568720378 0.36492890995260663 0.03981042654028436 0.04928909952606635
6 0.176303317535545 0.36255924170616116 0.05402843601895735 0.061611374407582936
1 0.13791469194312797 0.35924170616113743 0.05402843601895735 0.06635071090047394
0 0.8303317535545024 0.23175355450236967 0.04928909952606635 0.04834123222748815
5 0.8611374407582938 0.08009478672985781 0.037914691943127965 0.03886255924170616
0 0.8540284360189574 0.14454976303317535 0.043601895734597156 0.04075829383886256
0 0.9440758293838862 0.017535545023696683 0.043601895734597156 0.035071090047393366
8 0.271563981042654 0.8104265402843602 0.0938388625592417 0.1033175355450237
3 0.33791469194312795 0.833175355450237 0.055924170616113746 0.05781990521327014
9 0.4004739336492891 0.8199052132701422 0.05781990521327014 0.07677725118483412
9 0.4488151658767773 0.8175355450236966 0.06445497630331753 0.07867298578199051
1 0.5066350710900474 0.8218009478672986 0.07393364928909953 0.08246445497630332
6 0.5563981042654028 0.79478672985782 0.07298578199052133 0.07393364928909953
6 0.5928909952606635 0.7582938388625592 0.07867298578199051 0.061611374407582936
6 0.6061611374407583 0.7132701421800948 0.07677725118483412 0.06729857819905213
5 0.9213270142180094 0.7701421800947867 0.04928909952606635 0.05023696682464455
5 0.8298578199052132 0.7706161137440758 0.04075829383886256 0.043601895734597156
8 0.6777251184834123 0.8815165876777251 0.03601895734597156 0.0985781990521327
8 0.6924170616113744 0.833175355450237 0.06540284360189573 0.0947867298578199
9 0.7175355450236967 0.8014218009478673 0.07109004739336493 0.08720379146919431
9 0.74739336492891 0.7744075829383886 0.07014218009478673 0.08625592417061612
1 0.7796208530805687 0.7464454976303317 0.07014218009478673 0.0881516587677725
1 0.9744075829383886 0.7597156398104266 0.05118483412322275 0.07298578199052133
9 0.9786729857819905 0.8066350710900474 0.04265402843601896 0.06635071090047394
9 0.9815165876777251 0.85260663507109 0.03696682464454976 0.07109004739336493
8 0.981042654028436 0.9066350710900474 0.037914691943127965 0.08436018957345971
8 0.9829383886255925 0.9649289099526066 0.034123222748815164 0.07014218009478673