8 0.37109004739336493 0.34502369668246446 0.07582938388625593 0.08341232227488152
8 0.43554502369668247 0.35924170616113743 0.08246445497630332 0.08151658767772511
9 0.495260663507109 0.3696682464454976 0.055924170616113746 0.06066350710900474
9 0.5274881516587677 0.37109004739336493 0.023696682464454975 0.05781990521327014
8 0.8943127962085308 0.18909952606635072 0.07393364928909953 0.07203791469194312
8 0.8938388625592417 0.266824644549763 0.07582938388625593 0.0909952606635071
9 0.9014218009478673 0.33080568720379144 0.06066350710900474 0.054976303317535544
9 0.9037914691943127 0.376303317535545 0.06350710900473934 0.04739336492890995
8 0.07630331753554502 0.5696682464454976 0.07393364928909953 0.07488151658767772
8 0.10758293838862559 0.5298578199052133 0.07109004739336493 0.08151658767772511
9 0.13507109004739337 0.4924170616113744 0.05402843601895735 0.05687203791469194
9 0.16635071090047393 0.4720379146919431 0.054976303317535544 0.06635071090047394
1 0.2033175355450237 0.4488151658767773 0.05971563981042654 0.07298578199052133
6 0.24834123222748816 0.44549763033175355 0.05118483412322275 0.06635071090047394
6 0.2895734597156398 0.44644549763033176 0.06350710900473934 0.07488151658767772
6 0.32748815165876777 0.46398104265402845 0.06540284360189573 0.07014218009478673
6 0.34834123222748814 0.4943127962085308 0.06350710900473934 0.058767772511848344
1 0.36540284360189573 0.533175355450237 0.07203791469194312 0.05971563981042654
9 0.36682464454976305 0.5815165876777251 0.06824644549763033 0.05781990521327014
3 0.34834123222748814 0.6312796208530805 0.037914691943127965 0.03696682464454976
3 0.3109004739336493 0.7170616113744076 0.046445497630331754 0.04739336492890995
4 0.6037914691943128 0.7582938388625592 0.03981042654028436 0.04170616113744076
3 0.6654028436018957 0.7630331753554502 0.04454976303317536 0.043601895734597156
4 0.7218009478672985 0.7597156398104266 0.035071090047393366 0.035071090047393366
8 0.7668246445497631 0.9829383886255925 0.07393364928909953 0.034123222748815164
9 0.8109004739336493 0.9691943127962085 0.05781990521327014 0.055924170616113746
9 0.8445497630331753 0.9421800947867298 0.055924170616113746 0.054976303317535544
9 0.7668246445497631 0.7578199052132701 0.055924170616113746 0.05781990521327014
1 0.8132701421800947 0.7663507109004739 0.05308056872037915 0.05971563981042654
1 0.8710900473933649 0.9104265402843602 0.058767772511848344 0.05118483412322275
6 0.8454976303317535 0.7796208530805687 0.05308056872037915 0.052132701421800945
6 0.8834123222748815 0.8781990521327014 0.058767772511848344 0.046445497630331754
6 0.8824644549763033 0.8402843601895734 0.05687203791469194 0.03981042654028436
6 0.8701421800947867 0.8056872037914692 0.052132701421800945 0.04170616113744076