8 0.08388625592417062 0.38293838862559243 0.07109004739336493 0.07677725118483412
8 0.14075829383886257 0.4023696682464455 0.07203791469194312 0.07677725118483412
9 0.1971563981042654 0.4023696682464455 0.052132701421800945 0.05308056872037915
9 0.24454976303317535 0.4023696682464455 0.052132701421800945 0.05308056872037915
1 0.2886255924170616 0.3995260663507109 0.05402843601895735 0.05687203791469194
6 0.32180094786729857 0.3853080568720379 0.06255924170616113 0.04739336492890995
6 0.34407582938388626 0.36113744075829385 0.061611374407582936 0.037914691943127965
4 0.6601895734597156 0.26587677725118486 0.04265402843601896 0.03981042654028436
4 0.6947867298578199 0.3161137440758294 0.04075829383886256 0.03696682464454976
4 0.7568720379146919 0.36635071090047394 0.03317535545023697 0.031279620853080566
4 0.8014218009478673 0.38957345971563984 0.03317535545023697 0.029383886255924172
4 0.9388625592417061 0.35497630331753555 0.034123222748815164 0.03601895734597156
4 0.9606635071090047 0.318957345971564 0.03696682464454976 0.04170616113744076
4 0.9701421800947867 0.262085308056872 0.03601895734597156 0.04170616113744076
4 0.9876777251184834 0.17962085308056872 0.024644549763033177 0.04265402843601896
3 0.17819905213270143 0.8199052132701422 0.03696682464454976 0.03981042654028436
3 0.14549763033175356 0.8563981042654029 0.03601895734597156 0.037914691943127965
3 0.12985781990521328 0.8767772511848341 0.03696682464454976 0.037914691943127965
3 0.11516587677725118 0.8985781990521327 0.03601895734597156 0.04265402843601896
3 0.4033175355450237 0.8165876777251185 0.04265402843601896 0.052132701421800945
3 0.4165876777251185 0.8497630331753554 0.03886255924170616 0.043601895734597156
3 0.43507109004739336 0.885781990521327 0.037914691943127965 0.04170616113744076