4 0.021800947867298578 0.029383886255924172 0.043601895734597156 0.05308056872037915
8 0.0867298578199052 0.03601895734597156 0.0995260663507109 0.07203791469194312
9 0.15213270142180094 0.027014218009478674 0.06540284360189573 0.05402843601895735
9 0.2052132701421801 0.025592417061611375 0.06729857819905213 0.05118483412322275
1 0.25308056872037915 0.018957345971563982 0.07014218009478673 0.037914691943127965
3 0.714218009478673 0.32132701421800947 0.04739336492890995 0.04739336492890995
8 0.7848341232227488 0.3109004739336493 0.09004739336492891 0.08720379146919431
9 0.8417061611374408 0.3165876777251185 0.07109004739336493 0.08151658767772511
9 0.8890995260663507 0.3137440758293839 0.06445497630331753 0.06824644549763033
1 0.9293838862559242 0.304739336492891 0.06540284360189573 0.06350710900473934
6 0.9497630331753555 0.2796208530805687 0.05971563981042654 0.05402843601895735
6 0.9559241706161138 0.25165876777251184 0.06919431279620854 0.05023696682464455
6 0.9710900473933649 0.23270142180094786 0.05781990521327014 0.052132701421800945
8 0.06919431279620854 0.9710900473933649 0.0947867298578199 0.05781990521327014
9 0.11279620853080569 0.9545023696682464 0.07488151658767772 0.08151658767772511
9 0.15071090047393365 0.9270142180094787 0.07298578199052133 0.08056872037914692
1 0.2004739336492891 0.9037914691943127 0.07962085308056872 0.08909952606635071
6 0.2563981042654028 0.890521327014218 0.06824644549763033 0.08151658767772511
6 0.3113744075829384 0.8933649289099526 0.08909952606635071 0.08720379146919431
6 0.34928909952606635 0.9241706161137441 0.0909952606635071 0.0909952606635071
8 0.5725118483412323 0.975829383886256 0.1004739336492891 0.04834123222748815
8 0.9056872037914692 0.9227488151658768 0.08625592417061612 0.0881516587677725
9 0.5691943127962086 0.9507109004739337 0.07014218009478673 0.06445497630331753
9 0.5753554502369668 0.9113744075829384 0.06919431279620854 0.06635071090047394
8 0.8777251184834123 0.8796208530805687 0.07298578199052133 0.07582938388625593
9 0.8483412322274881 0.8421800947867298 0.06540284360189573 0.061611374407582936
9 0.8165876777251185 0.814218009478673 0.06635071090047394 0.06824644549763033
1 0.7748815165876777 0.7862559241706161 0.07109004739336493 0.07203791469194312
6 0.604739336492891 0.8123222748815165 0.054976303317535544 0.05971563981042654
6 0.6388625592417062 0.7838862559241706 0.07298578199052133 0.07488151658767772
6 0.6895734597156398 0.7720379146919432 0.06635071090047394 0.07109004739336493
6 0.7322274881516587 0.7691943127962085 0.052132701421800945 0.05308056872037915