8 0.45829383886255926 0.06445497630331753 0.07677725118483412 0.1023696682464455
8 0.5203791469194313 0.1 0.1023696682464455 0.1033175355450237
9 0.576303317535545 0.13364928909952606 0.07298578199052133 0.07677725118483412
9 0.628436018957346 0.16066350710900473 0.06729857819905213 0.07488151658767772
1 0.6853080568720379 0.16587677725118483 0.07393364928909953 0.07772511848341232
6 0.7279620853080568 0.15213270142180094 0.06255924170616113 0.05687203791469194
6 0.7563981042654029 0.13507109004739337 0.06635071090047394 0.05402843601895735
8 0.016587677725118485 0.514218009478673 0.03317535545023697 0.08625592417061612
3 0.04834123222748815 0.5303317535545023 0.043601895734597156 0.04549763033175355
9 0.1023696682464455 0.5398104265402843 0.07109004739336493 0.08909952606635071
1 0.15876777251184834 0.5488151658767773 0.06919431279620854 0.07109004739336493
6 0.2023696682464455 0.543127962085308 0.07109004739336493 0.06255924170616113
0 0.8042654028436019 0.4947867298578199 0.055924170616113746 0.05781990521327014
0 0.5260663507109005 0.5099526066350711 0.055924170616113746 0.05971563981042654
0 0.5691943127962086 0.5957345971563981 0.05687203791469194 0.05687203791469194
0 0.7687203791469195 0.5862559241706161 0.052132701421800945 0.04834123222748815
1 0.7578199052132701 0.6374407582938388 0.08625592417061612 0.09194312796208531
1 0.5890995260663507 0.6469194312796208 0.07488151658767772 0.09289099526066351
6 0.6270142180094787 0.6753554502369669 0.061611374407582936 0.07393364928909953
6 0.6611374407582938 0.6796208530805687 0.061611374407582936 0.08151658767772511
6 0.6971563981042654 0.6815165876777252 0.05308056872037915 0.07393364928909953
6 0.7270142180094786 0.6701421800947868 0.06255924170616113 0.06919431279620854