8 0.19478672985781992 0.32606635071090045 0.08909952606635071 0.1004739336492891
8 0.2563981042654028 0.2962085308056872 0.09004739336492891 0.0985781990521327
9 0.30379146919431277 0.2772511848341232 0.06540284360189573 0.07962085308056872
9 0.34549763033175357 0.25829383886255924 0.06635071090047394 0.08056872037914692
1 0.3881516587677725 0.24265402843601896 0.06350710900473934 0.07393364928909953
6 0.4127962085308057 0.24218009478672986 0.014218009478672985 0.06729857819905213
0 0.8018957345971564 0.03601895734597156 0.04454976303317536 0.046445497630331754
9 0.7492890995260664 0.06066350710900474 0.06350710900473934 0.07298578199052133
9 0.7056872037914692 0.07819905213270142 0.06540284360189573 0.07677725118483412
1 0.6511848341232227 0.09289099526066351 0.07109004739336493 0.07203791469194312
6 0.5966824644549763 0.0924170616113744 0.06540284360189573 0.06540284360189573
6 0.5540284360189573 0.06587677725118483 0.08436018957345971 0.08151658767772511
8 0.3900473933649289 0.6345971563981042 0.05971563981042654 0.1033175355450237
8 0.33791469194312795 0.6327014218009479 0.09194312796208531 0.1061611374407583
9 0.2791469194312796 0.6341232227488152 0.06350710900473934 0.08530805687203792
9 0.23033175355450236 0.6355450236966824 0.06824644549763033 0.08720379146919431
1 0.17819905213270143 0.638388625592417 0.06919431279620854 0.07867298578199051
6 0.13554502369668248 0.6507109004739337 0.06635071090047394 0.07393364928909953
6 0.1 0.6834123222748815 0.09004739336492891 0.0881516587677725
9 0.7194312796208531 0.4729857819905213 0.07393364928909953 0.04739336492890995
9 0.7165876777251184 0.5132701421800948 0.06635071090047394 0.06540284360189573
1 0.728436018957346 0.5706161137440758 0.07772511848341232 0.06445497630331753
9 0.9691943127962085 0.5872037914691943 0.061611374407582936 0.06540284360189573
9 0.9355450236966825 0.6170616113744076 0.06445497630331753 0.06824644549763033
1 0.8909952606635071 0.6327014218009479 0.06255924170616113 0.06824644549763033
6 0.8483412322274881 0.6497630331753554 0.06729857819905213 0.07488151658767772
6 0.8080568720379147 0.6502369668246446 0.06066350710900474 0.05971563981042654
6 0.7725118483412322 0.6364928909952606 0.07203791469194312 0.07203791469194312
6 0.74739336492891 0.6109004739336493 0.07298578199052133 0.07203791469194312