8 0.6578199052132702 0.43886255924170614 0.022748815165876776 0.08530805687203792
9 0.6521327014218009 0.3886255924170616 0.034123222748815164 0.058767772511848344
9 0.6417061611374407 0.35023696682464456 0.054976303317535544 0.05971563981042654
1 0.6222748815165877 0.3071090047393365 0.06729857819905213 0.07109004739336493
1 0.4151658767772512 0.32748815165876777 0.058767772511848344 0.06540284360189573
6 0.44170616113744077 0.2943127962085308 0.05308056872037915 0.061611374407582936
6 0.4876777251184834 0.2800947867298578 0.06445497630331753 0.07298578199052133
6 0.542654028436019 0.2739336492890995 0.06350710900473934 0.07298578199052133
6 0.5867298578199052 0.28151658767772514 0.05687203791469194 0.06445497630331753
4 0.8222748815165877 0.15213270142180094 0.04170616113744076 0.04170616113744076
3 0.8127962085308057 0.204739336492891 0.03981042654028436 0.037914691943127965
4 0.8033175355450237 0.25355450236966826 0.035071090047393366 0.035071090047393366
9 0.7943127962085308 0.30379146919431277 0.05781990521327014 0.05971563981042654
1 0.771090047393365 0.35071090047393366 0.05402843601895735 0.055924170616113746
6 0.7369668246445498 0.376303317535545 0.046445497630331754 0.05308056872037915
6 0.70521327014218 0.3914691943127962 0.04454976303317536 0.04834123222748815
6 0.680568720379147 0.3962085308056872 0.022748815165876776 0.04928909952606635
8 0.15545023696682464 0.6872037914691943 0.06919431279620854 0.07962085308056872
8 0.21658767772511847 0.7066350710900474 0.07393364928909953 0.08056872037914692
9 0.27677725118483415 0.7137440758293839 0.052132701421800945 0.05971563981042654
9 0.32037914691943126 0.7213270142180095 0.04834123222748815 0.05781990521327014
1 0.36729857819905215 0.7255924170616114 0.055924170616113746 0.055924170616113746
6 0.4165876777251185 0.7099526066350711 0.054976303317535544 0.054976303317535544
6 0.45924170616113746 0.6767772511848341 0.06540284360189573 0.06445497630331753
8 0.7265402843601896 0.9895734597156398 0.1014218009478673 0.02085308056872038
9 0.728909952606635 0.9601895734597157 0.08530805687203792 0.06445497630331753
9 0.7241706161137441 0.9137440758293839 0.07677725118483412 0.05402843601895735
1 0.7151658767772512 0.8625592417061612 0.07677725118483412 0.06540284360189573
6 0.6971563981042654 0.8199052132701422 0.055924170616113746 0.07014218009478673
6 0.6796208530805687 0.7919431279620853 0.02085308056872038 0.08436018957345971