4 0.06919431279620854 0.3014218009478673 0.03981042654028436 0.03696682464454976
4 0.1009478672985782 0.33649289099526064 0.04454976303317536 0.03886255924170616
3 0.12985781990521328 0.395260663507109 0.03601895734597156 0.03222748815165877
3 0.14170616113744075 0.42985781990521327 0.03981042654028436 0.03981042654028436
3 0.3800947867298578 0.418957345971564 0.04739336492890995 0.04928909952606635
3 0.43601895734597157 0.46492890995260666 0.04739336492890995 0.04834123222748815
3 0.4772511848341232 0.4990521327014218 0.04075829383886256 0.04265402843601896
8 0.7104265402843601 0.271563981042654 0.08436018957345971 0.08436018957345971
8 0.7137440758293839 0.3360189573459716 0.08530805687203792 0.09004739336492891
9 0.7156398104265402 0.3919431279620853 0.06066350710900474 0.05781990521327014
9 0.7037914691943128 0.42796208530805685 0.05687203791469194 0.05781990521327014
9 0.5180094786729857 0.5327014218009478 0.05687203791469194 0.05971563981042654
1 0.6943127962085308 0.4706161137440758 0.06066350710900474 0.058767772511848344
1 0.5554502369668246 0.5469194312796208 0.05687203791469194 0.06729857819905213
6 0.5990521327014218 0.5492890995260663 0.05023696682464455 0.058767772511848344
6 0.6312796208530805 0.5454976303317536 0.04549763033175355 0.05971563981042654
6 0.657345971563981 0.5322274881516588 0.04834123222748815 0.06350710900473934
6 0.680568720379147 0.5037914691943128 0.04928909952606635 0.05687203791469194
8 0.5071090047393365 0.9630331753554502 0.08151658767772511 0.07393364928909953
8 0.7734597156398104 0.9900473933649289 0.0909952606635071 0.01990521327014218
8 0.5151658767772512 0.9161137440758294 0.07488151658767772 0.07677725118483412
8 0.7909952606635071 0.976303317535545 0.06540284360189573 0.04739336492890995
8 0.7900473933649289 0.943127962085308 0.06445497630331753 0.04928909952606635
9 0.7824644549763033 0.904739336492891 0.07203791469194312 0.055924170616113746
9 0.5341232227488152 0.875829383886256 0.07014218009478673 0.06824644549763033
9 0.5587677725118484 0.8417061611374408 0.07393364928909953 0.07298578199052133
1 0.5800947867298578 0.8099526066350711 0.061611374407582936 0.06066350710900474
9 0.7701421800947867 0.861611374407583 0.07393364928909953 0.06255924170616113
1 0.771090047393365 0.818957345971564 0.05971563981042654 0.05781990521327014
6 0.7360189573459716 0.8090047393364929 0.05971563981042654 0.058767772511848344
6 0.7113744075829384 0.7725118483412322 0.07393364928909953 0.07867298578199051
6 0.6630331753554503 0.7677725118483413 0.06824644549763033 0.07203791469194312
6 0.6161137440758294 0.7819905213270142 0.055924170616113746 0.05971563981042654