3 0.25402843601895736 0.13744075829383887 0.054976303317535544 0.052132701421800945
8 0.295260663507109 0.08199052132701422 0.1052132701421801 0.1052132701421801
9 0.23601895734597156 0.19478672985781992 0.07014218009478673 0.07109004739336493
9 0.2042654028436019 0.23175355450236967 0.06445497630331753 0.06445497630331753
9 0.006635071090047393 0.14549763033175356 0.013270142180094787 0.06729857819905213
9 0.012796208530805687 0.1924170616113744 0.025592417061611375 0.06445497630331753
1 0.16919431279620853 0.2559241706161137 0.06350710900473934 0.06635071090047394
1 0.017535545023696683 0.22701421800947869 0.035071090047393366 0.06350710900473934
6 0.13317535545023695 0.2734597156398104 0.05402843601895735 0.06824644549763033
6 0.0985781990521327 0.271563981042654 0.043601895734597156 0.05971563981042654
6 0.06824644549763033 0.26398104265402844 0.04454976303317536 0.06255924170616113
6 0.03601895734597156 0.25308056872037915 0.052132701421800945 0.06540284360189573
9 0.4781990521327014 0.11753554502369669 0.07867298578199051 0.06824644549763033
9 0.4947867298578199 0.15734597156398103 0.06445497630331753 0.06540284360189573
1 0.5109004739336492 0.2004739336492891 0.06445497630331753 0.06824644549763033
2 0.5412322274881517 0.22843601895734597 0.04170616113744076 0.04549763033175355
2 0.5857819905213271 0.26398104265402844 0.05308056872037915 0.06255924170616113
2 0.6886255924170616 0.2672985781990521 0.03981042654028436 0.03981042654028436
1 0.7312796208530805 0.25165876777251184 0.06919431279620854 0.07014218009478673
9 0.7578199052132701 0.21516587677725119 0.06635071090047394 0.05687203791469194
9 0.7767772511848341 0.1876777251184834 0.058767772511848344 0.05308056872037915
8 0.32701421800947866 0.9018957345971564 0.1014218009478673 0.0995260663507109
8 0.010900473933649289 0.7853080568720379 0.021800947867298578 0.07867298578199051
8 0.02132701421800948 0.738388625592417 0.04265402843601896 0.07962085308056872
3 0.3251184834123223 0.837914691943128 0.04834123222748815 0.05023696682464455
3 0.318957345971564 0.7919431279620853 0.04549763033175355 0.04549763033175355
9 0.032701421800947865 0.7009478672985782 0.06540284360189573 0.06919431279620854
9 0.055924170616113746 0.6682464454976303 0.08530805687203792 0.07772511848341232
9 0.318957345971564 0.7374407582938388 0.07677725118483412 0.07298578199052133
1 0.3009478672985782 0.6800947867298578 0.07298578199052133 0.07298578199052133
1 0.09336492890995261 0.6327014218009479 0.07488151658767772 0.07393364928909953
6 0.13981042654028436 0.6061611374407583 0.05781990521327014 0.06635071090047394
6 0.18578199052132702 0.5990521327014218 0.07582938388625593 0.08625592417061612
6 0.23838862559241705 0.6194312796208531 0.07867298578199051 0.08909952606635071
6 0.28104265402843603 0.6364928909952606 0.05971563981042654 0.07014218009478673
8 0.6691943127962086 0.9388625592417061 0.11090047393364928 0.1023696682464455
9 0.6739336492890995 0.8796208530805687 0.0995260663507109 0.08625592417061612
9 0.44218009478672987 0.7450236966824645 0.025592417061611375 0.07962085308056872
9 0.46492890995260666 0.7227488151658767 0.07109004739336493 0.09004739336492891
9 0.6777251184834123 0.8274881516587678 0.08151658767772511 0.06824644549763033
3 0.6151658767772512 0.74739336492891 0.04454976303317536 0.046445497630331754
3 0.4962085308056872 0.7355450236966825 0.037914691943127965 0.04265402843601896
3 0.656872037914692 0.7985781990521327 0.04454976303317536 0.04549763033175355