9 0.34407582938388626 0.17440758293838862 0.06919431279620854 0.061611374407582936
9 0.35592417061611376 0.13080568720379146 0.06729857819905213 0.05781990521327014
1 0.3767772511848341 0.08293838862559241 0.06350710900473934 0.06255924170616113
6 0.3976303317535545 0.05071090047393365 0.04454976303317536 0.07488151658767772
8 0.5061611374407583 0.5464454976303318 0.058767772511848344 0.025592417061611375
8 0.5156398104265403 0.5161137440758294 0.05781990521327014 0.05781990521327014
9 0.5317535545023697 0.46919431279620855 0.06066350710900474 0.052132701421800945
9 0.5398104265402843 0.4308056872037915 0.054976303317535544 0.046445497630331754
8 0.8009478672985783 0.5327014218009478 0.07772511848341232 0.05308056872037915
8 0.7649289099526067 0.4919431279620853 0.08151658767772511 0.08530805687203792
9 0.7322274881516587 0.44454976303317534 0.06255924170616113 0.05687203791469194
9 0.7123222748815166 0.4071090047393365 0.05308056872037915 0.054976303317535544
1 0.6824644549763034 0.3805687203791469 0.05308056872037915 0.06066350710900474
1 0.5450236966824644 0.4004739336492891 0.04454976303317536 0.05308056872037915
6 0.5729857819905213 0.3938388625592417 0.05118483412322275 0.05781990521327014
6 0.6222748815165877 0.3748815165876777 0.03981042654028436 0.055924170616113746
6 0.6507109004739337 0.381042654028436 0.037914691943127965 0.06540284360189573
6 0.5962085308056873 0.3800947867298578 0.043601895734597156 0.06255924170616113
8 0.12132701421800948 0.7251184834123223 0.09004739336492891 0.0947867298578199
9 0.2075829383886256 0.6483412322274882 0.07582938388625593 0.08151658767772511
9 0.24739336492890995 0.6180094786729858 0.07393364928909953 0.07393364928909953
8 0.3995260663507109 0.885781990521327 0.04075829383886256 0.08056872037914692
1 0.2943127962085308 0.6004739336492891 0.07393364928909953 0.08151658767772511
8 0.6658767772511849 0.637914691943128 0.08246445497630332 0.08436018957345971
8 0.9635071090047393 0.6554502369668247 0.07298578199052133 0.06824644549763033
8 0.9298578199052133 0.7151658767772512 0.0881516587677725 0.0881516587677725
9 0.8933649289099526 0.7597156398104266 0.06540284360189573 0.061611374407582936
9 0.8630331753554502 0.7962085308056872 0.05687203791469194 0.05687203791469194
9 0.6720379146919432 0.7445497630331753 0.05687203791469194 0.054976303317535544
1 0.690521327014218 0.7848341232227488 0.054976303317535544 0.058767772511848344
1 0.8270142180094787 0.8203791469194313 0.05118483412322275 0.05971563981042654
6 0.7848341232227488 0.8298578199052132 0.04834123222748815 0.054976303317535544
6 0.7464454976303317 0.818957345971564 0.046445497630331754 0.05781990521327014
6 0.7156398104265402 0.8052132701421801 0.04739336492890995 0.05308056872037915
9 0.6672985781990521 0.6990521327014217 0.061611374407582936 0.052132701421800945