9 0.404739336492891 0.12559241706161137 0.04928909952606635 0.05687203791469194
9 0.36066350710900474 0.12890995260663507 0.05023696682464455 0.052132701421800945
1 0.3170616113744076 0.11706161137440758 0.04834123222748815 0.04928909952606635
6 0.2838862559241706 0.1 0.04834123222748815 0.03886255924170616
6 0.26587677725118486 0.07298578199052133 0.04739336492890995 0.03696682464454976
8 0.33933649289099527 0.8658767772511848 0.07677725118483412 0.07298578199052133
4 0.2800947867298578 0.8976303317535546 0.037914691943127965 0.03696682464454976
9 0.2213270142180095 0.9090047393364928 0.05308056872037915 0.06066350710900474
9 0.18009478672985782 0.9227488151658768 0.052132701421800945 0.05308056872037915
1 0.14218009478672985 0.9341232227488152 0.04454976303317536 0.04834123222748815
6 0.11327014218009479 0.9175355450236967 0.05402843601895735 0.03886255924170616
6 0.1 0.8962085308056872 0.05308056872037915 0.037914691943127965
6 0.06729857819905213 0.8753554502369668 0.04739336492890995 0.03317535545023697
5 0.48530805687203793 0.5421800947867299 0.034123222748815164 0.024644549763033177
3 0.5194312796208531 0.5597156398104265 0.031279620853080566 0.03886255924170616
4 0.656872037914692 0.5459715639810426 0.03033175355450237 0.03222748815165877