9 0.32180094786729857 0.3957345971563981 0.06824644549763033 0.07014218009478673
9 0.35118483412322277 0.4369668246445498 0.06445497630331753 0.058767772511848344
9 0.5308056872037915 0.4090047393364929 0.017061611374407582 0.055924170616113746
1 0.5255924170616114 0.44502369668246444 0.027488151658767772 0.04454976303317536
1 0.3876777251184834 0.4729857819905213 0.06445497630331753 0.06066350710900474
6 0.4658767772511848 0.49146919431279623 0.05023696682464455 0.03981042654028436
6 0.5037914691943128 0.48625592417061614 0.04265402843601896 0.04075829383886256
6 0.5170616113744075 0.4654028436018957 0.04454976303317536 0.04170616113744076
6 0.4312796208530806 0.48009478672985784 0.05308056872037915 0.06066350710900474
4 0.9772511848341232 0.23175355450236967 0.04454976303317536 0.04739336492890995
8 0.9867298578199052 0.16445497630331754 0.026540284360189573 0.09194312796208531
4 0.9033175355450237 0.28056872037914693 0.04170616113744076 0.04265402843601896
4 0.8606635071090047 0.2957345971563981 0.03981042654028436 0.04075829383886256
4 0.7658767772511849 0.25734597156398104 0.03696682464454976 0.037914691943127965
9 0.7137440758293839 0.1995260663507109 0.06635071090047394 0.058767772511848344
9 0.7232227488151659 0.15687203791469195 0.05971563981042654 0.05023696682464455
8 0.04028436018957346 0.6767772511848341 0.06540284360189573 0.07677725118483412
2 0.0971563981042654 0.662085308056872 0.052132701421800945 0.07109004739336493
9 0.14407582938388624 0.6549763033175355 0.04834123222748815 0.06445497630331753
9 0.18388625592417063 0.6445497630331753 0.052132701421800945 0.06729857819905213
1 0.22796208530805687 0.6312796208530805 0.05308056872037915 0.054976303317535544
6 0.2739336492890995 0.6350710900473934 0.05687203791469194 0.04928909952606635
6 0.3009478672985782 0.6587677725118484 0.06824644549763033 0.05781990521327014
8 0.6815165876777252 0.6691943127962086 0.06540284360189573 0.06255924170616113
8 0.681042654028436 0.6203791469194313 0.07298578199052133 0.061611374407582936