2 0.41753554502369666 0.25734597156398104 0.07109004739336493 0.07677725118483412
3 0.41232227488151657 0.32132701421800947 0.035071090047393366 0.03601895734597156
4 0.4104265402843602 0.35497630331753555 0.03696682464454976 0.03601895734597156
8 0.08199052132701422 0.29241706161137443 0.09004739336492891 0.08720379146919431
8 0.10758293838862559 0.352132701421801 0.0938388625592417 0.09004739336492891
3 0.15260663507109004 0.3867298578199052 0.03981042654028436 0.03886255924170616
9 0.16729857819905214 0.43507109004739336 0.06445497630331753 0.06540284360189573
9 0.2004739336492891 0.4720379146919431 0.06066350710900474 0.06255924170616113
1 0.24075829383886255 0.48530805687203793 0.05687203791469194 0.06824644549763033
1 0.3819905213270142 0.45118483412322274 0.06255924170616113 0.06066350710900474
9 0.4033175355450237 0.4109004739336493 0.05971563981042654 0.05687203791469194
6 0.2777251184834123 0.49146919431279623 0.058767772511848344 0.055924170616113746
6 0.3104265402843602 0.4943127962085308 0.05402843601895735 0.05023696682464455
6 0.3407582938388626 0.5033175355450237 0.04265402843601896 0.03222748815165877
6 0.36729857819905215 0.4886255924170616 0.046445497630331754 0.04928909952606635
8 0.7450236966824645 0.4815165876777251 0.08909952606635071 0.07582938388625593
8 0.6748815165876777 0.4895734597156398 0.08909952606635071 0.05971563981042654
9 0.6156398104265403 0.4995260663507109 0.05971563981042654 0.03981042654028436
9 0.5744075829383887 0.500473933649289 0.04928909952606635 0.037914691943127965
8 0.45876777251184836 0.885308056872038 0.07488151658767772 0.07962085308056872
9 0.44549763033175355 0.9379146919431279 0.061611374407582936 0.05687203791469194
9 0.43554502369668247 0.976303317535545 0.055924170616113746 0.04739336492890995
8 0.885781990521327 0.657345971563981 0.09289099526066351 0.0909952606635071
8 0.9066350710900474 0.6052132701421801 0.09573459715639811 0.09573459715639811
9 0.933175355450237 0.557345971563981 0.07109004739336493 0.06445497630331753
9 0.9597156398104265 0.5369668246445498 0.07298578199052133 0.035071090047393366