8 0.13554502369668248 0.13601895734597155 0.07393364928909953 0.07393364928909953
9 0.24502369668246446 0.18104265402843603 0.052132701421800945 0.05687203791469194
9 0.2900473933649289 0.1933649289099526 0.04834123222748815 0.054976303317535544
9 0.3350710900473934 0.1985781990521327 0.04834123222748815 0.05402843601895735
1 0.3758293838862559 0.18909952606635072 0.061611374407582936 0.05781990521327014
6 0.41800947867298577 0.18341232227488152 0.04170616113744076 0.035071090047393366
6 0.44075829383886256 0.16161137440758294 0.03601895734597156 0.03317535545023697
6 0.45687203791469194 0.13507109004739337 0.035071090047393366 0.034123222748815164
6 0.45402843601895737 0.104739336492891 0.054976303317535544 0.037914691943127965
7 0.1990521327014218 0.1734597156398104 0.04928909952606635 0.06255924170616113
1 0.6592417061611374 0.03033175355450237 0.05781990521327014 0.06066350710900474
6 0.6104265402843602 0.04170616113744076 0.05402843601895735 0.06824644549763033
6 0.5559241706161138 0.045023696682464455 0.052132701421800945 0.06919431279620854
6 0.5374407582938389 0.03459715639810427 0.015165876777251185 0.06350710900473934
9 0.2014218009478673 0.7331753554502369 0.06350710900473934 0.04265402843601896
9 0.18625592417061612 0.6966824644549763 0.06824644549763033 0.05308056872037915
1 0.16208530805687205 0.6582938388625592 0.058767772511848344 0.05687203791469194
6 0.13317535545023695 0.6274881516587678 0.05402843601895735 0.05687203791469194
6 0.0881516587677725 0.6213270142180095 0.06635071090047394 0.06540284360189573
6 0.031279620853080566 0.6232227488151659 0.06066350710900474 0.05971563981042654
6 0.004739336492890996 0.6398104265402843 0.009478672985781991 0.05687203791469194
8 0.2075829383886256 0.7786729857819905 0.07867298578199051 0.06540284360189573
8 0.7175355450236967 0.64739336492891 0.07203791469194312 0.08246445497630332
1 0.5402843601895735 0.7004739336492891 0.02085308056872038 0.06635071090047394
1 0.6696682464454976 0.7251184834123223 0.04549763033175355 0.05971563981042654
6 0.6364928909952606 0.7331753554502369 0.04549763033175355 0.05023696682464455
6 0.5990521327014218 0.7298578199052133 0.03696682464454976 0.04549763033175355
6 0.5635071090047393 0.7246445497630332 0.04549763033175355 0.04928909952606635
9 0.6947867298578199 0.685781990521327 0.05402843601895735 0.061611374407582936