8 0.10853080568720379 0.15687203791469195 0.07772511848341232 0.08246445497630332
8 0.4104265402843602 0.21184834123222748 0.07582938388625593 0.06635071090047394
9 0.404739336492891 0.16066350710900473 0.06729857819905213 0.052132701421800945
9 0.39478672985781993 0.11658767772511848 0.06635071090047394 0.054976303317535544
9 0.12417061611374408 0.10710900473933649 0.06445497630331753 0.055924170616113746
9 0.14360189573459717 0.06729857819905213 0.06540284360189573 0.06066350710900474
1 0.16919431279620853 0.025118483412322274 0.052132701421800945 0.05023696682464455
1 0.38388625592417064 0.06445497630331753 0.05687203791469194 0.06635071090047394
6 0.35734597156398107 0.03033175355450237 0.054976303317535544 0.06066350710900474
6 0.31563981042654027 0.02085308056872038 0.06255924170616113 0.04170616113744076
3 0.25876777251184835 0.024170616113744076 0.04075829383886256 0.03981042654028436
6 0.20853080568720378 0.015639810426540283 0.05308056872037915 0.031279620853080566
6 0.9720379146919431 0.17203791469194313 0.05118483412322275 0.04170616113744076
6 0.9473933649289099 0.14312796208530806 0.046445497630331754 0.03981042654028436
6 0.9199052132701422 0.12085308056872038 0.04075829383886256 0.03886255924170616
8 0.34170616113744073 0.3924170616113744 0.08436018957345971 0.04549763033175355
8 0.6393364928909953 0.4549763033175355 0.04075829383886256 0.07962085308056872
8 0.6033175355450237 0.5056872037914691 0.07772511848341232 0.08436018957345971
9 0.33270142180094786 0.43886255924170614 0.06540284360189573 0.058767772511848344
9 0.32654028436018956 0.4881516587677725 0.05687203791469194 0.06255924170616113
9 0.5521327014218009 0.5355450236966824 0.054976303317535544 0.061611374407582936
9 0.5170616113744075 0.5696682464454976 0.05308056872037915 0.05971563981042654
1 0.48009478672985784 0.5843601895734597 0.04739336492890995 0.061611374407582936
6 0.44644549763033176 0.595260663507109 0.043601895734597156 0.054976303317535544
6 0.409478672985782 0.5947867298578199 0.03981042654028436 0.052132701421800945
6 0.3848341232227488 0.581042654028436 0.03601895734597156 0.04739336492890995
6 0.3582938388625592 0.5639810426540285 0.04075829383886256 0.05402843601895735
1 0.33080568720379144 0.5345971563981042 0.05118483412322275 0.06350710900473934
9 0.8985781990521327 0.9322274881516588 0.07488151658767772 0.06729857819905213
9 0.6824644549763034 0.7786729857819905 0.04549763033175355 0.06350710900473934
1 0.7540284360189573 0.737914691943128 0.052132701421800945 0.06540284360189573
6 0.8056872037914692 0.7341232227488151 0.05781990521327014 0.061611374407582936
6 0.8563981042654029 0.7488151658767772 0.06635071090047394 0.06445497630331753
6 0.8943127962085308 0.7815165876777251 0.061611374407582936 0.06729857819905213
6 0.9180094786729858 0.8279620853080568 0.06066350710900474 0.058767772511848344
1 0.9184834123222749 0.8824644549763033 0.05971563981042654 0.055924170616113746