0 0.11137440758293839 0.37298578199052135 0.05118483412322275 0.052132701421800945
0 0.1962085308056872 0.4127962085308057 0.03981042654028436 0.04170616113744076
0 0.23649289099526066 0.4270142180094787 0.03981042654028436 0.03886255924170616
0 0.35260663507109 0.3630331753554502 0.04075829383886256 0.03317535545023697
9 0.36066350710900474 0.32132701421800947 0.06540284360189573 0.05971563981042654
8 0.35023696682464456 0.22985781990521326 0.07488151658767772 0.07962085308056872
9 0.36113744075829385 0.2772511848341232 0.06540284360189573 0.058767772511848344
3 0.7412322274881517 0.3061611374407583 0.04265402843601896 0.04454976303317536
8 0.8018957345971564 0.27061611374407585 0.07867298578199051 0.07677725118483412
9 0.8549763033175355 0.25829383886255924 0.04834123222748815 0.05781990521327014
9 0.8928909952606635 0.2559241706161137 0.04549763033175355 0.05402843601895735
1 0.9327014218009478 0.2563981042654028 0.052132701421800945 0.05687203791469194
6 0.9644549763033176 0.25924170616113745 0.05402843601895735 0.05687203791469194
6 0.981042654028436 0.2734597156398104 0.037914691943127965 0.05781990521327014
8 0.7037914691943128 0.8886255924170616 0.06445497630331753 0.06824644549763033
9 0.681042654028436 0.9322274881516588 0.054976303317535544 0.05687203791469194
9 0.6545023696682465 0.9644549763033176 0.05971563981042654 0.061611374407582936
1 0.628436018957346 0.985781990521327 0.04549763033175355 0.02843601895734597
6 0.5971563981042654 0.9862559241706161 0.04170616113744076 0.027488151658767772
6 0.5701421800947867 0.9900473933649289 0.03886255924170616 0.01990521327014218