8 0.533175355450237 0.015639810426540283 0.07109004739336493 0.031279620853080566
8 0.6080568720379147 0.02037914691943128 0.08246445497630332 0.04075829383886256
9 0.6706161137440758 0.01990521327014218 0.052132701421800945 0.03981042654028436
9 0.7175355450236967 0.024170616113744076 0.05118483412322275 0.04834123222748815
1 0.7654028436018957 0.017061611374407582 0.05023696682464455 0.034123222748815164
6 0.7971563981042654 0.006161137440758294 0.05687203791469194 0.012322274881516588
8 0.14644549763033177 0.5876777251184834 0.052132701421800945 0.058767772511848344
9 0.17156398104265402 0.6511848341232227 0.04928909952606635 0.04739336492890995
9 0.2023696682464455 0.6881516587677725 0.04834123222748815 0.05118483412322275
1 0.3909952606635071 0.7222748815165877 0.03696682464454976 0.058767772511848344
6 0.36208530805687206 0.7417061611374408 0.043601895734597156 0.06350710900473934
6 0.33317535545023697 0.7507109004739336 0.03317535545023697 0.06445497630331753
6 0.2976303317535545 0.7554502369668247 0.03033175355450237 0.054976303317535544
6 0.2616113744075829 0.747867298578199 0.03601895734597156 0.058767772511848344
1 0.22274881516587677 0.7312796208530805 0.043601895734597156 0.061611374407582936
8 0.4260663507109005 0.6545023696682465 0.03317535545023697 0.07109004739336493
8 0.47440758293838864 0.6289099526066351 0.06350710900473934 0.07298578199052133
8 0.5459715639810426 0.6123222748815166 0.07582938388625593 0.07203791469194312
9 0.6066350710900474 0.6085308056872037 0.043601895734597156 0.058767772511848344
9 0.6497630331753554 0.5976303317535545 0.046445497630331754 0.052132701421800945
1 0.6895734597156398 0.6175355450236967 0.05402843601895735 0.05402843601895735
6 0.7255924170616114 0.6317535545023697 0.052132701421800945 0.03886255924170616
6 0.7303317535545024 0.6672985781990521 0.05402843601895735 0.03601895734597156
6 0.7488151658767772 0.6829383886255924 0.05781990521327014 0.03317535545023697