8 0.109478672985782 0.03364928909952607 0.0938388625592417 0.06729857819905213
2 0.054976303317535544 0.06824644549763033 0.0881516587677725 0.0909952606635071
2 0.02037914691943128 0.11327014218009479 0.04075829383886256 0.08246445497630332
1 0.009478672985781991 0.3862559241706161 0.018957345971563982 0.06919431279620854
9 0.03459715639810427 0.395260663507109 0.061611374407582936 0.06445497630331753
3 0.07772511848341232 0.38909952606635073 0.04549763033175355 0.04739336492890995
8 0.13601895734597155 0.3943127962085308 0.0909952606635071 0.09289099526066351
3 0.8767772511848341 0.013744075829383886 0.06635071090047394 0.027488151658767772
2 0.8023696682464455 0.027014218009478674 0.1033175355450237 0.05402843601895735
9 0.3127962085308057 0.9777251184834124 0.06255924170616113 0.04454976303317536
9 0.34218009478672984 0.9549763033175356 0.061611374407582936 0.06255924170616113
1 0.3815165876777251 0.9260663507109005 0.061611374407582936 0.06824644549763033
6 0.4729857819905213 0.9255924170616113 0.013270142180094787 0.061611374407582936
6 0.4545023696682464 0.9142180094786729 0.05023696682464455 0.061611374407582936
6 0.4156398104265403 0.9137440758293839 0.05971563981042654 0.06919431279620854
3 0.6895734597156398 0.6928909952606636 0.05023696682464455 0.04739336492890995
9 0.9483412322274881 0.6791469194312796 0.06729857819905213 0.06255924170616113
9 0.9303317535545024 0.723696682464455 0.06445497630331753 0.06350710900473934
9 0.7037914691943128 0.7568720379146919 0.06255924170616113 0.06824644549763033
9 0.7440758293838863 0.7862559241706161 0.06540284360189573 0.06635071090047394
1 0.9165876777251185 0.7658767772511849 0.06540284360189573 0.06066350710900474
6 0.8995260663507109 0.8018957345971564 0.06350710900473934 0.055924170616113746
6 0.8815165876777251 0.8222748815165877 0.06066350710900474 0.05971563981042654
6 0.8421800947867298 0.8322274881516588 0.06635071090047394 0.061611374407582936
6 0.8146919431279621 0.8345971563981043 0.05781990521327014 0.06066350710900474
1 0.7701421800947867 0.8170616113744076 0.06540284360189573 0.07488151658767772