8 0.18341232227488152 0.25971563981042656 0.07867298578199051 0.07962085308056872
8 0.21184834123222748 0.2014218009478673 0.08436018957345971 0.09194312796208531
9 0.24360189573459715 0.15118483412322276 0.06540284360189573 0.06445497630331753
9 0.26255924170616113 0.11137440758293839 0.061611374407582936 0.06445497630331753
1 0.3 0.1004739336492891 0.058767772511848344 0.07582938388625593
3 0.36824644549763036 0.11279620853080569 0.035071090047393366 0.03317535545023697
3 0.4199052132701422 0.12938388625592417 0.018957345971563982 0.031279620853080566
8 0.6853080568720379 0.2033175355450237 0.07393364928909953 0.08436018957345971
9 0.8018957345971564 0.190521327014218 0.05687203791469194 0.07109004739336493
9 0.8454976303317535 0.2 0.05402843601895735 0.06729857819905213
1 0.8909952606635071 0.2037914691943128 0.05781990521327014 0.058767772511848344
6 0.9308056872037914 0.21943127962085307 0.05687203791469194 0.05687203791469194
6 0.9601895734597157 0.24597156398104264 0.07109004739336493 0.06350710900473934
7 0.7445497630331753 0.1966824644549763 0.06445497630331753 0.07203791469194312
1 0.02227488151658768 0.7990521327014218 0.04454976303317536 0.06635071090047394
6 0.057345971563981045 0.8156398104265403 0.052132701421800945 0.04928909952606635
6 0.08293838862559241 0.842654028436019 0.07298578199052133 0.06824644549763033
6 0.5516587677725119 0.5933649289099526 0.05118483412322275 0.02843601895734597