8 0.5829383886255924 0.44644549763033176 0.07772511848341232 0.07867298578199051
8 0.28056872037914693 0.2843601895734597 0.06919431279620854 0.07962085308056872
9 0.34407582938388626 0.22369668246445498 0.054976303317535544 0.061611374407582936
9 0.37156398104265403 0.19478672985781992 0.061611374407582936 0.06255924170616113
9 0.5966824644549763 0.34928909952606635 0.06540284360189573 0.05402843601895735
9 0.5981042654028436 0.3 0.06255924170616113 0.055924170616113746
1 0.595260663507109 0.25213270142180094 0.06350710900473934 0.06824644549763033
1 0.4109004739336493 0.17677725118483412 0.05402843601895735 0.06255924170616113
6 0.504739336492891 0.16113744075829384 0.06066350710900474 0.07109004739336493
6 0.5545023696682464 0.18009478672985782 0.06729857819905213 0.07962085308056872
6 0.5834123222748815 0.20900473933649288 0.06350710900473934 0.06350710900473934
6 0.45355450236966827 0.16018957345971563 0.05308056872037915 0.06066350710900474
6 0.6459715639810426 0.1957345971563981 0.03317535545023697 0.052132701421800945
6 0.6872037914691943 0.2037914691943128 0.06066350710900474 0.061611374407582936
6 0.738388625592417 0.2156398104265403 0.05971563981042654 0.05781990521327014
6 0.7672985781990521 0.23886255924170616 0.037914691943127965 0.05308056872037915
1 0.7796208530805687 0.27535545023696684 0.05687203791469194 0.05781990521327014
9 0.7791469194312797 0.3137440758293839 0.07203791469194312 0.058767772511848344
9 0.7786729857819905 0.34834123222748814 0.06540284360189573 0.05118483412322275
8 0.1976303317535545 0.5454976303317536 0.09004739336492891 0.07109004739336493
8 0.053554502369668244 0.7426540284360189 0.08246445497630332 0.08151658767772511
9 0.24218009478672986 0.5748815165876777 0.05971563981042654 0.05118483412322275
9 0.24360189573459715 0.6208530805687204 0.05687203791469194 0.05402843601895735
9 0.1009478672985782 0.7753554502369668 0.054976303317535544 0.061611374407582936
9 0.12938388625592417 0.747867298578199 0.054976303317535544 0.05402843601895735
1 0.17156398104265402 0.7535545023696683 0.05023696682464455 0.05687203791469194
1 0.26066350710900477 0.6616113744075829 0.05402843601895735 0.05023696682464455
6 0.21137440758293838 0.7563981042654029 0.04265402843601896 0.05308056872037915
6 0.22890995260663508 0.7341232227488151 0.04739336492890995 0.05308056872037915
6 0.2559241706161137 0.7018957345971564 0.046445497630331754 0.04834123222748815
6 0.25734597156398104 0.7298578199052133 0.046445497630331754 0.052132701421800945
8 0.6815165876777252 0.9696682464454977 0.08151658767772511 0.06066350710900474
9 0.7118483412322275 0.9317535545023696 0.04454976303317536 0.05118483412322275
9 0.7398104265402844 0.895260663507109 0.04170616113744076 0.04075829383886256
9 0.9364928909952607 0.9834123222748815 0.03981042654028436 0.03317535545023697
9 0.9298578199052133 0.9497630331753555 0.04739336492890995 0.046445497630331754
1 0.7725118483412322 0.871563981042654 0.04075829383886256 0.054976303317535544
6 0.8037914691943128 0.8587677725118483 0.037914691943127965 0.04739336492890995
6 0.8327014218009479 0.8573459715639811 0.035071090047393366 0.05023696682464455
6 0.8682464454976303 0.8639810426540284 0.03886255924170616 0.055924170616113746
6 0.8928909952606635 0.8843601895734597 0.03886255924170616 0.043601895734597156
1 0.9137440758293839 0.9109004739336493 0.05118483412322275 0.046445497630331754