4 0.42274881516587676 0.15071090047393365 0.013270142180094787 0.04549763033175355
5 0.37345971563981045 0.12037914691943127 0.03981042654028436 0.03981042654028436
1 0.2985781990521327 0.109478672985782 0.07014218009478673 0.06729857819905213
1 0.20616113744075829 0.28720379146919434 0.07014218009478673 0.06350710900473934
6 0.24691943127962085 0.11943127962085308 0.05971563981042654 0.06255924170616113
6 0.18578199052132702 0.24454976303317535 0.058767772511848344 0.054976303317535544
6 0.1881516587677725 0.1933649289099526 0.07962085308056872 0.07582938388625593
6 0.209478672985782 0.14502369668246445 0.08436018957345971 0.07393364928909953
8 0.8990521327014218 0.04265402843601896 0.08625592417061612 0.07962085308056872
8 0.6289099526066351 0.1933649289099526 0.08530805687203792 0.08909952606635071
8 0.6663507109004739 0.23744075829383887 0.08909952606635071 0.09194312796208531
8 0.9260663507109005 0.1033175355450237 0.08530805687203792 0.07867298578199051
9 0.9454976303317536 0.15545023696682464 0.07298578199052133 0.05781990521327014
9 0.9611374407582939 0.2023696682464455 0.06919431279620854 0.06824644549763033
9 0.6928909952606636 0.28151658767772514 0.06729857819905213 0.06540284360189573
9 0.7180094786729858 0.3161137440758294 0.07488151658767772 0.07393364928909953
1 0.9630331753554502 0.25829383886255924 0.07203791469194312 0.07014218009478673
1 0.7625592417061612 0.35402843601895734 0.06540284360189573 0.07298578199052133
6 0.952132701421801 0.3052132701421801 0.06635071090047394 0.06919431279620854
6 0.9222748815165877 0.35260663507109 0.07772511848341232 0.08720379146919431
6 0.8691943127962085 0.37298578199052135 0.07298578199052133 0.06919431279620854
6 0.8127962085308057 0.37772511848341234 0.058767772511848344 0.05687203791469194
9 0.15402843601895735 0.8270142180094787 0.06066350710900474 0.07014218009478673
9 0.1957345971563981 0.8516587677725118 0.055924170616113746 0.05971563981042654
1 0.23317535545023696 0.8729857819905213 0.05308056872037915 0.06255924170616113
6 0.2682464454976303 0.8672985781990521 0.052132701421800945 0.06919431279620854
6 0.3056872037914692 0.8587677725118483 0.054976303317535544 0.08246445497630332
6 0.33838862559241706 0.85260663507109 0.04834123222748815 0.07109004739336493
6 0.3701421800947867 0.8417061611374408 0.05118483412322275 0.06540284360189573
1 0.3943127962085308 0.8180094786729858 0.05781990521327014 0.06824644549763033
9 0.4090047393364929 0.7838862559241706 0.04075829383886256 0.054976303317535544
9 0.4099526066350711 0.7488151658767772 0.03886255924170616 0.05308056872037915