8 0.4374407582938389 0.18578199052132702 0.07014218009478673 0.07298578199052133
8 0.4203791469194313 0.25308056872037915 0.07109004739336493 0.07677725118483412
8 0.12559241706161137 0.1928909952606635 0.07203791469194312 0.07677725118483412
8 0.14218009478672985 0.25781990521327014 0.07298578199052133 0.07962085308056872
9 0.16540284360189572 0.3042654028436019 0.05971563981042654 0.05402843601895735
9 0.1848341232227488 0.34218009478672984 0.05118483412322275 0.05023696682464455
9 0.4033175355450237 0.3014218009478673 0.05023696682464455 0.05023696682464455
9 0.38341232227488153 0.33744075829383885 0.04834123222748815 0.04928909952606635
1 0.35971563981042654 0.37298578199052135 0.04739336492890995 0.04834123222748815
1 0.2099526066350711 0.3753554502369668 0.04454976303317536 0.04928909952606635
6 0.33981042654028437 0.38957345971563984 0.04834123222748815 0.043601895734597156
6 0.3056872037914692 0.3981042654028436 0.04265402843601896 0.04265402843601896
6 0.2729857819905213 0.3981042654028436 0.037914691943127965 0.04265402843601896
6 0.23507109004739338 0.3938388625592417 0.04265402843601896 0.046445497630331754
8 0.9554502369668246 0.11563981042654028 0.04834123222748815 0.04834123222748815
8 0.9834123222748815 0.0938388625592417 0.03317535545023697 0.08341232227488152
3 0.46729857819905213 0.6545023696682465 0.034123222748815164 0.03696682464454976
8 0.418957345971564 0.6853080568720379 0.07677725118483412 0.07109004739336493
9 0.36018957345971564 0.6853080568720379 0.046445497630331754 0.052132701421800945
9 0.3161137440758294 0.6909952606635071 0.05023696682464455 0.052132701421800945
1 0.2725118483412322 0.690521327014218 0.04739336492890995 0.04834123222748815
6 0.23554502369668245 0.6767772511848341 0.043601895734597156 0.04549763033175355
6 0.204739336492891 0.662085308056872 0.04075829383886256 0.04834123222748815
6 0.18625592417061612 0.6279620853080569 0.04265402843601896 0.04454976303317536
8 0.9540284360189574 0.7336492890995261 0.08056872037914692 0.08530805687203792
8 0.9445497630331754 0.8018957345971564 0.08151658767772511 0.07962085308056872
9 0.9303317535545024 0.8459715639810427 0.07393364928909953 0.07488151658767772
9 0.9075829383886256 0.8824644549763033 0.07582938388625593 0.08341232227488152
1 0.8810426540284361 0.9270142180094787 0.06729857819905213 0.08056872037914692
1 0.7004739336492891 0.8957345971563981 0.022748815165876776 0.11184834123222749
6 0.8459715639810427 0.9492890995260663 0.05781990521327014 0.0976303317535545
6 0.8085308056872038 0.9497630331753555 0.058767772511848344 0.1004739336492891
6 0.7540284360189573 0.952132701421801 0.05971563981042654 0.09573459715639811
6 0.7132701421800948 0.933175355450237 0.04834123222748815 0.10710900473933649