9 0.2900473933649289 0.22796208530805687 0.06066350710900474 0.04265402843601896
9 0.3056872037914692 0.1962085308056872 0.05687203791469194 0.06066350710900474
1 0.34170616113744073 0.1819905213270142 0.05308056872037915 0.07203791469194312
3 0.4109004739336493 0.1881516587677725 0.03222748815165877 0.03033175355450237
3 0.4725118483412322 0.1995260663507109 0.03317535545023697 0.02843601895734597
4 0.4995260663507109 0.22369668246445498 0.03696682464454976 0.035071090047393366
9 0.5388625592417061 0.22985781990521326 0.055924170616113746 0.03886255924170616
8 0.6985781990521327 0.06777251184834124 0.058767772511848344 0.08436018957345971
9 0.7450236966824645 0.0966824644549763 0.05781990521327014 0.06255924170616113
9 0.7824644549763033 0.12085308056872038 0.05023696682464455 0.052132701421800945
1 0.8274881516587678 0.12511848341232226 0.04739336492890995 0.05118483412322275
6 0.8639810426540284 0.11184834123222749 0.04454976303317536 0.04170616113744076
6 0.8924170616113745 0.1018957345971564 0.05781990521327014 0.04549763033175355
9 0.06350710900473934 0.6417061611374407 0.06824644549763033 0.06350710900473934
9 0.08483412322274882 0.590521327014218 0.061611374407582936 0.06066350710900474
9 0.35118483412322277 0.6374407582938388 0.07014218009478673 0.06635071090047394
9 0.32748815165876777 0.590521327014218 0.06729857819905213 0.06729857819905213
1 0.11658767772511848 0.5545023696682464 0.061611374407582936 0.07203791469194312
6 0.14691943127962084 0.5308056872037915 0.05402843601895735 0.06729857819905213
6 0.18104265402843603 0.5170616113744075 0.05118483412322275 0.06635071090047394
6 0.22085308056872038 0.5222748815165876 0.04928909952606635 0.058767772511848344
6 0.26492890995260665 0.5270142180094787 0.054976303317535544 0.06635071090047394
1 0.2981042654028436 0.5578199052132702 0.05687203791469194 0.06919431279620854
8 0.9308056872037914 0.5559241706161138 0.07772511848341232 0.08530805687203792