8 0.5829383886255924 0.5421800947867299 0.08341232227488152 0.0947867298578199
8 0.5251184834123223 0.5161137440758294 0.07867298578199051 0.0938388625592417
9 0.4843601895734597 0.4919431279620853 0.06350710900473934 0.07582938388625593
9 0.442654028436019 0.4767772511848341 0.05971563981042654 0.07677725118483412
1 0.4014218009478673 0.4606635071090047 0.06255924170616113 0.07203791469194312
6 0.35924170616113743 0.45876777251184836 0.058767772511848344 0.06066350710900474
6 0.3194312796208531 0.46445497630331756 0.06919431279620854 0.07203791469194312
8 0.9080568720379147 0.2995260663507109 0.06729857819905213 0.06445497630331753
8 0.9004739336492891 0.35450236966824644 0.07203791469194312 0.07109004739336493
9 0.8957345971563981 0.4071090047393365 0.05971563981042654 0.05308056872037915
9 0.8928909952606635 0.45402843601895737 0.05687203791469194 0.05781990521327014
6 0.9919431279620853 0.5696682464454976 0.016113744075829384 0.04928909952606635
6 0.9672985781990522 0.5625592417061611 0.04265402843601896 0.04834123222748815
6 0.9402843601895735 0.5492890995260663 0.04170616113744076 0.04834123222748815
6 0.9161137440758294 0.5317535545023697 0.05118483412322275 0.05023696682464455
1 0.8933649289099526 0.4981042654028436 0.06350710900473934 0.058767772511848344
8 0.24786729857819906 0.7037914691943128 0.09573459715639811 0.06919431279620854
8 0.5701421800947867 0.7417061611374408 0.09194312796208531 0.09573459715639811
2 0.5654028436018957 0.6890995260663507 0.06540284360189573 0.03981042654028436
8 0.6981042654028436 0.7156398104265402 0.0881516587677725 0.09289099526066351
8 0.7587677725118483 0.7331753554502369 0.0947867298578199 0.1033175355450237
9 0.8085308056872038 0.7658767772511849 0.07014218009478673 0.08246445497630332
3 0.8545023696682464 0.7696682464454976 0.046445497630331754 0.04928909952606635
1 0.8976303317535546 0.785781990521327 0.06635071090047394 0.07582938388625593
6 0.9459715639810427 0.785781990521327 0.061611374407582936 0.05971563981042654
6 0.9725118483412323 0.7744075829383886 0.054976303317535544 0.07962085308056872