8 0.32796208530805687 0.07488151658767772 0.09004739336492891 0.0976303317535545
8 0.2611374407582938 0.07914691943127962 0.09289099526066351 0.1033175355450237
9 0.20616113744075829 0.07393364928909953 0.06635071090047394 0.07393364928909953
9 0.15829383886255924 0.07914691943127962 0.07109004739336493 0.07488151658767772
8 0.1938388625592417 0.3919431279620853 0.0909952606635071 0.0881516587677725
8 0.15355450236966825 0.34502369668246446 0.0985781990521327 0.09289099526066351
9 0.1052132701421801 0.3127962085308057 0.07582938388625593 0.07109004739336493
9 0.07156398104265403 0.2838862559241706 0.07677725118483412 0.07393364928909953
1 0.04075829383886256 0.24407582938388625 0.06824644549763033 0.06635071090047394
1 0.10853080568720379 0.07298578199052133 0.06635071090047394 0.07109004739336493
6 0.06635071090047394 0.095260663507109 0.06445497630331753 0.06729857819905213
6 0.02890995260663507 0.1957345971563981 0.05781990521327014 0.061611374407582936
6 0.026066350710900472 0.15165876777251186 0.052132701421800945 0.07962085308056872
6 0.03317535545023697 0.11611374407582939 0.06635071090047394 0.08246445497630332
8 0.7104265402843601 0.36587677725118484 0.08341232227488152 0.09004739336492891
2 0.7691943127962085 0.37345971563981045 0.06729857819905213 0.07298578199052133
8 0.6222748815165877 0.6639810426540285 0.08720379146919431 0.08625592417061612
8 0.5843601895734597 0.6293838862559241 0.06919431279620854 0.08720379146919431
9 0.5592417061611374 0.5928909952606635 0.018957345971563982 0.06540284360189573
1 0.5748815165876777 0.35592417061611376 0.05023696682464455 0.07109004739336493
9 0.6161137440758294 0.35497630331753555 0.054976303317535544 0.06445497630331753
9 0.6582938388625592 0.35545023696682465 0.06350710900473934 0.06635071090047394
6 0.07772511848341232 0.7255924170616114 0.05687203791469194 0.012322274881516588
8 0.8293838862559242 0.9056872037914692 0.0947867298578199 0.0995260663507109
8 0.7886255924170616 0.8374407582938389 0.09573459715639811 0.0985781990521327
9 0.762085308056872 0.7829383886255924 0.06540284360189573 0.06255924170616113
9 0.7421800947867299 0.7454976303317535 0.06066350710900474 0.052132701421800945
1 0.5672985781990522 0.7436018957345971 0.035071090047393366 0.04834123222748815
1 0.7071090047393365 0.738388625592417 0.06445497630331753 0.037914691943127965
6 0.5815165876777251 0.7312796208530805 0.05971563981042654 0.023696682464454975
6 0.6218009478672986 0.7293838862559242 0.05687203791469194 0.01990521327014218
6 0.6772511848341233 0.7298578199052133 0.06729857819905213 0.02085308056872038