8 0.42369668246445497 0.3004739336492891 0.03222748815165877 0.07393364928909953
8 0.3791469194312796 0.318957345971564 0.08056872037914692 0.07867298578199051
9 0.32037914691943126 0.33080568720379144 0.054976303317535544 0.06635071090047394
4 0.2720379146919431 0.34454976303317536 0.03317535545023697 0.035071090047393366
1 0.23317535545023696 0.33696682464454975 0.05023696682464455 0.05308056872037915
6 0.2009478672985782 0.3184834123222749 0.04928909952606635 0.04739336492890995
6 0.1853080568720379 0.2947867298578199 0.05308056872037915 0.04265402843601896
6 0.16161137440758294 0.2734597156398104 0.06066350710900474 0.03886255924170616
6 0.15639810426540285 0.24549763033175356 0.05118483412322275 0.03601895734597156
8 0.7364928909952607 0.3090047393364929 0.07677725118483412 0.08625592417061612
8 0.671090047393365 0.2933649289099526 0.07772511848341232 0.09194312796208531
9 0.6199052132701421 0.2720379146919431 0.055924170616113746 0.06540284360189573
9 0.5729857819905213 0.26303317535545023 0.06066350710900474 0.06540284360189573
8 0.5156398104265403 0.5725118483412323 0.07962085308056872 0.07488151658767772
8 0.490521327014218 0.5161137440758294 0.08625592417061612 0.07962085308056872
9 0.46303317535545024 0.4706161137440758 0.046445497630331754 0.05971563981042654
9 0.45165876777251185 0.43364928909952605 0.023696682464454975 0.06350710900473934
1 0.5274881516587677 0.24265402843601896 0.055924170616113746 0.06255924170616113
6 0.48009478672985784 0.25165876777251184 0.054976303317535544 0.05971563981042654
6 0.4549763033175355 0.26018957345971566 0.03033175355450237 0.07109004739336493
8 0.4066350710900474 0.7962085308056872 0.06635071090047394 0.08341232227488152
8 0.36824644549763036 0.7507109004739336 0.07582938388625593 0.08246445497630332
9 0.34170616113744073 0.7075829383886256 0.05687203791469194 0.061611374407582936
9 0.3090047393364929 0.6815165876777252 0.055924170616113746 0.06066350710900474
1 0.27014218009478674 0.6658767772511849 0.05118483412322275 0.03317535545023697
6 0.18009478672985782 0.6616113744075829 0.05308056872037915 0.024644549763033177
6 0.13649289099526066 0.6682464454976303 0.05687203791469194 0.037914691943127965
3 0.12464454976303317 0.6995260663507109 0.03696682464454976 0.03317535545023697
1 0.1 0.7208530805687203 0.054976303317535544 0.05687203791469194
9 0.1052132701421801 0.7696682464454976 0.06824644549763033 0.054976303317535544
9 0.10710900473933649 0.8175355450236966 0.07298578199052133 0.054976303317535544
8 0.11563981042654028 0.8701421800947867 0.08056872037914692 0.06824644549763033
6 0.22796208530805687 0.6606635071090048 0.05023696682464455 0.022748815165876776
8 0.6928909952606636 0.9630331753554502 0.07772511848341232 0.07393364928909953