8 0.4052132701421801 0.25450236966824646 0.0881516587677725 0.10900473933649289
8 0.34786729857819904 0.22511848341232227 0.1080568720379147 0.10426540284360189
8 0.13791469194312797 0.4995260663507109 0.0976303317535545 0.1061611374407583
4 0.12796208530805686 0.43601895734597157 0.03601895734597156 0.03696682464454976
9 0.104739336492891 0.37203791469194314 0.06635071090047394 0.06445497630331753
9 0.29289099526066353 0.209478672985782 0.07677725118483412 0.07677725118483412
1 0.209478672985782 0.20616113744075829 0.06729857819905213 0.07488151658767772
1 0.0981042654028436 0.323696682464455 0.058767772511848344 0.058767772511848344
6 0.16540284360189572 0.21516587677725119 0.05687203791469194 0.06919431279620854
6 0.13459715639810427 0.22938388625592418 0.055924170616113746 0.06635071090047394
6 0.11327014218009479 0.25260663507109005 0.06540284360189573 0.06824644549763033
6 0.0995260663507109 0.2829383886255924 0.07109004739336493 0.06824644549763033
4 0.6327014218009479 0.24881516587677724 0.04928909952606635 0.04928909952606635
8 0.7137440758293839 0.25687203791469193 0.0995260663507109 0.0947867298578199
9 0.7819905213270142 0.25829383886255924 0.07109004739336493 0.07203791469194312
9 0.8355450236966825 0.2554502369668246 0.06635071090047394 0.07014218009478673
1 0.885781990521327 0.24123222748815165 0.06919431279620854 0.07488151658767772
6 0.9255924170616113 0.21658767772511847 0.07109004739336493 0.07203791469194312
6 0.9540284360189574 0.18909952606635072 0.07014218009478673 0.06540284360189573
3 0.814218009478673 0.8971563981042654 0.055924170616113746 0.055924170616113746
3 0.7611374407582938 0.8137440758293839 0.04739336492890995 0.046445497630331754
3 0.7194312796208531 0.7853080568720379 0.03981042654028436 0.04170616113744076
3 0.6616113744075829 0.7322274881516587 0.04454976303317536 0.04739336492890995
3 0.533175355450237 0.7691943127962085 0.037914691943127965 0.04170616113744076
8 0.4928909952606635 0.9753554502369668 0.08720379146919431 0.04928909952606635
8 0.48625592417061614 0.9312796208530806 0.07393364928909953 0.10710900473933649
9 0.4829383886255924 0.8739336492890996 0.06729857819905213 0.08530805687203792
9 0.4900473933649289 0.8308056872037914 0.08151658767772511 0.0881516587677725
1 0.4962085308056872 0.7900473933649289 0.08436018957345971 0.0909952606635071