8 0.4071090047393365 0.12037914691943127 0.08341232227488152 0.08720379146919431
9 0.36540284360189573 0.16161137440758294 0.055924170616113746 0.05971563981042654
9 0.32701421800947866 0.1872037914691943 0.054976303317535544 0.055924170616113746
2 0.17014218009478674 0.08578199052132701 0.04549763033175355 0.05781990521327014
9 0.1909952606635071 0.12274881516587678 0.061611374407582936 0.058767772511848344
1 0.195260663507109 0.17156398104265402 0.05402843601895735 0.054976303317535544
6 0.3061611374407583 0.21658767772511847 0.046445497630331754 0.05308056872037915
6 0.27677725118483415 0.22085308056872038 0.04454976303317536 0.05023696682464455
6 0.24691943127962085 0.21990521327014217 0.04075829383886256 0.058767772511848344
6 0.218957345971564 0.2018957345971564 0.043601895734597156 0.055924170616113746
8 0.6360189573459716 0.13222748815165877 0.06729857819905213 0.06729857819905213
9 0.6023696682464454 0.16682464454976303 0.05023696682464455 0.05781990521327014
1 0.566350710900474 0.1853080568720379 0.04928909952606635 0.05402843601895735
6 0.5298578199052133 0.1848341232227488 0.03981042654028436 0.04265402843601896
6 0.4976303317535545 0.17440758293838862 0.035071090047393366 0.04170616113744076
6 0.47962085308056873 0.16208530805687205 0.02085308056872038 0.04549763033175355
9 0.23744075829383887 0.9829383886255925 0.07488151658767772 0.034123222748815164
1 0.013270142180094787 0.9218009478672986 0.026540284360189573 0.08436018957345971
6 0.035545023696682464 0.9023696682464455 0.06066350710900474 0.08151658767772511
6 0.08483412322274882 0.8914691943127963 0.06540284360189573 0.08530805687203792
6 0.14075829383886257 0.8976303317535546 0.05971563981042654 0.07393364928909953
6 0.1848341232227488 0.9165876777251185 0.05402843601895735 0.07109004739336493
1 0.21706161137440758 0.95260663507109 0.06445497630331753 0.06255924170616113
8 0.6748815165876777 0.8104265402843602 0.06919431279620854 0.06255924170616113
8 0.656872037914692 0.8587677725118483 0.07393364928909953 0.06729857819905213
8 0.9317535545023696 0.976303317535545 0.06635071090047394 0.04739336492890995
8 0.8928909952606635 0.990521327014218 0.07203791469194312 0.018957345971563982
9 0.6450236966824645 0.9023696682464455 0.07014218009478673 0.055924170616113746
9 0.6341232227488152 0.9412322274881516 0.05971563981042654 0.05118483412322275
1 0.6308056872037915 0.9800947867298578 0.07109004739336493 0.03981042654028436