8 0.4601895734597156 0.34928909952606635 0.03886255924170616 0.09194312796208531
8 0.44976303317535543 0.4161137440758294 0.05971563981042654 0.0947867298578199
9 0.44976303317535543 0.46729857819905213 0.05971563981042654 0.06635071090047394
9 0.42890995260663506 0.5052132701421801 0.06445497630331753 0.06729857819905213
8 0.13981042654028436 0.3867298578199052 0.08246445497630332 0.08625592417061612
9 0.15734597156398103 0.44454976303317534 0.07867298578199051 0.06635071090047394
9 0.176303317535545 0.490521327014218 0.07582938388625593 0.07203791469194312
1 0.40616113744075827 0.5360189573459716 0.05971563981042654 0.06729857819905213
1 0.20616113744075829 0.5265402843601896 0.07393364928909953 0.08151658767772511
6 0.3744075829383886 0.5521327014218009 0.04928909952606635 0.035071090047393366
6 0.3289099526066351 0.5554502369668246 0.06445497630331753 0.02843601895734597
6 0.2772511848341232 0.5630331753554503 0.061611374407582936 0.013270142180094787
6 0.23933649289099526 0.5436018957345972 0.06540284360189573 0.052132701421800945
8 0.12938388625592417 0.3241706161137441 0.07109004739336493 0.06919431279620854
8 0.7454976303317535 0.03033175355450237 0.09004739336492891 0.06066350710900474
9 0.7516587677725118 0.08009478672985781 0.06729857819905213 0.06445497630331753
9 0.7592417061611374 0.13175355450236967 0.06066350710900474 0.06066350710900474
9 0.9919431279620853 0.16255924170616115 0.016113744075829384 0.061611374407582936
9 0.9734597156398104 0.1895734597156398 0.05308056872037915 0.06066350710900474
1 0.7753554502369668 0.17819905213270143 0.06729857819905213 0.06350710900473934
1 0.9374407582938389 0.21753554502369668 0.058767772511848344 0.07014218009478673
0 0.8971563981042654 0.21990521327014217 0.03033175355450237 0.03981042654028436
0 0.8123222748815165 0.195260663507109 0.03033175355450237 0.03601895734597156
8 0.1924170616113744 0.9393364928909953 0.07393364928909953 0.07772511848341232
4 0.25971563981042656 0.9066350710900474 0.035071090047393366 0.03696682464454976
9 0.2876777251184834 0.8976303317535546 0.04549763033175355 0.05971563981042654
9 0.32748815165876777 0.8900473933649289 0.052132701421800945 0.06540284360189573
1 0.3706161137440758 0.8796208530805687 0.052132701421800945 0.058767772511848344
6 0.44644549763033176 0.9042654028436019 0.05971563981042654 0.054976303317535544
6 0.46445497630331756 0.9374407582938389 0.03033175355450237 0.054976303317535544
6 0.41232227488151657 0.8872037914691943 0.04454976303317536 0.04928909952606635
9 0.5293838862559241 0.5976303317535545 0.06350710900473934 0.055924170616113746
1 0.5445497630331754 0.6450236966824645 0.058767772511848344 0.05308056872037915
1 0.6957345971563981 0.6815165876777252 0.05308056872037915 0.06350710900473934
9 0.7573459715639811 0.6085308056872037 0.06445497630331753 0.06540284360189573
9 0.728436018957346 0.6459715639810426 0.05971563981042654 0.06540284360189573
6 0.6578199052132702 0.6966824644549763 0.04834123222748815 0.06255924170616113
6 0.6199052132701421 0.7028436018957346 0.04834123222748815 0.058767772511848344
6 0.5857819905213271 0.6924170616113744 0.046445497630331754 0.05971563981042654
6 0.5606635071090047 0.6796208530805687 0.05023696682464455 0.05971563981042654
3 0.7914691943127962 0.5748815165876777 0.037914691943127965 0.01042654028436019