8 0.418957345971564 0.2725118483412322 0.08530805687203792 0.0881516587677725
8 0.3938388625592417 0.33744075829383885 0.08436018957345971 0.0909952606635071
9 0.37867298578199055 0.3886255924170616 0.058767772511848344 0.06350710900473934
9 0.35402843601895734 0.4246445497630332 0.061611374407582936 0.06445497630331753
8 0.07156398104265403 0.2909952606635071 0.07867298578199051 0.08341232227488152
9 0.08625592417061612 0.34976303317535545 0.07582938388625593 0.06255924170616113
9 0.1023696682464455 0.3966824644549763 0.07298578199052133 0.06919431279620854
1 0.3298578199052133 0.45687203791469194 0.055924170616113746 0.07014218009478673
1 0.13080568720379146 0.43412322274881515 0.07014218009478673 0.07867298578199051
6 0.2962085308056872 0.4834123222748815 0.046445497630331754 0.06255924170616113
6 0.25071090047393363 0.490521327014218 0.061611374407582936 0.06824644549763033
6 0.1990521327014218 0.4962085308056872 0.05971563981042654 0.05308056872037915
6 0.16208530805687205 0.46777251184834123 0.061611374407582936 0.07867298578199051
8 0.06445497630331753 0.22796208530805687 0.06824644549763033 0.06635071090047394
8 0.5639810426540285 0.2663507109004739 0.07677725118483412 0.08909952606635071
8 0.5876777251184834 0.2080568720379147 0.08341232227488152 0.0976303317535545
9 0.609478672985782 0.16018957345971563 0.06255924170616113 0.07393364928909953
9 0.6341232227488152 0.12796208530805686 0.06255924170616113 0.07772511848341232
9 0.8895734597156398 0.2123222748815166 0.06824644549763033 0.05781990521327014
9 0.8796208530805687 0.17203791469194313 0.06919431279620854 0.06540284360189573
8 0.8971563981042654 0.3123222748815166 0.07014218009478673 0.058767772511848344
8 0.8943127962085308 0.25924170616113745 0.07582938388625593 0.06824644549763033
0 0.8407582938388626 0.12890995260663507 0.03981042654028436 0.058767772511848344
0 0.7412322274881517 0.07867298578199051 0.04075829383886256 0.05023696682464455
0 0.6763033175355451 0.0966824644549763 0.04454976303317536 0.05687203791469194
3 0.24360189573459715 0.6507109004739337 0.03886255924170616 0.043601895734597156
3 0.21943127962085307 0.5919431279620853 0.04454976303317536 0.04454976303317536
8 0.6483412322274882 0.9530805687203792 0.07393364928909953 0.06066350710900474
8 0.6540284360189573 0.895260663507109 0.07393364928909953 0.06540284360189573
9 0.6488151658767772 0.8109004739336493 0.06255924170616113 0.05023696682464455
1 0.6402843601895735 0.7677725118483413 0.05118483412322275 0.04928909952606635
6 0.5033175355450237 0.7146919431279621 0.02843601895734597 0.043601895734597156
6 0.5360189573459716 0.7090047393364929 0.05023696682464455 0.05402843601895735
6 0.580568720379147 0.7194312796208531 0.04739336492890995 0.052132701421800945
6 0.6170616113744076 0.7360189573459716 0.04265402843601896 0.04454976303317536