3 0.22985781990521326 0.043601895734597156 0.04739336492890995 0.04739336492890995
3 0.2004739336492891 0.09194312796208531 0.04834123222748815 0.04928909952606635
3 0.16635071090047393 0.12748815165876778 0.03696682464454976 0.037914691943127965
9 0.13933649289099526 0.17061611374407584 0.05687203791469194 0.058767772511848344
1 0.1023696682464455 0.1928909952606635 0.04928909952606635 0.054976303317535544
6 0.06729857819905213 0.2004739336492891 0.04739336492890995 0.05308056872037915
6 0.03838862559241706 0.2018957345971564 0.04454976303317536 0.05023696682464455
6 0.015639810426540283 0.1957345971563981 0.031279620853080566 0.04834123222748815
8 0.8800947867298579 0.11421800947867299 0.0909952606635071 0.0881516587677725
8 0.8398104265402844 0.06729857819905213 0.0985781990521327 0.09289099526066351
9 0.7914691943127962 0.035071090047393366 0.07582938388625593 0.07014218009478673
9 0.7578199052132701 0.02132701421800948 0.07677725118483412 0.04265402843601896
8 0.16824644549763032 0.6199052132701421 0.06350710900473934 0.06445497630331753
8 0.22890995260663508 0.6355450236966824 0.0985781990521327 0.09289099526066351
9 0.29241706161137443 0.6445497630331753 0.05781990521327014 0.05781990521327014
9 0.33270142180094786 0.6554502369668247 0.05308056872037915 0.061611374407582936