5 0.9616113744075829 0.27440758293838863 0.046445497630331754 0.05118483412322275
9 0.9018957345971564 0.2919431279620853 0.07109004739336493 0.07582938388625593
9 0.8469194312796209 0.2985781990521327 0.07109004739336493 0.06255924170616113
1 0.7881516587677725 0.2985781990521327 0.06729857819905213 0.06255924170616113
6 0.7497630331753554 0.2962085308056872 0.06255924170616113 0.06066350710900474
6 0.7156398104265402 0.27488151658767773 0.058767772511848344 0.061611374407582936
9 0.3957345971563981 0.7322274881516587 0.027488151658767772 0.07677725118483412
1 0.36777251184834125 0.7388625592417062 0.06540284360189573 0.07582938388625593
6 0.3293838862559242 0.7573459715639811 0.05971563981042654 0.06540284360189573
6 0.2985781990521327 0.7800947867298578 0.07203791469194312 0.07772511848341232
6 0.2791469194312796 0.8246445497630331 0.07393364928909953 0.07962085308056872
4 0.47440758293838864 0.9691943127962085 0.04928909952606635 0.04928909952606635
3 0.5450236966824644 0.7203791469194313 0.037914691943127965 0.037914691943127965
4 0.6260663507109004 0.7279620853080568 0.04075829383886256 0.04170616113744076
8 0.45924170616113746 0.8772511848341232 0.0995260663507109 0.11658767772511848
9 0.74739336492891 0.7990521327014218 0.08246445497630332 0.07109004739336493
9 0.7246445497630332 0.7592417061611374 0.08151658767772511 0.07014218009478673
1 0.6981042654028436 0.7161137440758294 0.07867298578199051 0.07772511848341232
1 0.5023696682464455 0.7308056872037915 0.07677725118483412 0.08530805687203792
9 0.4838862559241706 0.7720379146919432 0.08341232227488152 0.08530805687203792
9 0.4658767772511848 0.8175355450236966 0.08530805687203792 0.08625592417061612
8 0.7914691943127962 0.9265402843601895 0.1080568720379147 0.1052132701421801
8 0.7663507109004739 0.8578199052132701 0.1061611374407583 0.1014218009478673