8 0.543127962085308 0.26350710900473934 0.07488151658767772 0.07772511848341232
9 0.5213270142180095 0.37772511848341234 0.052132701421800945 0.05118483412322275
9 0.5080568720379147 0.418957345971564 0.04739336492890995 0.05023696682464455
1 0.4781990521327014 0.44028436018957345 0.04454976303317536 0.03886255924170616
6 0.45308056872037916 0.45071090047393364 0.037914691943127965 0.01800947867298578
1 0.3360189573459716 0.45260663507109006 0.04075829383886256 0.014218009478672985
9 0.3061611374407583 0.44218009478672987 0.04739336492890995 0.035071090047393366
9 0.8559241706161137 0.01990521327014218 0.07393364928909953 0.03981042654028436
1 0.833175355450237 0.04597156398104266 0.06919431279620854 0.08720379146919431
6 0.6511848341232227 0.1052132701421801 0.022748815165876776 0.06255924170616113
6 0.6872037914691943 0.11421800947867299 0.07109004739336493 0.06445497630331753
6 0.7502369668246446 0.10900473933649289 0.07393364928909953 0.06255924170616113
6 0.8004739336492891 0.0909952606635071 0.05308056872037915 0.061611374407582936
8 0.19194312796208532 0.9781990521327014 0.06729857819905213 0.043601895734597156
9 0.1900473933649289 0.9440758293838862 0.061611374407582936 0.04834123222748815
9 0.1976303317535545 0.9028436018957346 0.05971563981042654 0.052132701421800945
8 0.471563981042654 0.9445497630331754 0.07582938388625593 0.07582938388625593
8 0.45165876777251185 0.8985781990521327 0.06350710900473934 0.05971563981042654
9 0.43033175355450237 0.8597156398104265 0.061611374407582936 0.05971563981042654
1 0.2075829383886256 0.8573459715639811 0.05023696682464455 0.055924170616113746
6 0.23317535545023696 0.8303317535545024 0.04265402843601896 0.04265402843601896
6 0.27014218009478674 0.8132701421800947 0.055924170616113746 0.052132701421800945
6 0.3194312796208531 0.8066350710900474 0.05023696682464455 0.05402843601895735
6 0.3639810426540284 0.8085308056872038 0.04170616113744076 0.04454976303317536
2 0.409478672985782 0.8180094786729858 0.04739336492890995 0.04454976303317536