8 0.02037914691943128 0.25734597156398104 0.04075829383886256 0.08246445497630332
8 0.06729857819905213 0.26966824644549764 0.08436018957345971 0.08436018957345971
9 0.12227488151658768 0.2786729857819905 0.05118483412322275 0.06066350710900474
9 0.16635071090047393 0.27488151658767773 0.052132701421800945 0.05687203791469194
1 0.2052132701421801 0.2611374407582938 0.054976303317535544 0.05308056872037915
6 0.22748815165876776 0.23222748815165878 0.05402843601895735 0.04549763033175355
6 0.2563981042654028 0.22322274881516588 0.05118483412322275 0.03981042654028436
8 0.8511848341232228 0.2895734597156398 0.09573459715639811 0.0909952606635071
8 0.5488151658767773 0.4838862559241706 0.0947867298578199 0.08436018957345971
9 0.5274881516587677 0.43459715639810426 0.07962085308056872 0.05971563981042654
9 0.5061611374407583 0.3957345971563981 0.07772511848341232 0.05781990521327014
9 0.7170616113744076 0.2028436018957346 0.06824644549763033 0.07203791469194312
1 0.4981042654028436 0.35165876777251187 0.06635071090047394 0.05971563981042654
6 0.4938388625592417 0.29241706161137443 0.06635071090047394 0.06445497630331753
6 0.5090047393364929 0.24786729857819906 0.07677725118483412 0.07772511848341232
6 0.5502369668246445 0.20568720379146918 0.08341232227488152 0.08151658767772511
6 0.604739336492891 0.1895734597156398 0.06350710900473934 0.07772511848341232
1 0.6654028436018957 0.190521327014218 0.06445497630331753 0.07109004739336493
4 0.3184834123222749 0.6526066350710901 0.03981042654028436 0.04075829383886256
4 0.3706161137440758 0.6772511848341233 0.04170616113744076 0.046445497630331754
4 0.26872037914691943 0.9549763033175356 0.03981042654028436 0.04170616113744076
5 0.3402843601895735 0.9440758293838862 0.03981042654028436 0.03981042654028436
2 0.4042654028436019 0.6909952606635071 0.01042654028436019 0.04928909952606635
9 0.390521327014218 0.9360189573459715 0.037914691943127965 0.06350710900473934
8 0.6611374407582938 0.8710900473933649 0.08909952606635071 0.0966824644549763
9 0.9843601895734597 0.8137440758293839 0.031279620853080566 0.055924170616113746
9 0.9786729857819905 0.8677725118483413 0.04265402843601896 0.061611374407582936
9 0.7066350710900474 0.9151658767772511 0.06445497630331753 0.05971563981042654
3 0.7454976303317535 0.9393364928909953 0.04075829383886256 0.043601895734597156
1 0.9687203791469194 0.9132701421800948 0.061611374407582936 0.06350710900473934
6 0.9388625592417061 0.9412322274881516 0.04928909952606635 0.052132701421800945
6 0.9037914691943127 0.9563981042654028 0.04739336492890995 0.06350710900473934
6 0.8696682464454977 0.9729857819905213 0.04454976303317536 0.05402843601895735
6 0.8274881516587678 0.9744075829383886 0.054976303317535544 0.05118483412322275
1 0.7829383886255924 0.9649289099526066 0.06066350710900474 0.07014218009478673