8 0.44407582938388623 0.34407582938388626 0.0881516587677725 0.08720379146919431
9 0.45118483412322274 0.3872037914691943 0.06635071090047394 0.025592417061611375
8 0.7274881516587678 0.04123222748815166 0.07109004739336493 0.07203791469194312
8 0.9729857819905213 0.025118483412322274 0.05402843601895735 0.05023696682464455
9 0.7402843601895734 0.013270142180094787 0.06255924170616113 0.026540284360189573
8 0.012796208530805687 0.6900473933649289 0.025592417061611375 0.07962085308056872
3 0.04549763033175355 0.6677725118483412 0.04454976303317536 0.04454976303317536
3 0.09052132701421801 0.6436018957345971 0.04454976303317536 0.046445497630331754
9 0.14075829383886257 0.6085308056872037 0.06255924170616113 0.07677725118483412
9 0.1872037914691943 0.6056872037914692 0.06350710900473934 0.07393364928909953
1 0.23459715639810427 0.6004739336492891 0.06919431279620854 0.07014218009478673
6 0.2829383886255924 0.6033175355450237 0.07677725118483412 0.06255924170616113
6 0.31563981042654027 0.623696682464455 0.09289099526066351 0.07298578199052133
8 0.7483412322274882 0.8933649289099526 0.07109004739336493 0.07203791469194312
8 0.9834123222748815 0.8649289099526066 0.03317535545023697 0.07488151658767772
9 0.7611374407582938 0.8497630331753554 0.06255924170616113 0.05781990521327014
9 0.7748815165876777 0.8180094786729858 0.05687203791469194 0.054976303317535544
9 0.9725118483412323 0.8236966824644549 0.054976303317535544 0.054976303317535544
9 0.9578199052132701 0.8 0.052132701421800945 0.05023696682464455
1 0.7914691943127962 0.7848341232227488 0.055924170616113746 0.052132701421800945
1 0.9393364928909953 0.771563981042654 0.046445497630331754 0.04454976303317536
6 0.8066350710900474 0.761611374407583 0.03981042654028436 0.03886255924170616
6 0.8819905213270142 0.7554502369668247 0.04739336492890995 0.05023696682464455
6 0.9137440758293839 0.7592417061611374 0.04265402843601896 0.04265402843601896
6 0.8417061611374408 0.7582938388625592 0.046445497630331754 0.05118483412322275