8 0.2834123222748815 0.12274881516587678 0.08151658767772511 0.08151658767772511
9 0.5853080568720379 0.2957345971563981 0.04834123222748815 0.07582938388625593
9 0.5687203791469194 0.3303317535545024 0.07014218009478673 0.06919431279620854
3 0.5303317535545023 0.35924170616113743 0.03317535545023697 0.03317535545023697
8 0.2957345971563981 0.26255924170616113 0.07867298578199051 0.08151658767772511
9 0.3052132701421801 0.3194312796208531 0.058767772511848344 0.05687203791469194
9 0.3222748815165877 0.35971563981042654 0.05402843601895735 0.055924170616113746
1 0.5118483412322274 0.4004739336492891 0.061611374407582936 0.07203791469194312
1 0.34928909952606635 0.390521327014218 0.05971563981042654 0.06729857819905213
6 0.4781990521327014 0.4127962085308057 0.043601895734597156 0.06729857819905213
6 0.44360189573459713 0.4218009478672986 0.03886255924170616 0.055924170616113746
6 0.409478672985782 0.418957345971564 0.03696682464454976 0.058767772511848344
6 0.3805687203791469 0.4085308056872038 0.05023696682464455 0.06540284360189573
8 0.28672985781990523 0.1924170616113744 0.07298578199052133 0.07488151658767772
3 0.9308056872037914 0.42369668246445497 0.03886255924170616 0.037914691943127965
3 0.9578199052132701 0.3815165876777251 0.034123222748815164 0.035071090047393366
8 0.23886255924170616 0.8412322274881516 0.0985781990521327 0.08909952606635071
9 0.19478672985781992 0.8800947867298579 0.05687203791469194 0.06255924170616113
6 0.08909952606635071 0.9113744075829384 0.05687203791469194 0.05023696682464455
6 0.06113744075829384 0.9028436018957346 0.05402843601895735 0.054976303317535544
6 0.03459715639810427 0.9009478672985782 0.04454976303317536 0.04549763033175355
6 0.01848341232227488 0.8753554502369668 0.03696682464454976 0.04075829383886256
1 0.00900473933649289 0.862085308056872 0.01800947867298578 0.05781990521327014
4 0.9753554502369668 0.7819905213270142 0.04454976303317536 0.043601895734597156
8 0.9241706161137441 0.7587677725118483 0.07772511848341232 0.08720379146919431
9 0.8682464454976303 0.7545023696682465 0.05687203791469194 0.06824644549763033
9 0.8218009478672986 0.7587677725118483 0.05971563981042654 0.06824644549763033
1 0.7668246445497631 0.7582938388625592 0.06350710900473934 0.061611374407582936
6 0.7213270142180095 0.7777251184834123 0.05023696682464455 0.05118483412322275
6 0.6914691943127962 0.8023696682464455 0.07203791469194312 0.06635071090047394