8 0.304739336492891 0.09431279620853081 0.09194312796208531 0.09194312796208531
9 0.33744075829383885 0.14170616113744075 0.06350710900473934 0.06255924170616113
9 0.36066350710900474 0.1843601895734597 0.058767772511848344 0.058767772511848344
1 0.3791469194312796 0.21658767772511847 0.05687203791469194 0.05971563981042654
6 0.4312796208530806 0.22938388625592418 0.017061611374407582 0.058767772511848344
6 0.4156398104265403 0.22037914691943128 0.04834123222748815 0.05402843601895735
4 0.580568720379147 0.1848341232227488 0.04549763033175355 0.04549763033175355
3 0.6374407582938388 0.2127962085308057 0.04549763033175355 0.04454976303317536
9 0.8706161137440759 0.06966824644549763 0.06824644549763033 0.061611374407582936
9 0.8815165876777251 0.11137440758293839 0.06255924170616113 0.05781990521327014
1 0.8838862559241706 0.14691943127962084 0.061611374407582936 0.058767772511848344
6 0.8838862559241706 0.18246445497630331 0.04454976303317536 0.04549763033175355
6 0.8488151658767773 0.20853080568720378 0.06445497630331753 0.07488151658767772
6 0.8255924170616113 0.23838862559241705 0.058767772511848344 0.058767772511848344
6 0.7966824644549763 0.24881516587677724 0.05023696682464455 0.061611374407582936
1 0.7568720379146919 0.25450236966824646 0.058767772511848344 0.06445497630331753
2 0.7156398104265402 0.24170616113744076 0.03981042654028436 0.04549763033175355
1 0.24454976303317535 0.6819905213270142 0.07677725118483412 0.07109004739336493
1 0.28720379146919434 0.8886255924170616 0.07582938388625593 0.07298578199052133
6 0.25402843601895736 0.8635071090047394 0.06729857819905213 0.05781990521327014
6 0.23127962085308057 0.8227488151658767 0.06824644549763033 0.06445497630331753
6 0.22180094786729856 0.7696682464454976 0.07962085308056872 0.07203791469194312
6 0.22654028436018958 0.7218009478672985 0.07677725118483412 0.05971563981042654
3 0.9672985781990522 0.8265402843601896 0.043601895734597156 0.04454976303317536
3 0.8710900473933649 0.8293838862559242 0.04170616113744076 0.04265402843601896
1 0.8274881516587678 0.8407582938388626 0.07203791469194312 0.07203791469194312
9 0.79478672985782 0.8033175355450237 0.08151658767772511 0.07488151658767772
9 0.7706161137440758 0.7530805687203791 0.0938388625592417 0.08436018957345971