8 0.07819905213270142 0.11943127962085308 0.0881516587677725 0.08720379146919431
9 0.08530805687203792 0.1815165876777251 0.06635071090047394 0.06255924170616113
9 0.11469194312796209 0.22037914691943128 0.05971563981042654 0.058767772511848344
1 0.0981042654028436 0.25829383886255924 0.052132701421800945 0.05308056872037915
6 0.005213270142180095 0.3289099526066351 0.01042654028436019 0.04928909952606635
6 0.02132701421800948 0.3298578199052133 0.04265402843601896 0.054976303317535544
6 0.04976303317535545 0.3118483412322275 0.04454976303317536 0.05023696682464455
6 0.07914691943127962 0.2900473933649289 0.04834123222748815 0.04928909952606635
8 0.5075829383886256 0.35450236966824644 0.08625592417061612 0.08909952606635071
8 0.771563981042654 0.3170616113744076 0.07677725118483412 0.06824644549763033
9 0.7601895734597156 0.3635071090047393 0.055924170616113746 0.055924170616113746
9 0.7535545023696683 0.4099526066350711 0.05687203791469194 0.05402843601895735
1 0.7364928909952607 0.42890995260663506 0.05118483412322275 0.021800947867298578
9 0.5611374407582939 0.4265402843601896 0.058767772511848344 0.026540284360189573
9 0.5417061611374407 0.4 0.061611374407582936 0.05971563981042654
8 0.16255924170616115 0.5853080568720379 0.07772511848341232 0.08436018957345971
8 0.1881516587677725 0.6483412322274882 0.09004739336492891 0.08909952606635071
9 0.20853080568720378 0.6981042654028436 0.06919431279620854 0.058767772511848344
9 0.23364928909952606 0.7274881516587678 0.07582938388625593 0.07488151658767772
1 0.2611374407582938 0.7658767772511849 0.07014218009478673 0.08341232227488152
6 0.295260663507109 0.8014218009478673 0.054976303317535544 0.06729857819905213
6 0.33886255924170616 0.8085308056872038 0.06350710900473934 0.07488151658767772
6 0.3900473933649289 0.8033175355450237 0.06540284360189573 0.07298578199052133
6 0.4312796208530806 0.7872037914691943 0.052132701421800945 0.06350710900473934
1 0.44170616113744077 0.7492890995260664 0.03601895734597156 0.07488151658767772
4 0.8104265402843602 0.7540284360189573 0.04170616113744076 0.04075829383886256
3 0.85260663507109 0.7184834123222749 0.03981042654028436 0.03601895734597156
9 0.8943127962085308 0.6691943127962086 0.06824644549763033 0.0966824644549763
9 0.933649289099526 0.6454976303317536 0.05971563981042654 0.07772511848341232
1 0.9687203791469194 0.6417061611374407 0.06255924170616113 0.08720379146919431
6 0.9900473933649289 0.6398104265402843 0.01990521327014218 0.05308056872037915