8 0.33791469194312795 0.42322274881516586 0.07488151658767772 0.052132701421800945
3 0.3928909952606635 0.4251184834123223 0.04075829383886256 0.04170616113744076
9 0.44123222748815166 0.3995260663507109 0.05781990521327014 0.07014218009478673
9 0.4829383886255924 0.3886255924170616 0.05402843601895735 0.07014218009478673
8 0.5369668246445498 0.4132701421800948 0.05402843601895735 0.07203791469194312
9 0.7696682464454976 0.43459715639810426 0.05687203791469194 0.029383886255924172
9 0.7635071090047393 0.4085308056872038 0.05402843601895735 0.04170616113744076
9 0.5592417061611374 0.3815165876777251 0.05687203791469194 0.06255924170616113
9 0.5843601895734597 0.35497630331753555 0.05308056872037915 0.05971563981042654
1 0.6118483412322275 0.33080568720379144 0.054976303317535544 0.055924170616113746
1 0.7578199052132701 0.3758293838862559 0.04739336492890995 0.04454976303317536
6 0.6398104265402843 0.31469194312796206 0.037914691943127965 0.04075829383886256
6 0.6725118483412322 0.32085308056872036 0.052132701421800945 0.05402843601895735
6 0.7085308056872038 0.3341232227488152 0.05308056872037915 0.05687203791469194
6 0.7374407582938388 0.35165876777251187 0.04454976303317536 0.04454976303317536
9 0.16208530805687205 0.8753554502369668 0.06255924170616113 0.061611374407582936
9 0.1881516587677725 0.9132701421800948 0.058767772511848344 0.05687203791469194
9 0.4 0.8440758293838863 0.058767772511848344 0.06255924170616113
8 0.5222748815165876 0.8796208530805687 0.024644549763033177 0.08720379146919431
8 0.8009478672985783 0.918957345971564 0.05781990521327014 0.061611374407582936
8 0.785781990521327 0.8663507109004739 0.06635071090047394 0.07014218009478673
9 0.7672985781990521 0.8184834123222748 0.05971563981042654 0.054976303317535544
9 0.7450236966824645 0.7848341232227488 0.06255924170616113 0.061611374407582936
9 0.523696682464455 0.8293838862559242 0.027488151658767772 0.058767772511848344
9 0.5308056872037915 0.7933649289099526 0.04170616113744076 0.05687203791469194
1 0.5279620853080569 0.7516587677725118 0.03601895734597156 0.04549763033175355
1 0.7232227488151659 0.7469194312796209 0.05971563981042654 0.05971563981042654
6 0.6933649289099526 0.7208530805687203 0.04075829383886256 0.03981042654028436
6 0.6521327014218009 0.7118483412322275 0.055924170616113746 0.03981042654028436
6 0.6004739336492891 0.714218009478673 0.055924170616113746 0.03886255924170616
6 0.556872037914692 0.7255924170616114 0.04454976303317536 0.03317535545023697