2 0.06777251184834124 0.323696682464455 0.061611374407582936 0.06066350710900474
8 0.33222748815165876 0.518957345971564 0.06729857819905213 0.06445497630331753
8 0.3464454976303318 0.46161137440758293 0.06824644549763033 0.06729857819905213
9 0.3582938388625592 0.4023696682464455 0.06255924170616113 0.061611374407582936
9 0.37109004739336493 0.35545023696682465 0.05023696682464455 0.046445497630331754
3 0.12417061611374408 0.2938388625592417 0.037914691943127965 0.037914691943127965
9 0.17109004739336492 0.262085308056872 0.04739336492890995 0.05402843601895735
9 0.2071090047393365 0.24454976303317535 0.04739336492890995 0.052132701421800945
1 0.25213270142180094 0.24170616113744076 0.04454976303317536 0.05687203791469194
1 0.36682464454976305 0.3194312796208531 0.054976303317535544 0.05023696682464455
6 0.2862559241706161 0.24265402843601896 0.04265402843601896 0.05308056872037915
6 0.3194312796208531 0.24881516587677724 0.03886255924170616 0.043601895734597156
6 0.3412322274881517 0.26255924170616113 0.031279620853080566 0.05023696682464455
6 0.3639810426540284 0.2829383886255924 0.043601895734597156 0.04834123222748815
4 0.6886255924170616 0.3075829383886256 0.03696682464454976 0.037914691943127965
4 0.6843601895734597 0.36161137440758295 0.03886255924170616 0.03696682464454976
4 0.9649289099526066 0.3464454976303318 0.03696682464454976 0.037914691943127965
3 0.9454976303317536 0.3990521327014218 0.035071090047393366 0.03696682464454976
9 0.9379146919431279 0.45213270142180095 0.06255924170616113 0.05971563981042654
9 0.9203791469194312 0.4909952606635071 0.05971563981042654 0.052132701421800945
9 0.685781990521327 0.41137440758293836 0.06540284360189573 0.05687203791469194
9 0.6985781990521327 0.44597156398104265 0.06824644549763033 0.055924170616113746
1 0.7085308056872038 0.4872037914691943 0.05402843601895735 0.06066350710900474
1 0.8966824644549763 0.5184834123222749 0.05402843601895735 0.055924170616113746
6 0.8625592417061612 0.5341232227488152 0.04549763033175355 0.05023696682464455
6 0.8208530805687204 0.533649289099526 0.05118483412322275 0.05781990521327014
6 0.7739336492890996 0.5322274881516588 0.05402843601895735 0.052132701421800945
6 0.7327014218009479 0.5165876777251185 0.046445497630331754 0.04834123222748815
8 0.12654028436018958 0.7853080568720379 0.06824644549763033 0.06540284360189573
8 0.3990521327014218 0.8350710900473933 0.06066350710900474 0.05687203791469194
9 0.3962085308056872 0.7862559241706161 0.054976303317535544 0.04834123222748815
9 0.3872037914691943 0.7445497630331753 0.06066350710900474 0.054976303317535544
9 0.14075829383886257 0.7459715639810427 0.06255924170616113 0.05687203791469194
9 0.16540284360189572 0.7113744075829384 0.06255924170616113 0.05687203791469194
1 0.195260663507109 0.6772511848341233 0.052132701421800945 0.05781990521327014
1 0.3748815165876777 0.6985781990521327 0.05308056872037915 0.058767772511848344
6 0.35639810426540286 0.6658767772511849 0.05118483412322275 0.052132701421800945
6 0.3251184834123223 0.6554502369668247 0.058767772511848344 0.031279620853080566
6 0.27014218009478674 0.6540284360189573 0.058767772511848344 0.02843601895734597
6 0.22748815165876776 0.6597156398104266 0.04928909952606635 0.03981042654028436
8 0.6180094786729858 0.9606635071090047 0.08151658767772511 0.07867298578199051
8 0.637914691943128 0.8933649289099526 0.08436018957345971 0.08530805687203792
8 0.6459715639810426 0.8165876777251185 0.08056872037914692 0.08530805687203792
8 0.9417061611374408 0.8890995260663507 0.08436018957345971 0.08436018957345971
8 0.923696682464455 0.8137440758293839 0.07962085308056872 0.08625592417061612
9 0.9075829383886256 0.7540284360189573 0.05781990521327014 0.05971563981042654
9 0.8924170616113745 0.7104265402843601 0.05118483412322275 0.054976303317535544
9 0.6611374407582938 0.7540284360189573 0.05687203791469194 0.055924170616113746
9 0.6829383886255924 0.714218009478673 0.05023696682464455 0.05308056872037915
1 0.8644549763033176 0.6834123222748815 0.05402843601895735 0.05687203791469194
1 0.7161137440758294 0.6843601895734597 0.04928909952606635 0.06445497630331753
6 0.7502369668246446 0.6691943127962086 0.04075829383886256 0.058767772511848344
6 0.8393364928909952 0.6630331753554503 0.03696682464454976 0.04170616113744076
6 0.7753554502369668 0.6663507109004739 0.04170616113744076 0.05308056872037915
6 0.8085308056872038 0.6644549763033175 0.034123222748815164 0.04928909952606635