4 0.0924170616113744 0.00900473933649289 0.03886255924170616 0.01800947867298578
3 0.14597156398104266 0.03317535545023697 0.04075829383886256 0.03696682464454976
2 0.2213270142180095 0.06682464454976303 0.03222748815165877 0.03981042654028436
6 0.3004739336492891 0.08341232227488152 0.04265402843601896 0.05402843601895735
6 0.3289099526066351 0.07582938388625593 0.052132701421800945 0.04928909952606635
6 0.35308056872037913 0.04597156398104266 0.05971563981042654 0.06635071090047394
6 0.37772511848341234 0.02227488151658768 0.06729857819905213 0.04454976303317536
1 0.395260663507109 0.005687203791469194 0.05308056872037915 0.011374407582938388
1 0.26018957345971566 0.08578199052132701 0.05118483412322275 0.055924170616113746
4 0.6706161137440758 0.12274881516587678 0.03696682464454976 0.03981042654028436
4 0.6924170616113744 0.07582938388625593 0.037914691943127965 0.035071090047393366
9 0.7023696682464455 0.021800947867298578 0.054976303317535544 0.043601895734597156
9 0.9620853080568721 0.025592417061611375 0.06066350710900474 0.05118483412322275
8 0.9772511848341232 0.08199052132701422 0.04549763033175355 0.07677725118483412
8 0.9862559241706161 0.16018957345971563 0.027488151658767772 0.0947867298578199
3 0.2843601895734597 0.8251184834123223 0.04549763033175355 0.046445497630331754
3 0.33696682464454975 0.7815165876777251 0.04549763033175355 0.046445497630331754
3 0.42322274881516586 0.7345971563981043 0.03317535545023697 0.03981042654028436
9 0.7279620853080568 0.8502369668246446 0.04928909952606635 0.04549763033175355
9 0.738388625592417 0.8895734597156398 0.04834123222748815 0.043601895734597156
1 0.7417061611374408 0.9308056872037914 0.05402843601895735 0.04454976303317536
6 0.728436018957346 0.9862559241706161 0.052132701421800945 0.027488151658767772
6 0.7355450236966825 0.9706161137440759 0.043601895734597156 0.04075829383886256