9 0.023696682464454975 0.034123222748815164 0.04739336492890995 0.06824644549763033
1 0.029383886255924172 0.06872037914691943 0.058767772511848344 0.06919431279620854
6 0.12274881516587678 0.0971563981042654 0.07109004739336493 0.06445497630331753
6 0.17772511848341233 0.09194312796208531 0.06255924170616113 0.06635071090047394
1 0.2109004739336493 0.06872037914691943 0.06729857819905213 0.06729857819905213
9 0.23791469194312795 0.03033175355450237 0.07014218009478673 0.06066350710900474
9 0.26018957345971566 0.012796208530805687 0.07298578199052133 0.025592417061611375
9 0.9829383886255925 0.36729857819905215 0.034123222748815164 0.06540284360189573
1 0.7606635071090048 0.42985781990521327 0.08056872037914692 0.03886255924170616
6 0.7781990521327015 0.4056872037914692 0.07109004739336493 0.07582938388625593
6 0.8085308056872038 0.376303317535545 0.08625592417061612 0.0966824644549763
6 0.8573459715639811 0.35734597156398107 0.1014218009478673 0.11279620853080569
6 0.9090047393364928 0.34502369668246446 0.06350710900473934 0.08530805687203792
1 0.9473933649289099 0.35687203791469196 0.06255924170616113 0.0938388625592417
8 0.24691943127962085 0.8421800947867298 0.07677725118483412 0.09289099526066351
9 0.3009478672985782 0.8388625592417062 0.05023696682464455 0.06729857819905213
9 0.3402843601895735 0.8369668246445497 0.05308056872037915 0.06729857819905213
1 0.3867298578199052 0.8393364928909952 0.05308056872037915 0.05971563981042654
6 0.42890995260663506 0.8507109004739336 0.05402843601895735 0.06255924170616113
6 0.4611374407582938 0.8805687203791469 0.07109004739336493 0.07582938388625593
9 0.6834123222748815 0.6815165876777252 0.05023696682464455 0.05118483412322275
9 0.7218009478672985 0.7014218009478673 0.04834123222748815 0.05023696682464455
9 0.8981042654028436 0.5412322274881517 0.05308056872037915 0.05023696682464455
9 0.9004739336492891 0.5819905213270142 0.052132701421800945 0.04739336492890995
1 0.8947867298578199 0.6232227488151659 0.05781990521327014 0.05023696682464455
1 0.7644549763033175 0.7118483412322275 0.058767772511848344 0.07203791469194312
6 0.8066350710900474 0.7184834123222749 0.05118483412322275 0.05402843601895735
6 0.8417061611374408 0.704265402843602 0.05118483412322275 0.05308056872037915
6 0.8682464454976303 0.6872037914691943 0.05687203791469194 0.05687203791469194
6 0.8805687203791469 0.6606635071090048 0.04739336492890995 0.04454976303317536