3 0.07298578199052133 0.3962085308056872 0.03981042654028436 0.007582938388625593
2 0.11800947867298578 0.3853080568720379 0.04265402843601896 0.029383886255924172
6 0.1985781990521327 0.3739336492890995 0.04739336492890995 0.05023696682464455
6 0.24265402843601896 0.37819905213270144 0.06824644549763033 0.043601895734597156
6 0.28199052132701424 0.3938388625592417 0.061611374407582936 0.012322274881516588
2 0.15402843601895735 0.37298578199052135 0.03886255924170616 0.04075829383886256
8 0.9909952606635071 0.3289099526066351 0.01800947867298578 0.07203791469194312
8 0.9497630331753555 0.32559241706161135 0.07488151658767772 0.07677725118483412
9 0.8914691943127963 0.32132701421800947 0.05402843601895735 0.061611374407582936
9 0.8454976303317535 0.3232227488151659 0.05402843601895735 0.054976303317535544
1 0.8080568720379147 0.3355450236966825 0.04549763033175355 0.043601895734597156
6 0.785781990521327 0.3587677725118483 0.04549763033175355 0.04170616113744076
6 0.771090047393365 0.3819905213270142 0.04265402843601896 0.03601895734597156
0 0.14312796208530806 0.8767772511848341 0.046445497630331754 0.04549763033175355
0 0.16729857819905214 0.837914691943128 0.04265402843601896 0.04170616113744076
8 0.4270142180094787 0.9734597156398104 0.06729857819905213 0.05308056872037915
8 0.4317535545023697 0.9222748815165877 0.07488151658767772 0.07014218009478673
9 0.43886255924170614 0.8687203791469195 0.06066350710900474 0.04834123222748815
1 0.43412322274881515 0.7786729857819905 0.05687203791469194 0.058767772511848344
1 0.24170616113744076 0.7213270142180095 0.05402843601895735 0.06350710900473934
9 0.2132701421800948 0.7573459715639811 0.06729857819905213 0.06255924170616113
6 0.2796208530805687 0.7023696682464455 0.054976303317535544 0.06066350710900474
6 0.3303317535545024 0.7 0.06255924170616113 0.06824644549763033
6 0.38388625592417064 0.7090047393364929 0.054976303317535544 0.05781990521327014
6 0.4109004739336493 0.7417061611374408 0.06445497630331753 0.06350710900473934
3 0.19146919431279621 0.7990521327014218 0.02843601895734597 0.02843601895734597
9 0.4374407582938389 0.8227488151658767 0.06350710900473934 0.05687203791469194
8 0.7023696682464455 0.8786729857819905 0.0938388625592417 0.08436018957345971
9 0.6872037914691943 0.8317535545023697 0.06919431279620854 0.058767772511848344
9 0.6654028436018957 0.7933649289099526 0.07203791469194312 0.06729857819905213
1 0.4772511848341232 0.7630331753554502 0.016113744075829384 0.06635071090047394
1 0.6360189573459716 0.7507109004739336 0.05402843601895735 0.06540284360189573
6 0.5563981042654028 0.7184834123222749 0.05402843601895735 0.06350710900473934
6 0.6 0.7232227488151659 0.05023696682464455 0.055924170616113746