8 0.14075829383886257 0.3085308056872038 0.08625592417061612 0.09573459715639811
8 0.2037914691943128 0.3090047393364929 0.08246445497630332 0.09194312796208531
9 0.29289099526066353 0.3023696682464455 0.061611374407582936 0.07109004739336493
1 0.33791469194312795 0.2947867298578199 0.06255924170616113 0.06729857819905213
6 0.37203791469194314 0.27535545023696684 0.055924170616113746 0.06350710900473934
6 0.3815165876777251 0.24834123222748816 0.03696682464454976 0.07393364928909953
9 0.25308056872037915 0.30947867298578197 0.05781990521327014 0.07203791469194312
4 0.995260663507109 0.35118483412322277 0.009478672985781991 0.05023696682464455
3 0.9834123222748815 0.4075829383886256 0.03317535545023697 0.054976303317535544
4 0.9753554502369668 0.46824644549763034 0.04454976303317536 0.046445497630331754
3 0.6971563981042654 0.4018957345971564 0.04549763033175355 0.04549763033175355
6 0.8654028436018958 0.5753554502369668 0.07014218009478673 0.06824644549763033
6 0.8127962085308057 0.5843601895734597 0.07677725118483412 0.05023696682464455
6 0.7568720379146919 0.5758293838862559 0.08436018957345971 0.06729857819905213
6 0.7317535545023697 0.557345971563981 0.07393364928909953 0.07962085308056872
1 0.7009478672985782 0.5213270142180095 0.08625592417061612 0.08056872037914692
9 0.6909952606635071 0.4658767772511848 0.08625592417061612 0.08151658767772511
9 0.9497630331753555 0.5218009478672986 0.08625592417061612 0.08625592417061612
9 0.02037914691943128 0.8 0.04075829383886256 0.07582938388625593
1 0.04597156398104266 0.8009478672985783 0.058767772511848344 0.05971563981042654
6 0.054502369668246446 0.7601895734597156 0.06824644549763033 0.05402843601895735
1 0.8990521327014218 0.6270142180094787 0.052132701421800945 0.035071090047393366
8 0.5545023696682464 0.6630331753554503 0.08341232227488152 0.07772511848341232
8 0.6199052132701421 0.6900473933649289 0.08909952606635071 0.08909952606635071
8 0.6800947867298578 0.7199052132701422 0.08246445497630332 0.08151658767772511
9 0.7369668246445498 0.7274881516587678 0.05781990521327014 0.05687203791469194
9 0.7786729857819905 0.7402843601895734 0.05402843601895735 0.05781990521327014
1 0.8241706161137441 0.7298578199052133 0.05781990521327014 0.06540284360189573
6 0.8549763033175355 0.7232227488151659 0.054976303317535544 0.06635071090047394
6 0.8848341232227488 0.7033175355450237 0.05781990521327014 0.058767772511848344
6 0.9042654028436019 0.6753554502369669 0.061611374407582936 0.06066350710900474
6 0.9109004739336493 0.6488151658767772 0.05971563981042654 0.054976303317535544