6 0.06966824644549763 0.37867298578199055 0.06066350710900474 0.06540284360189573
3 0.12890995260663507 0.3753554502369668 0.04549763033175355 0.05687203791469194
6 0.17109004739336492 0.3796208530805687 0.061611374407582936 0.07488151658767772
6 0.03033175355450237 0.3796208530805687 0.05781990521327014 0.06066350710900474
1 0.013270142180094787 0.3919431279620853 0.026540284360189573 0.06350710900473934
9 0.011848341232227487 0.4184834123222749 0.023696682464454975 0.06540284360189573
9 0.21658767772511847 0.4255924170616114 0.06540284360189573 0.06066350710900474
1 0.2023696682464455 0.4018957345971564 0.061611374407582936 0.06540284360189573
5 0.7132701421800948 0.38388625592417064 0.04549763033175355 0.04549763033175355
3 0.7303317535545024 0.32748815165876777 0.037914691943127965 0.03696682464454976
5 0.7459715639810427 0.2881516587677725 0.03981042654028436 0.037914691943127965
8 0.9748815165876777 0.35687203791469196 0.05023696682464455 0.1052132701421801
9 0.9720379146919431 0.2957345971563981 0.055924170616113746 0.06066350710900474
9 0.9592417061611375 0.25924170616113745 0.07014218009478673 0.06824644549763033
1 0.7663507109004739 0.24028436018957347 0.07393364928909953 0.08436018957345971
6 0.7990521327014218 0.2104265402843602 0.05687203791469194 0.07203791469194312
6 0.8341232227488151 0.1943127962085308 0.054976303317535544 0.06350710900473934
6 0.8706161137440759 0.19194312796208532 0.05023696682464455 0.06066350710900474
6 0.9 0.1962085308056872 0.06066350710900474 0.058767772511848344
6 0.9308056872037914 0.2213270142180095 0.07488151658767772 0.07772511848341232
8 0.3876777251184834 0.7654028436018957 0.08909952606635071 0.07772511848341232
8 0.36587677725118484 0.7085308056872038 0.0881516587677725 0.07962085308056872
9 0.35545023696682465 0.6630331753554503 0.07014218009478673 0.046445497630331754
8 0.9654028436018958 0.6559241706161137 0.06919431279620854 0.03222748815165877
8 0.9729857819905213 0.6928909952606636 0.05402843601895735 0.0909952606635071
9 0.9829383886255925 0.7497630331753554 0.034123222748815164 0.06824644549763033
9 0.9867298578199052 0.7933649289099526 0.026540284360189573 0.06066350710900474
8 0.6521327014218009 0.7995260663507109 0.09573459715639811 0.0938388625592417
8 0.6928909952606636 0.843127962085308 0.1080568720379147 0.11090047393364928
9 0.7341232227488151 0.890521327014218 0.08909952606635071 0.08341232227488152
9 0.776303317535545 0.9213270142180094 0.08530805687203792 0.08530805687203792
1 0.8227488151658767 0.9464454976303317 0.07298578199052133 0.07962085308056872
1 0.9919431279620853 0.8398104265402844 0.016113744075829384 0.06824644549763033
6 0.8677725118483413 0.9473933649289099 0.06255924170616113 0.07962085308056872
6 0.9232227488151659 0.9440758293838862 0.07772511848341232 0.06824644549763033
6 0.9691943127962085 0.9156398104265403 0.061611374407582936 0.06635071090047394
6 0.9876777251184834 0.8810426540284361 0.024644549763033177 0.05971563981042654