8 0.2023696682464455 0.45545023696682463 0.07867298578199051 0.08056872037914692
3 0.27488151658767773 0.4772511848341232 0.03696682464454976 0.03696682464454976
9 0.32654028436018956 0.48009478672985784 0.055924170616113746 0.03886255924170616
9 0.3687203791469194 0.4881516587677725 0.05118483412322275 0.022748815165876776
1 0.4104265402843602 0.4886255924170616 0.037914691943127965 0.021800947867298578
8 0.5819905213270142 0.46729857819905213 0.07772511848341232 0.06445497630331753
8 0.8739336492890996 0.3630331753554502 0.07582938388625593 0.07867298578199051
8 0.8327014218009479 0.323696682464455 0.07582938388625593 0.08341232227488152
9 0.7976303317535545 0.2890995260663507 0.058767772511848344 0.06445497630331753
9 0.7592417061611374 0.26587677725118486 0.058767772511848344 0.06445497630331753
9 0.5819905213270142 0.4151658767772512 0.06255924170616113 0.05023696682464455
9 0.5758293838862559 0.37251184834123224 0.06635071090047394 0.05023696682464455
1 0.5682464454976304 0.3251184834123223 0.058767772511848344 0.05308056872037915
1 0.723696682464455 0.22843601895734597 0.05308056872037915 0.055924170616113746
6 0.680568720379147 0.22654028436018958 0.04549763033175355 0.05781990521327014
6 0.6341232227488152 0.22701421800947869 0.05687203791469194 0.06350710900473934
6 0.5829383886255924 0.2829383886255924 0.05023696682464455 0.05781990521327014
3 0.6132701421800948 0.26066350710900477 0.034123222748815164 0.04075829383886256
3 0.16919431279620853 0.9938388625592417 0.03886255924170616 0.012322274881516588
4 0.5701421800947867 0.8862559241706162 0.03601895734597156 0.037914691943127965
4 0.4549763033175355 0.8900473933649289 0.034123222748815164 0.034123222748815164
1 0.6260663507109004 0.8971563981042654 0.06919431279620854 0.058767772511848344
9 0.6592417061611374 0.9374407582938389 0.07109004739336493 0.058767772511848344
9 0.6720379146919432 0.9748815165876777 0.07203791469194312 0.05023696682464455