8 0.031279620853080566 0.3227488151658768 0.06255924170616113 0.07867298578199051
8 0.2957345971563981 0.5317535545023697 0.07962085308056872 0.054976303317535544
8 0.06966824644549763 0.2824644549763033 0.07582938388625593 0.08530805687203792
8 0.318957345971564 0.4815165876777251 0.07867298578199051 0.07298578199052133
9 0.32654028436018956 0.42843601895734595 0.06066350710900474 0.04739336492890995
9 0.33696682464454975 0.3876777251184834 0.06350710900473934 0.05308056872037915
9 0.11184834123222749 0.2554502369668246 0.04549763033175355 0.06350710900473934
9 0.14928909952606634 0.24218009478672986 0.052132701421800945 0.06540284360189573
1 0.18862559241706162 0.22322274881516588 0.054976303317535544 0.058767772511848344
1 0.34218009478672984 0.33933649289099527 0.058767772511848344 0.05402843601895735
6 0.23886255924170616 0.21800947867298578 0.05118483412322275 0.05023696682464455
6 0.2796208530805687 0.23412322274881517 0.06350710900473934 0.054976303317535544
6 0.3165876777251185 0.25118483412322273 0.05781990521327014 0.06919431279620854
6 0.33364928909952607 0.2962085308056872 0.046445497630331754 0.05118483412322275
8 0.9691943127962085 0.3080568720379147 0.061611374407582936 0.06066350710900474
8 0.9796208530805687 0.37203791469194314 0.04075829383886256 0.06729857819905213
9 0.9900473933649289 0.42369668246445497 0.01990521327014218 0.04549763033175355
3 0.5118483412322274 0.6279620853080569 0.05781990521327014 0.04265402843601896
3 0.3815165876777251 0.7298578199052133 0.046445497630331754 0.04549763033175355
6 0.5090047393364929 0.6654028436018957 0.08246445497630332 0.054976303317535544
6 0.4976303317535545 0.6971563981042654 0.0938388625592417 0.04834123222748815
6 0.471563981042654 0.723696682464455 0.08909952606635071 0.04739336492890995
6 0.44170616113744077 0.7469194312796209 0.08341232227488152 0.04454976303317536
9 0.5118483412322274 0.5834123222748815 0.07393364928909953 0.04834123222748815
3 0.7218009478672985 0.752132701421801 0.04454976303317536 0.043601895734597156
4 0.6914691943127962 0.7056872037914692 0.03696682464454976 0.03886255924170616
9 0.6829383886255924 0.6511848341232227 0.027488151658767772 0.054976303317535544