8 0.1819905213270142 0.08056872037914692 0.08625592417061612 0.08720379146919431
8 0.3639810426540284 0.35545023696682465 0.03033175355450237 0.07962085308056872
8 0.23554502369668245 0.05165876777251185 0.08625592417061612 0.0938388625592417
9 0.2834123222748815 0.035545023696682464 0.05308056872037915 0.06824644549763033
9 0.3222748815165877 0.03364928909952607 0.06066350710900474 0.06729857819905213
1 0.35639810426540286 0.027488151658767772 0.04549763033175355 0.054976303317535544
8 0.8085308056872038 0.16824644549763032 0.06350710900473934 0.07014218009478673
8 0.7739336492890996 0.13696682464454976 0.06255924170616113 0.07203791469194312
8 0.7260663507109004 0.11516587677725118 0.06635071090047394 0.07109004739336493
9 0.6853080568720379 0.0947867298578199 0.05118483412322275 0.055924170616113746
9 0.6492890995260664 0.07962085308056872 0.05308056872037915 0.05971563981042654
1 0.6071090047393365 0.06635071090047394 0.054976303317535544 0.054976303317535544
6 0.5682464454976304 0.06492890995260664 0.05023696682464455 0.052132701421800945
6 0.533649289099526 0.08578199052132701 0.061611374407582936 0.058767772511848344
8 0.23838862559241705 0.8464454976303317 0.07393364928909953 0.07582938388625593
8 0.21658767772511847 0.9080568720379147 0.07488151658767772 0.08151658767772511
9 0.1976303317535545 0.9578199052132701 0.06540284360189573 0.06066350710900474
9 0.17393364928909952 0.9834123222748815 0.055924170616113746 0.03317535545023697
3 0.6194312796208531 0.7597156398104266 0.05402843601895735 0.05402843601895735
3 0.6886255924170616 0.7492890995260664 0.04739336492890995 0.046445497630331754
9 0.7412322274881517 0.7454976303317535 0.06919431279620854 0.08341232227488152
9 0.790521327014218 0.7554502369668247 0.06635071090047394 0.07203791469194312
1 0.8402843601895734 0.7578199052132701 0.05971563981042654 0.06635071090047394
6 0.8843601895734597 0.7786729857819905 0.06255924170616113 0.06255924170616113
6 0.9303317535545024 0.8099526066350711 0.09194312796208531 0.08246445497630332
6 0.9445497630331754 0.8630331753554502 0.08151658767772511 0.07298578199052133