8 0.3071090047393365 0.14407582938388624 0.08436018957345971 0.0881516587677725
9 0.3402843601895735 0.1900473933649289 0.055924170616113746 0.05687203791469194
9 0.3691943127962085 0.22227488151658767 0.055924170616113746 0.05971563981042654
1 0.3990521327014218 0.24739336492890995 0.04170616113744076 0.05687203791469194
8 0.8165876777251185 0.016587677725118485 0.08436018957345971 0.03317535545023697
9 0.7677725118483413 0.02132701421800948 0.054976303317535544 0.04265402843601896
9 0.7213270142180095 0.035071090047393366 0.05687203791469194 0.05971563981042654
1 0.6758293838862559 0.03033175355450237 0.06066350710900474 0.06066350710900474
6 0.6355450236966824 0.03838862559241706 0.05308056872037915 0.05687203791469194
6 0.6265402843601896 0.01990521327014218 0.05687203791469194 0.03981042654028436
8 0.33127962085308055 0.5516587677725119 0.07867298578199051 0.08341232227488152
9 0.35308056872037913 0.6 0.058767772511848344 0.05971563981042654
9 0.37156398104265403 0.6436018957345971 0.06350710900473934 0.05687203791469194
1 0.4004739336492891 0.6786729857819905 0.03886255924170616 0.06635071090047394
8 0.8691943127962085 0.7483412322274882 0.07867298578199051 0.0947867298578199
8 0.8175355450236966 0.7303317535545024 0.06445497630331753 0.07867298578199051
9 0.7753554502369668 0.7246445497630332 0.05971563981042654 0.07298578199052133
9 0.7317535545023697 0.7218009478672985 0.06255924170616113 0.07772511848341232
1 0.6867298578199053 0.7213270142180095 0.05687203791469194 0.07867298578199051
6 0.6440758293838863 0.7331753554502369 0.06445497630331753 0.07488151658767772
6 0.6071090047393365 0.7559241706161137 0.07393364928909953 0.07488151658767772