8 0.3341232227488152 0.05781990521327014 0.06635071090047394 0.07488151658767772
8 0.2739336492890995 0.07156398104265403 0.07014218009478673 0.07393364928909953
9 0.2184834123222749 0.08293838862559241 0.05023696682464455 0.06445497630331753
9 0.17014218009478674 0.08341232227488152 0.05402843601895735 0.06824644549763033
1 0.12511848341232226 0.08246445497630332 0.055924170616113746 0.058767772511848344
6 0.0976303317535545 0.05639810426540284 0.04549763033175355 0.04170616113744076
6 0.08151658767772511 0.027014218009478674 0.04265402843601896 0.03886255924170616
6 0.06492890995260664 0.013744075829383886 0.04834123222748815 0.027488151658767772
8 0.8767772511848341 0.2829383886255924 0.061611374407582936 0.06445497630331753
8 0.8203791469194313 0.2791469194312796 0.06729857819905213 0.07582938388625593
9 0.7691943127962085 0.28151658767772514 0.04549763033175355 0.058767772511848344
9 0.7260663507109004 0.2824644549763033 0.05023696682464455 0.052132701421800945
1 0.6819905213270142 0.28672985781990523 0.04549763033175355 0.046445497630331754
6 0.6521327014218009 0.3056872037914692 0.03981042654028436 0.035071090047393366
6 0.6360189573459716 0.3341232227488152 0.03886255924170616 0.03886255924170616
4 0.18578199052132702 0.7729857819905214 0.035071090047393366 0.035071090047393366
9 0.12511848341232226 0.6971563981042654 0.055924170616113746 0.05402843601895735
9 0.1037914691943128 0.6601895734597156 0.061611374407582936 0.05971563981042654
1 0.08104265402843602 0.624170616113744 0.05023696682464455 0.055924170616113746
6 0.011374407582938388 0.6037914691943128 0.022748815165876776 0.058767772511848344
6 0.04028436018957346 0.604739336492891 0.046445497630331754 0.054976303317535544
8 0.16066350710900473 0.7308056872037915 0.07488151658767772 0.07867298578199051
8 0.5222748815165876 0.8824644549763033 0.06350710900473934 0.06445497630331753
8 0.8563981042654029 0.804739336492891 0.06255924170616113 0.06066350710900474
8 0.5554502369668246 0.9350710900473934 0.07014218009478673 0.07203791469194312
8 0.8502369668246446 0.866824644549763 0.061611374407582936 0.06350710900473934
9 0.843127962085308 0.9180094786729858 0.05402843601895735 0.04739336492890995
9 0.8312796208530806 0.9620853080568721 0.05402843601895735 0.05781990521327014
9 0.5857819905213271 0.9753554502369668 0.05308056872037915 0.04928909952606635
9 0.6127962085308057 0.9928909952606635 0.05402843601895735 0.014218009478672985
1 0.8170616113744076 0.9876777251184834 0.04549763033175355 0.024644549763033177