8 0.23696682464454977 0.13649289099526066 0.07488151658767772 0.08246445497630332
8 0.18104265402843603 0.16255924170616115 0.07867298578199051 0.08151658767772511
9 0.12890995260663507 0.1853080568720379 0.058767772511848344 0.07014218009478673
9 0.08199052132701422 0.1962085308056872 0.06255924170616113 0.07393364928909953
1 0.03744075829383886 0.2042654028436019 0.06350710900473934 0.06540284360189573
6 0.015165876777251185 0.18388625592417063 0.03033175355450237 0.04739336492890995
3 0.9445497630331754 0.31563981042654027 0.03981042654028436 0.03886255924170616
3 0.7701421800947867 0.5412322274881517 0.04549763033175355 0.04739336492890995
3 0.7251184834123223 0.4995260663507109 0.04170616113744076 0.04265402843601896
3 0.7004739336492891 0.4606635071090047 0.034123222748815164 0.03981042654028436
3 0.9146919431279621 0.2786729857819905 0.03696682464454976 0.04265402843601896
9 0.8639810426540284 0.25734597156398104 0.06350710900473934 0.06255924170616113
9 0.6734597156398104 0.4156398104265403 0.07298578199052133 0.06540284360189573
9 0.8255924170616113 0.23317535545023696 0.07109004739336493 0.06824644549763033
1 0.6440758293838863 0.3691943127962085 0.08530805687203792 0.07582938388625593
1 0.7791469194312797 0.21516587677725119 0.06635071090047394 0.07298578199052133
6 0.7317535545023697 0.2213270142180095 0.052132701421800945 0.05687203791469194
6 0.6829383886255924 0.23933649289099526 0.07203791469194312 0.07109004739336493
6 0.64739336492891 0.2682464454976303 0.07298578199052133 0.07772511848341232
6 0.6587677725118484 0.3232227488151659 0.05308056872037915 0.05781990521327014
8 0.45592417061611373 0.6341232227488152 0.08151658767772511 0.04928909952606635
2 0.39478672985781993 0.6355450236966824 0.07109004739336493 0.052132701421800945
9 0.33744075829383885 0.6469194312796208 0.05781990521327014 0.06919431279620854
9 0.2909952606635071 0.6578199052132702 0.05781990521327014 0.07203791469194312
1 0.23886255924170616 0.6701421800947868 0.06445497630331753 0.06445497630331753
6 0.1909952606635071 0.6729857819905213 0.06540284360189573 0.061611374407582936
6 0.15355450236966825 0.6540284360189573 0.07488151658767772 0.06919431279620854
2 0.6298578199052133 0.8900473933649289 0.06255924170616113 0.07393364928909953
9 0.9203791469194312 0.9848341232227488 0.06445497630331753 0.03033175355450237
1 0.9364928909952607 0.9630331753554502 0.06350710900473934 0.05971563981042654
6 0.9412322274881516 0.919431279620853 0.061611374407582936 0.05687203791469194
6 0.9251184834123223 0.8710900473933649 0.06919431279620854 0.06540284360189573
6 0.8971563981042654 0.8298578199052132 0.07203791469194312 0.06824644549763033
6 0.8516587677725118 0.8161137440758294 0.054976303317535544 0.05687203791469194
1 0.8066350710900474 0.8132701421800947 0.05781990521327014 0.06350710900473934
9 0.7687203791469195 0.8317535545023697 0.05781990521327014 0.07014218009478673
9 0.7265402843601896 0.8469194312796209 0.05402843601895735 0.06540284360189573
7 0.680568720379147 0.8734597156398104 0.058767772511848344 0.05402843601895735