8 0.24454976303317535 0.3113744075829384 0.06635071090047394 0.07677725118483412
8 0.19478672985781992 0.2919431279620853 0.07393364928909953 0.07962085308056872
9 0.14928909952606634 0.26350710900473934 0.052132701421800945 0.06445497630331753
9 0.10568720379146919 0.25355450236966826 0.061611374407582936 0.06066350710900474
1 0.06540284360189573 0.23981042654028437 0.05402843601895735 0.058767772511848344
6 0.023222748815165877 0.24407582938388625 0.046445497630331754 0.052132701421800945
3 0.8687203791469195 0.12985781990521328 0.03886255924170616 0.04549763033175355
3 0.8080568720379147 0.08909952606635071 0.04075829383886256 0.04834123222748815
6 0.7459715639810427 0.07582938388625593 0.07393364928909953 0.07962085308056872
6 0.6895734597156398 0.10284360189573459 0.07488151658767772 0.07772511848341232
1 0.6445497630331753 0.12606635071090047 0.06255924170616113 0.07393364928909953
9 0.6417061611374407 0.17535545023696683 0.08436018957345971 0.06729857819905213
9 0.6345971563981042 0.22274881516587677 0.07867298578199051 0.07488151658767772
3 0.9251184834123223 0.2104265402843602 0.034123222748815164 0.03317535545023697
8 0.07109004739336493 0.6104265402843602 0.07488151658767772 0.07677725118483412
8 0.1052132701421801 0.5758293838862559 0.07772511848341232 0.08246445497630332
9 0.14075829383886257 0.5412322274881517 0.06350710900473934 0.06635071090047394
9 0.17535545023696683 0.5137440758293839 0.06540284360189573 0.06445497630331753
1 0.2071090047393365 0.48625592417061614 0.055924170616113746 0.058767772511848344
8 0.33270142180094786 0.7436018957345971 0.07393364928909953 0.07014218009478673
8 0.33838862559241706 0.6943127962085308 0.07772511848341232 0.07109004739336493
9 0.3469194312796208 0.6502369668246446 0.06635071090047394 0.061611374407582936
9 0.34928909952606635 0.6118483412322275 0.06635071090047394 0.06255924170616113
1 0.35450236966824644 0.5720379146919431 0.05781990521327014 0.05687203791469194
6 0.2943127962085308 0.46729857819905213 0.06255924170616113 0.06066350710900474
6 0.3246445497630332 0.4881516587677725 0.06066350710900474 0.06350710900473934
6 0.34170616113744073 0.5284360189573459 0.04739336492890995 0.05402843601895735
6 0.24928909952606634 0.4729857819905213 0.052132701421800945 0.05118483412322275
2 0.4962085308056872 0.45639810426540284 0.08246445497630332 0.06066350710900474
2 0.4881516587677725 0.5180094786729857 0.06824644549763033 0.05971563981042654
8 0.79478672985782 0.566350710900474 0.08625592417061612 0.0947867298578199
9 0.7417061611374408 0.6639810426540285 0.06635071090047394 0.06824644549763033
9 0.7113744075829384 0.6943127962085308 0.061611374407582936 0.06919431279620854
9 0.4843601895734597 0.5710900473933649 0.07014218009478673 0.055924170616113746
9 0.4895734597156398 0.6203791469194313 0.061611374407582936 0.055924170616113746
1 0.4995260663507109 0.6635071090047393 0.07014218009478673 0.06066350710900474
1 0.6772511848341233 0.728909952606635 0.05687203791469194 0.06635071090047394
6 0.6369668246445498 0.7454976303317535 0.05308056872037915 0.06066350710900474
6 0.5895734597156398 0.7488151658767772 0.06729857819905213 0.07582938388625593
6 0.5407582938388625 0.7308056872037915 0.06540284360189573 0.06919431279620854
6 0.5109004739336492 0.7028436018957346 0.05402843601895735 0.05781990521327014