8 0.381042654028436 0.24407582938388625 0.08246445497630332 0.08246445497630332
8 0.34312796208530805 0.195260663507109 0.07867298578199051 0.08246445497630332
8 0.08151658767772511 0.33270142180094786 0.08436018957345971 0.07772511848341232
8 0.0881516587677725 0.27535545023696684 0.06729857819905213 0.07014218009478673
9 0.0924170616113744 0.22227488151658767 0.05971563981042654 0.05971563981042654
9 0.0966824644549763 0.1791469194312796 0.055924170616113746 0.05402843601895735
9 0.3075829383886256 0.15260663507109004 0.06255924170616113 0.06066350710900474
9 0.2838862559241706 0.11706161137440758 0.05402843601895735 0.05687203791469194
1 0.10853080568720379 0.14597156398104266 0.04834123222748815 0.05781990521327014
1 0.25118483412322273 0.0971563981042654 0.05023696682464455 0.06350710900473934
6 0.22227488151658767 0.0962085308056872 0.04739336492890995 0.06540284360189573
6 0.1933649289099526 0.1066350710900474 0.04265402843601896 0.05971563981042654
6 0.16161137440758294 0.11327014218009479 0.04265402843601896 0.06540284360189573
6 0.13838862559241707 0.12654028436018958 0.04834123222748815 0.05971563981042654
8 0.685781990521327 0.4895734597156398 0.08246445497630332 0.05971563981042654
8 0.7502369668246446 0.48009478672985784 0.07677725118483412 0.07772511848341232
8 0.8104265402843602 0.4606635071090047 0.07677725118483412 0.07393364928909953
9 0.8649289099526066 0.45639810426540284 0.06066350710900474 0.061611374407582936
9 0.9052132701421801 0.4369668246445498 0.05971563981042654 0.058767772511848344
1 0.9554502369668246 0.44786729857819907 0.061611374407582936 0.06350710900473934
6 0.9748815165876777 0.4720379146919431 0.05023696682464455 0.05308056872037915
6 0.9872037914691943 0.4909952606635071 0.025592417061611375 0.04739336492890995
8 0.4004739336492891 0.9824644549763033 0.09194312796208531 0.035071090047393366
8 0.34502369668246446 0.9644549763033176 0.0909952606635071 0.07109004739336493
9 0.3132701421800948 0.9303317535545024 0.06729857819905213 0.06350710900473934
1 0.2796208530805687 0.9009478672985782 0.07014218009478673 0.06350710900473934
9 0.05071090047393365 0.9834123222748815 0.06540284360189573 0.03317535545023697
9 0.054502369668246446 0.952132701421801 0.06919431279620854 0.06066350710900474
1 0.06445497630331753 0.9137440758293839 0.05971563981042654 0.06729857819905213
6 0.24976303317535545 0.8663507109004739 0.05781990521327014 0.06540284360189573
3 0.17772511848341233 0.8786729857819905 0.03981042654028436 0.03886255924170616
3 0.0990521327014218 0.8971563981042654 0.03886255924170616 0.037914691943127965
1 0.5597156398104265 0.8682464454976303 0.058767772511848344 0.06445497630331753
6 0.5971563981042654 0.866824644549763 0.05118483412322275 0.055924170616113746
6 0.6303317535545023 0.8872037914691943 0.055924170616113746 0.052132701421800945
6 0.6436018957345971 0.9175355450236967 0.052132701421800945 0.05023696682464455
6 0.6649289099526067 0.9355450236966825 0.06445497630331753 0.055924170616113746