8 0.35687203791469196 0.15781990521327013 0.08341232227488152 0.0881516587677725
8 0.2914691943127962 0.14218009478672985 0.08720379146919431 0.0947867298578199
9 0.24502369668246446 0.13554502369668248 0.05781990521327014 0.07203791469194312
9 0.20568720379146918 0.15497630331753554 0.06255924170616113 0.07109004739336493
1 0.16587677725118483 0.16208530805687205 0.05971563981042654 0.06635071090047394
6 0.13080568720379146 0.17298578199052134 0.05971563981042654 0.05971563981042654
6 0.09573459715639811 0.2080568720379147 0.08151658767772511 0.07962085308056872
8 0.8417061611374408 0.0909952606635071 0.08246445497630332 0.08341232227488152
8 0.8317535545023697 0.13554502369668248 0.06729857819905213 0.06635071090047394
8 0.8170616113744076 0.18341232227488152 0.07298578199052133 0.07772511848341232
9 0.8009478672985783 0.22985781990521326 0.06635071090047394 0.06824644549763033
9 0.7744075829383886 0.2739336492890995 0.06824644549763033 0.06635071090047394
1 0.761611374407583 0.3127962085308057 0.06540284360189573 0.06729857819905213
1 0.5966824644549763 0.33649289099526064 0.06066350710900474 0.06540284360189573
9 0.5644549763033175 0.3066350710900474 0.06350710900473934 0.06445497630331753
6 0.7312796208530805 0.33127962085308055 0.05781990521327014 0.07582938388625593
6 0.6981042654028436 0.3464454976303318 0.05971563981042654 0.07677725118483412
6 0.6663507109004739 0.34834123222748814 0.058767772511848344 0.07488151658767772
6 0.628436018957346 0.34928909952606635 0.06255924170616113 0.07203791469194312
3 0.5507109004739337 0.25402843601895736 0.03886255924170616 0.03886255924170616
3 0.26445497630331755 0.9222748815165877 0.04739336492890995 0.05402843601895735
3 0.3165876777251185 0.8843601895734597 0.04549763033175355 0.04834123222748815
9 0.35497630331753555 0.818957345971564 0.06729857819905213 0.08625592417061612
9 0.3928909952606635 0.8023696682464455 0.06066350710900474 0.07677725118483412
1 0.43554502369668247 0.7834123222748816 0.06729857819905213 0.07677725118483412
6 0.4606635071090047 0.7777251184834123 0.017061611374407582 0.07677725118483412
8 0.5227488151658768 0.928436018957346 0.07582938388625593 0.07962085308056872
8 0.580568720379147 0.8919431279620853 0.0985781990521327 0.09289099526066351
9 0.6402843601895735 0.8734597156398104 0.061611374407582936 0.06445497630331753
9 0.6843601895734597 0.8592417061611375 0.06066350710900474 0.06350710900473934
1 0.7265402843601896 0.85260663507109 0.055924170616113746 0.054976303317535544
6 0.7601895734597156 0.8578199052132701 0.054976303317535544 0.04928909952606635
6 0.7834123222748816 0.8739336492890996 0.052132701421800945 0.04170616113744076