9 0.22085308056872038 0.01800947867298578 0.06066350710900474 0.03601895734597156
9 0.24407582938388625 0.043601895734597156 0.05402843601895735 0.05687203791469194
1 0.27582938388625594 0.06966824644549763 0.05118483412322275 0.06350710900473934
6 0.38341232227488153 0.07156398104265403 0.012322274881516588 0.07109004739336493
6 0.36635071090047394 0.07630331753554502 0.046445497630331754 0.05971563981042654
6 0.33981042654028437 0.0867298578199052 0.04739336492890995 0.07393364928909953
6 0.3080568720379147 0.07962085308056872 0.052132701421800945 0.06729857819905213
8 0.13080568720379146 0.543127962085308 0.07677725118483412 0.07772511848341232
8 0.17014218009478674 0.5985781990521327 0.08530805687203792 0.08909952606635071
9 0.2075829383886256 0.6436018957345971 0.06255924170616113 0.061611374407582936
9 0.23554502369668245 0.6763033175355451 0.054976303317535544 0.05687203791469194
1 0.26966824644549764 0.6981042654028436 0.05118483412322275 0.06255924170616113
6 0.3815165876777251 0.6829383886255924 0.016113744075829384 0.07109004739336493
6 0.3635071090047393 0.690521327014218 0.04454976303317536 0.05971563981042654
6 0.33981042654028437 0.70521327014218 0.046445497630331754 0.07203791469194312
6 0.3066350710900474 0.7023696682464455 0.05118483412322275 0.06540284360189573
3 0.8327014218009479 0.7199052132701422 0.046445497630331754 0.046445497630331754
6 0.8881516587677725 0.7123222748815166 0.06919431279620854 0.06919431279620854
6 0.7829383886255924 0.7336492890995261 0.05687203791469194 0.058767772511848344
6 0.9369668246445497 0.7194312796208531 0.05308056872037915 0.05971563981042654
1 0.975829383886256 0.728436018957346 0.04834123222748815 0.06540284360189573
1 0.7507109004739336 0.762085308056872 0.06066350710900474 0.07203791469194312
9 0.737914691943128 0.7943127962085308 0.07582938388625593 0.07582938388625593
9 0.9815165876777251 0.7563981042654029 0.03696682464454976 0.06635071090047394
9 0.723696682464455 0.8213270142180095 0.06635071090047394 0.055924170616113746