8 0.4829383886255924 0.12274881516587678 0.07677725118483412 0.06919431279620854
8 0.4990521327014218 0.06255924170616113 0.07962085308056872 0.06919431279620854
9 0.5080568720379147 0.017061611374407582 0.058767772511848344 0.034123222748815164
4 0.44454976303317534 0.7360189573459716 0.03886255924170616 0.03886255924170616
3 0.4483412322274882 0.6767772511848341 0.04739336492890995 0.043601895734597156
3 0.16587677725118483 0.6521327014218009 0.04265402843601896 0.04265402843601896
2 0.17440758293838862 0.6037914691943128 0.06635071090047394 0.061611374407582936
9 0.44360189573459713 0.638388625592417 0.06350710900473934 0.05118483412322275
9 0.43838862559241704 0.5947867298578199 0.06540284360189573 0.05118483412322275
6 0.35592417061611376 0.4848341232227488 0.06350710900473934 0.06350710900473934
6 0.3962085308056872 0.5104265402843602 0.04928909952606635 0.05118483412322275
3 0.3165876777251185 0.48009478672985784 0.03601895734597156 0.03696682464454976
6 0.26492890995260665 0.4772511848341232 0.06350710900473934 0.05781990521327014
1 0.23601895734597156 0.4995260663507109 0.061611374407582936 0.054976303317535544
9 0.20616113744075829 0.5350710900473934 0.06445497630331753 0.058767772511848344
9 0.18672985781990523 0.5644549763033175 0.06255924170616113 0.05308056872037915
1 0.42843601895734595 0.5469194312796208 0.05971563981042654 0.054976303317535544
8 0.7208530805687203 0.6360189573459716 0.06635071090047394 0.08625592417061612
8 0.666824644549763 0.6137440758293838 0.05402843601895735 0.08436018957345971