8 0.34976303317535545 0.5099526066350711 0.08151658767772511 0.058767772511848344
8 0.35165876777251187 0.4545023696682464 0.08436018957345971 0.08436018957345971
9 0.35545023696682465 0.3919431279620853 0.07393364928909953 0.05971563981042654
9 0.36540284360189573 0.34786729857819904 0.06729857819905213 0.06255924170616113
2 0.5118483412322274 0.25829383886255924 0.04549763033175355 0.055924170616113746
5 0.46255924170616114 0.27440758293838863 0.03981042654028436 0.03981042654028436
1 0.3800947867298578 0.30379146919431277 0.06445497630331753 0.07014218009478673
6 0.4184834123222749 0.271563981042654 0.05971563981042654 0.06824644549763033
8 0.5644549763033175 0.4165876777251185 0.029383886255924172 0.08625592417061612
8 0.6080568720379147 0.4156398104265403 0.07677725118483412 0.08246445497630332
9 0.666824644549763 0.4151658767772512 0.05687203791469194 0.06729857819905213
9 0.7104265402843601 0.4194312796208531 0.05308056872037915 0.06824644549763033
1 0.761611374407583 0.42227488151658765 0.06066350710900474 0.058767772511848344
6 0.8018957345971564 0.40616113744075827 0.05023696682464455 0.05687203791469194
6 0.8374407582938389 0.3739336492890995 0.06824644549763033 0.06255924170616113
4 0.3639810426540284 0.861611374407583 0.04265402843601896 0.046445497630331754
4 0.33270142180094786 0.8227488151658767 0.043601895734597156 0.04170616113744076
9 0.3033175355450237 0.7744075829383886 0.07014218009478673 0.05781990521327014
9 0.2976303317535545 0.7303317535545024 0.06824644549763033 0.05402843601895735
9 0.5203791469194313 0.6246445497630332 0.058767772511848344 0.07014218009478673
3 0.4834123222748815 0.6118483412322275 0.04075829383886256 0.04454976303317536
3 0.44454976303317534 0.6033175355450237 0.04928909952606635 0.04834123222748815
1 0.290521327014218 0.6862559241706161 0.054976303317535544 0.05971563981042654
6 0.3 0.6459715639810426 0.054976303317535544 0.05781990521327014
6 0.32132701421800947 0.6161137440758294 0.06540284360189573 0.07393364928909953
6 0.3639810426540284 0.5890995260663507 0.06445497630331753 0.06919431279620854
6 0.9914691943127962 0.885781990521327 0.017061611374407582 0.046445497630331754
6 0.9691943127962085 0.8947867298578199 0.04075829383886256 0.046445497630331754
6 0.9317535545023696 0.8938388625592417 0.04928909952606635 0.05118483412322275
1 0.8947867298578199 0.8800947867298579 0.055924170616113746 0.055924170616113746
9 0.8654028436018958 0.8545023696682464 0.05023696682464455 0.05687203791469194
9 0.837914691943128 0.8180094786729858 0.05023696682464455 0.04739336492890995