9 0.17725118483412322 0.09336492890995261 0.06445497630331753 0.05971563981042654
9 0.1819905213270142 0.04407582938388625 0.054976303317535544 0.055924170616113746
1 0.18625592417061612 0.011848341232227487 0.046445497630331754 0.023696682464454975
8 0.34549763033175357 0.14549763033175356 0.07298578199052133 0.07488151658767772
8 0.6687203791469194 0.14881516587677726 0.07677725118483412 0.07677725118483412
8 0.6412322274881517 0.204739336492891 0.07677725118483412 0.07393364928909953
8 0.3744075829383886 0.2033175355450237 0.07582938388625593 0.07582938388625593
9 0.3976303317535545 0.24834123222748816 0.054976303317535544 0.052132701421800945
9 0.41184834123222747 0.2853080568720379 0.04928909952606635 0.04928909952606635
9 0.6208530805687204 0.25071090047393363 0.04739336492890995 0.05118483412322275
9 0.604739336492891 0.28720379146919434 0.04549763033175355 0.04739336492890995
1 0.43601895734597157 0.3123222748815166 0.04265402843601896 0.052132701421800945
1 0.5786729857819906 0.3132701421800948 0.04454976303317536 0.055924170616113746
6 0.5497630331753555 0.32701421800947866 0.03981042654028436 0.054976303317535544
6 0.5203791469194313 0.3345971563981043 0.034123222748815164 0.04739336492890995
6 0.49146919431279623 0.33127962085308055 0.035071090047393366 0.046445497630331754
6 0.4611374407582938 0.32796208530805687 0.03981042654028436 0.052132701421800945
8 0.7530805687203791 0.7630331753554502 0.08341232227488152 0.08720379146919431
8 0.6876777251184835 0.7862559241706161 0.08341232227488152 0.08436018957345971
9 0.6336492890995261 0.8 0.05687203791469194 0.06635071090047394
9 0.5853080568720379 0.8080568720379147 0.05781990521327014 0.06445497630331753
1 0.5417061611374407 0.8071090047393364 0.05781990521327014 0.058767772511848344
6 0.5018957345971564 0.7928909952606635 0.04928909952606635 0.043601895734597156
6 0.48009478672985784 0.7753554502369668 0.052132701421800945 0.04265402843601896
6 0.47014218009478675 0.7483412322274882 0.05781990521327014 0.03696682464454976