0 0.14976303317535544 0.061611374407582936 0.04549763033175355 0.04834123222748815
0 0.13791469194312797 0.15924170616113745 0.04454976303317536 0.04265402843601896
0 0.13886255924170615 0.1962085308056872 0.04454976303317536 0.03601895734597156
0 0.13459715639810427 0.24028436018957347 0.05023696682464455 0.04549763033175355
0 0.0042654028436018955 0.28672985781990523 0.008530805687203791 0.05402843601895735
1 0.7232227488151659 0.0985781990521327 0.06066350710900474 0.061611374407582936
3 0.6758293838862559 0.07962085308056872 0.031279620853080566 0.035071090047393366
3 0.5180094786729857 0.06587677725118483 0.037914691943127965 0.037914691943127965
1 0.4890995260663507 0.0895734597156398 0.018957345971563982 0.05781990521327014
9 0.2876777251184834 0.680568720379147 0.061611374407582936 0.05687203791469194
9 0.3052132701421801 0.7175355450236967 0.061611374407582936 0.058767772511848344
1 0.33886255924170616 0.7402843601895734 0.055924170616113746 0.06729857819905213
6 0.45876777251184836 0.7549763033175355 0.04170616113744076 0.05971563981042654
6 0.4364928909952607 0.7578199052132701 0.04075829383886256 0.06540284360189573
6 0.4056872037914692 0.7611374407582938 0.04170616113744076 0.06066350710900474
6 0.3739336492890995 0.7554502369668247 0.04549763033175355 0.06255924170616113
8 0.5829383886255924 0.5886255924170616 0.08151658767772511 0.018957345971563982
6 0.8947867298578199 0.5928909952606635 0.058767772511848344 0.027488151658767772