8 0.2123222748815166 0.24123222748815165 0.06824644549763033 0.06729857819905213
8 0.23175355450236967 0.18625592417061612 0.07014218009478673 0.07393364928909953
8 0.5312796208530806 0.2772511848341232 0.016113744075829384 0.05971563981042654
8 0.5279620853080569 0.218957345971564 0.022748815165876776 0.07014218009478673
9 0.25165876777251184 0.13364928909952606 0.05308056872037915 0.04549763033175355
9 0.2672985781990521 0.1009478672985782 0.05308056872037915 0.05402843601895735
9 0.5227488151658768 0.16777251184834124 0.03317535545023697 0.05118483412322275
9 0.5170616113744075 0.13033175355450238 0.04454976303317536 0.05781990521327014
1 0.5009478672985782 0.0867298578199052 0.06255924170616113 0.06350710900473934
1 0.2976303317535545 0.06966824644549763 0.055924170616113746 0.06066350710900474
2 0.4772511848341232 0.057345971563981045 0.04454976303317536 0.05023696682464455
2 0.37819905213270144 0.036492890995260666 0.05118483412322275 0.061611374407582936
2 0.33364928909952607 0.04454976303317536 0.03981042654028436 0.05687203791469194
3 0.8587677725118483 0.22606635071090048 0.04265402843601896 0.05023696682464455
2 0.8109004739336493 0.28056872037914693 0.06066350710900474 0.06350710900473934
2 0.771563981042654 0.3293838862559242 0.03886255924170616 0.03696682464454976
9 0.7336492890995261 0.35971563981042654 0.04549763033175355 0.04454976303317536
1 0.70521327014218 0.3805687203791469 0.043601895734597156 0.04454976303317536
1 0.54739336492891 0.33744075829383885 0.016113744075829384 0.04928909952606635
6 0.6625592417061611 0.3924170616113744 0.043601895734597156 0.04549763033175355
6 0.6213270142180095 0.3876777251184834 0.03981042654028436 0.04454976303317536
6 0.5843601895734597 0.37725118483412323 0.04265402843601896 0.04265402843601896
6 0.5630331753554503 0.35545023696682465 0.04454976303317536 0.04075829383886256
0 0.2616113744075829 0.8151658767772512 0.046445497630331754 0.043601895734597156
0 0.24834123222748816 0.9042654028436019 0.05023696682464455 0.04170616113744076
9 0.24691943127962085 0.9696682464454977 0.06066350710900474 0.05971563981042654
1 0.22511848341232227 0.9914691943127962 0.061611374407582936 0.017061611374407582
8 0.7990521327014218 0.9146919431279621 0.07962085308056872 0.06350710900473934
8 0.8033175355450237 0.8516587677725118 0.07582938388625593 0.06635071090047394
9 0.8075829383886256 0.7990521327014218 0.07488151658767772 0.054976303317535544
9 0.7995260663507109 0.7483412322274882 0.07393364928909953 0.05687203791469194
1 0.7966824644549763 0.6928909952606636 0.06255924170616113 0.06255924170616113
6 0.7786729857819905 0.6421800947867299 0.06066350710900474 0.04834123222748815
6 0.7507109004739336 0.6189573459715639 0.06255924170616113 0.037914691943127965
6 0.6995260663507109 0.6085308056872037 0.05687203791469194 0.017061611374407582
6 0.6511848341232227 0.6104265402843602 0.04170616113744076 0.02085308056872038
6 0.6075829383886255 0.6156398104265403 0.05687203791469194 0.031279620853080566
1 0.5658767772511848 0.6360189573459716 0.05118483412322275 0.055924170616113746
9 0.5559241706161138 0.671563981042654 0.03317535545023697 0.05402843601895735