4 0.1872037914691943 0.23554502369668245 0.03696682464454976 0.035071090047393366
8 0.05071090047393365 0.2947867298578199 0.07867298578199051 0.07962085308056872
8 0.10900473933649289 0.2672985781990521 0.07772511848341232 0.0881516587677725
9 0.15308056872037915 0.24691943127962085 0.04928909952606635 0.06919431279620854
1 0.23317535545023696 0.2241706161137441 0.05687203791469194 0.06066350710900474
6 0.2777251184834123 0.22322274881516588 0.05687203791469194 0.05971563981042654
6 0.31990521327014215 0.23696682464454977 0.07109004739336493 0.06540284360189573
6 0.35308056872037913 0.27440758293838863 0.06824644549763033 0.06635071090047394
8 0.9872037914691943 0.21800947867298578 0.025592417061611375 0.11184834123222749
8 0.647867298578199 0.25450236966824646 0.1061611374407583 0.10426540284360189
8 0.6796208530805687 0.33080568720379144 0.09194312796208531 0.10426540284360189
8 0.9791469194312796 0.3052132701421801 0.04170616113744076 0.10426540284360189
9 0.709478672985782 0.3971563981042654 0.06824644549763033 0.06729857819905213
9 0.9753554502369668 0.376303317535545 0.04928909952606635 0.07772511848341232
9 0.9748815165876777 0.42843601895734595 0.05023696682464455 0.06255924170616113
9 0.7341232227488151 0.44549763033175355 0.06729857819905213 0.06445497630331753
1 0.7644549763033175 0.4658767772511848 0.05402843601895735 0.027488151658767772
1 0.9454976303317536 0.4549763033175355 0.052132701421800945 0.04928909952606635
6 0.909478672985782 0.46777251184834123 0.046445497630331754 0.023696682464454975
6 0.8706161137440759 0.471563981042654 0.04834123222748815 0.016113744075829384
6 0.8369668246445497 0.47345971563981043 0.04549763033175355 0.012322274881516588
6 0.8009478672985783 0.47345971563981043 0.04928909952606635 0.012322274881516588
8 0.23175355450236967 0.6208530805687204 0.07298578199052133 0.08341232227488152
8 0.29289099526066353 0.6232227488151659 0.07962085308056872 0.08625592417061612
9 0.3407582938388626 0.6298578199052133 0.052132701421800945 0.06540284360189573
9 0.38436018957345974 0.6194312796208531 0.054976303317535544 0.06635071090047394
1 0.42796208530805685 0.6118483412322275 0.05687203791469194 0.05781990521327014
6 0.46824644549763034 0.5957345971563981 0.05971563981042654 0.055924170616113746
6 0.4976303317535545 0.566824644549763 0.07772511848341232 0.058767772511848344
9 0.5791469194312796 0.6611374407582938 0.018957345971563982 0.06350710900473934
9 0.7639810426540284 0.6066350710900474 0.06255924170616113 0.06919431279620854
9 0.7919431279620853 0.6374407582938388 0.06635071090047394 0.06255924170616113
1 0.7246445497630332 0.5815165876777251 0.05971563981042654 0.08246445497630332
1 0.5914691943127962 0.6151658767772512 0.043601895734597156 0.07393364928909953
2 0.6132701421800948 0.5943127962085308 0.04454976303317536 0.06635071090047394
2 0.6578199052132702 0.5819905213270142 0.04075829383886256 0.061611374407582936
2 0.685781990521327 0.5739336492890995 0.03981042654028436 0.061611374407582936