6 0.7554502369668247 0.06066350710900474 0.05971563981042654 0.07582938388625593
6 0.8056872037914692 0.07251184834123223 0.06824644549763033 0.07393364928909953
6 0.8611374407582938 0.08530805687203792 0.06729857819905213 0.08246445497630332
6 0.8919431279620853 0.11421800947867299 0.06635071090047394 0.061611374407582936
1 0.9184834123222749 0.15734597156398103 0.0909952606635071 0.06729857819905213
1 0.7080568720379147 0.08246445497630332 0.07014218009478673 0.07962085308056872
9 0.6369668246445498 0.15355450236966825 0.08341232227488152 0.07203791469194312
9 0.909952606635071 0.24976303317535545 0.09289099526066351 0.06540284360189573
3 0.8971563981042654 0.28151658767772514 0.05023696682464455 0.015165876777251185
8 0.5890995260663507 0.24834123222748816 0.05971563981042654 0.08151658767772511
8 0.6085308056872037 0.2018957345971564 0.0985781990521327 0.10995260663507109
8 0.04739336492890995 0.6298578199052133 0.08151658767772511 0.07962085308056872
9 0.1080568720379147 0.6388625592417062 0.05687203791469194 0.058767772511848344
9 0.15165876777251186 0.6521327014218009 0.05308056872037915 0.054976303317535544
3 0.18578199052132702 0.6260663507109004 0.035071090047393366 0.037914691943127965
6 0.2184834123222749 0.614218009478673 0.046445497630331754 0.04834123222748815
6 0.24312796208530807 0.5947867298578199 0.05023696682464455 0.04549763033175355
6 0.9853080568720379 0.44218009478672987 0.029383886255924172 0.06729857819905213