9 0.11327014218009479 0.029383886255924172 0.06729857819905213 0.058767772511848344
9 0.13981042654028436 0.06398104265402843 0.06066350710900474 0.06729857819905213
1 0.32132701421800947 0.023696682464454975 0.06066350710900474 0.04739336492890995
1 0.18056872037914692 0.08530805687203792 0.05781990521327014 0.07582938388625593
6 0.22180094786729856 0.08056872037914692 0.05118483412322275 0.06919431279620854
6 0.25497630331753557 0.07677725118483412 0.04739336492890995 0.07109004739336493
6 0.28151658767772514 0.07203791469194312 0.04549763033175355 0.05971563981042654
6 0.3052132701421801 0.04597156398104266 0.06066350710900474 0.06824644549763033
8 0.9777251184834124 0.4023696682464455 0.04454976303317536 0.09573459715639811
8 0.9180094786729858 0.3981042654028436 0.0938388625592417 0.0947867298578199
9 0.8507109004739336 0.3914691943127962 0.06445497630331753 0.07677725118483412
9 0.7924170616113744 0.3909952606635071 0.06824644549763033 0.06445497630331753
1 0.7407582938388626 0.4028436018957346 0.06350710900473934 0.06729857819905213
6 0.6966824644549763 0.4132701421800948 0.06350710900473934 0.07014218009478673
6 0.6758293838862559 0.44075829383886256 0.07298578199052133 0.06255924170616113
8 0.33649289099526064 0.8587677725118483 0.07298578199052133 0.08341232227488152
8 0.4004739336492891 0.8341232227488151 0.08246445497630332 0.08720379146919431
2 0.45308056872037916 0.818957345971564 0.04834123222748815 0.06445497630331753
9 0.4985781990521327 0.8099526066350711 0.06350710900473934 0.07677725118483412
1 0.5483412322274882 0.8033175355450237 0.061611374407582936 0.07109004739336493
6 0.5729857819905213 0.8104265402843602 0.012322274881516588 0.058767772511848344
4 0.8028436018957346 0.6729857819905213 0.04170616113744076 0.046445497630331754
4 0.7990521327014218 0.7431279620853081 0.04454976303317536 0.04454976303317536
9 0.8118483412322275 0.8061611374407583 0.06350710900473934 0.061611374407582936
9 0.8146919431279621 0.852132701421801 0.058767772511848344 0.055924170616113746
1 0.7848341232227488 0.8872037914691943 0.06445497630331753 0.06350710900473934
6 0.7682464454976303 0.9161137440758294 0.052132701421800945 0.06635071090047394
6 0.7426540284360189 0.9341232227488152 0.04928909952606635 0.06635071090047394
6 0.7099526066350711 0.9469194312796209 0.04549763033175355 0.061611374407582936
6 0.6815165876777252 0.9454976303317536 0.05023696682464455 0.06445497630331753
1 0.6412322274881517 0.9369668246445497 0.052132701421800945 0.07488151658767772
9 0.604739336492891 0.9213270142180094 0.05118483412322275 0.06255924170616113