4 0.2028436018957346 0.07109004739336493 0.04075829383886256 0.04075829383886256
4 0.17156398104265402 0.12132701421800948 0.04075829383886256 0.04170616113744076
9 0.12322274881516587 0.2037914691943128 0.052132701421800945 0.054976303317535544
1 0.08909952606635071 0.23175355450236967 0.04739336492890995 0.06729857819905213
6 0.06540284360189573 0.25071090047393363 0.04170616113744076 0.07203791469194312
6 0.029383886255924172 0.25165876777251184 0.046445497630331754 0.06350710900473934
6 0.015165876777251185 0.24075829383886255 0.03033175355450237 0.06255924170616113
3 0.8777251184834123 0.34454976303317536 0.06445497630331753 0.07203791469194312
8 0.7872037914691943 0.31563981042654027 0.09573459715639811 0.10710900473933649
9 0.7227488151658767 0.2976303317535545 0.06066350710900474 0.08625592417061612
9 0.671090047393365 0.285781990521327 0.05687203791469194 0.07582938388625593
1 0.6123222748815166 0.2890995260663507 0.07393364928909953 0.07867298578199051
6 0.5554502369668246 0.2947867298578199 0.07014218009478673 0.06729857819905213
6 0.5279620853080569 0.3303317535545024 0.05687203791469194 0.06919431279620854
8 0.3459715639810427 0.5469194312796208 0.06635071090047394 0.07677725118483412
8 0.2800947867298578 0.5360189573459716 0.07014218009478673 0.07867298578199051
9 0.22654028436018958 0.5222748815165876 0.04549763033175355 0.06445497630331753
9 0.1819905213270142 0.5227488151658768 0.05118483412322275 0.06540284360189573
1 0.13744075829383887 0.5199052132701422 0.054976303317535544 0.06729857819905213
6 0.09289099526066351 0.5341232227488152 0.06066350710900474 0.05971563981042654
6 0.05829383886255924 0.5464454976303318 0.07014218009478673 0.06445497630331753
8 0.7407582938388626 0.6928909952606636 0.08625592417061612 0.0881516587677725
9 0.7436018957345971 0.7706161137440758 0.07488151658767772 0.06255924170616113
9 0.9886255924170616 0.8469194312796209 0.022748815165876776 0.07109004739336493
9 0.9729857819905213 0.8919431279620853 0.05402843601895735 0.06635071090047394
9 0.747867298578199 0.8236966824644549 0.05687203791469194 0.058767772511848344
1 0.9308056872037914 0.919431279620853 0.04834123222748815 0.05781990521327014
1 0.7677725118483413 0.8772511848341232 0.06445497630331753 0.06255924170616113
6 0.8848341232227488 0.9388625592417061 0.05023696682464455 0.058767772511848344
6 0.8312796208530806 0.9279620853080569 0.05118483412322275 0.06729857819905213
6 0.795260663507109 0.9014218009478673 0.04075829383886256 0.05308056872037915