8 0.36113744075829385 0.2848341232227488 0.05687203791469194 0.0881516587677725
9 0.318957345971564 0.2796208530805687 0.058767772511848344 0.07014218009478673
9 0.27582938388625594 0.26872037914691943 0.05781990521327014 0.07014218009478673
1 0.23080568720379147 0.26018957345971566 0.06066350710900474 0.05971563981042654
6 0.17440758293838862 0.21516587677725119 0.06824644549763033 0.06824644549763033
6 0.1981042654028436 0.24881516587677724 0.04454976303317536 0.04834123222748815
8 0.5383886255924171 0.3345971563981043 0.08246445497630332 0.0881516587677725
9 0.5933649289099526 0.35355450236966823 0.07109004739336493 0.07393364928909953
9 0.6412322274881517 0.3748815165876777 0.06445497630331753 0.06824644549763033
7 0.471563981042654 0.31469194312796206 0.07298578199052133 0.07867298578199051
4 0.28151658767772514 0.7819905213270142 0.05402843601895735 0.054976303317535544
4 0.22511848341232227 0.8890995260663507 0.04549763033175355 0.04834123222748815
1 0.2018957345971564 0.9478672985781991 0.08341232227488152 0.09573459715639811
9 0.014218009478672985 0.9066350710900474 0.02843601895734597 0.09194312796208531
6 0.16161137440758294 0.9701421800947867 0.061611374407582936 0.05971563981042654
6 0.12511848341232226 0.9739336492890995 0.054976303317535544 0.052132701421800945
6 0.08767772511848342 0.9725118483412323 0.055924170616113746 0.054976303317535544
6 0.054976303317535544 0.9635071090047393 0.06255924170616113 0.07298578199052133
1 0.027488151658767772 0.9440758293838862 0.054976303317535544 0.0909952606635071
8 0.8658767772511848 0.8033175355450237 0.07298578199052133 0.07014218009478673
8 0.871563981042654 0.7497630331753554 0.08530805687203792 0.07867298578199051
8 0.5748815165876777 0.7137440758293839 0.08056872037914692 0.07582938388625593
8 0.6037914691943128 0.6677725118483412 0.08056872037914692 0.08056872037914692
9 0.6232227488151659 0.6222748815165877 0.06635071090047394 0.061611374407582936
9 0.6497630331753554 0.5867298578199052 0.07109004739336493 0.06350710900473934
9 0.8805687203791469 0.6985781990521327 0.06919431279620854 0.06066350710900474
9 0.8734597156398104 0.657345971563981 0.07109004739336493 0.05971563981042654
1 0.8682464454976303 0.6071090047393365 0.05971563981042654 0.06350710900473934
1 0.6772511848341233 0.5535545023696683 0.061611374407582936 0.06350710900473934
6 0.7146919431279621 0.5355450236966824 0.052132701421800945 0.055924170616113746
6 0.7578199052132701 0.5341232227488152 0.061611374407582936 0.06445497630331753
6 0.8080568720379147 0.5483412322274882 0.06350710900473934 0.06540284360189573
6 0.8464454976303317 0.571563981042654 0.05781990521327014 0.06066350710900474