8 0.2853080568720379 0.2909952606635071 0.07488151658767772 0.07677725118483412
8 0.5606635071090047 0.2909952606635071 0.08151658767772511 0.08056872037914692
9 0.5492890995260663 0.24454976303317535 0.06066350710900474 0.05308056872037915
9 0.5350710900473934 0.2066350710900474 0.061611374407582936 0.05308056872037915
1 0.5184834123222749 0.16729857819905214 0.05402843601895735 0.055924170616113746
1 0.32748815165876777 0.16255924170616115 0.05402843601895735 0.054976303317535544
9 0.3075829383886256 0.2033175355450237 0.05971563981042654 0.05308056872037915
9 0.2919431279620853 0.24123222748815165 0.061611374407582936 0.05118483412322275
6 0.4876777251184834 0.13696682464454976 0.04928909952606635 0.04928909952606635
6 0.4488151658767773 0.11990521327014218 0.05687203791469194 0.05308056872037915
6 0.3976303317535545 0.11848341232227488 0.05781990521327014 0.05308056872037915
6 0.35734597156398107 0.13270142180094788 0.05023696682464455 0.04834123222748815
2 0.6180094786729858 0.27582938388625594 0.017061611374407582 0.07393364928909953
2 0.6421800947867299 0.23175355450236967 0.06540284360189573 0.08056872037914692
2 0.7061611374407583 0.1924170616113744 0.05781990521327014 0.061611374407582936
1 0.7402843601895734 0.16445497630331754 0.06066350710900474 0.07298578199052133
6 0.7900473933649289 0.15734597156398103 0.05118483412322275 0.06445497630331753
6 0.8383886255924171 0.16255924170616115 0.06824644549763033 0.06824644549763033
6 0.8886255924170616 0.17298578199052134 0.05971563981042654 0.07582938388625593
6 0.9118483412322275 0.2123222748815166 0.05971563981042654 0.06540284360189573
1 0.9279620853080569 0.25687203791469193 0.06729857819905213 0.06729857819905213
9 0.9260663507109005 0.30379146919431277 0.07393364928909953 0.05687203791469194
9 0.9293838862559242 0.3464454976303318 0.07393364928909953 0.054976303317535544
8 0.9222748815165877 0.4018957345971564 0.0947867298578199 0.07772511848341232
8 0.9071090047393365 0.4658767772511848 0.09573459715639811 0.07393364928909953
8 0.4597156398104265 0.7066350710900474 0.06255924170616113 0.035071090047393366
8 0.17582938388625594 0.7867298578199052 0.06635071090047394 0.06255924170616113
8 0.45308056872037916 0.7469194312796209 0.06255924170616113 0.05687203791469194
8 0.20616113744075829 0.8232227488151659 0.06919431279620854 0.06635071090047394
9 0.23744075829383887 0.8582938388625593 0.05687203791469194 0.058767772511848344
9 0.44786729857819907 0.7909952606635071 0.05118483412322275 0.04549763033175355
9 0.44123222748815166 0.8308056872037914 0.04549763033175355 0.046445497630331754
9 0.2672985781990521 0.8867298578199052 0.04454976303317536 0.04834123222748815
1 0.3004739336492891 0.9037914691943127 0.04549763033175355 0.04928909952606635
1 0.42985781990521327 0.8663507109004739 0.043601895734597156 0.046445497630331754
6 0.4066350710900474 0.8881516587677725 0.03601895734597156 0.04454976303317536
6 0.3876777251184834 0.9018957345971564 0.03696682464454976 0.04454976303317536
6 0.35734597156398107 0.9090047393364928 0.035071090047393366 0.046445497630331754
6 0.33364928909952607 0.9090047393364928 0.03696682464454976 0.043601895734597156
4 0.8165876777251185 0.9421800947867298 0.03886255924170616 0.04170616113744076
1 0.814218009478673 0.8838862559241706 0.06350710900473934 0.06445497630331753
1 0.9924170616113744 0.8459715639810427 0.015165876777251185 0.06729857819905213
6 0.975829383886256 0.8236966824644549 0.04739336492890995 0.05971563981042654
6 0.9312796208530806 0.8175355450236966 0.06729857819905213 0.07488151658767772
6 0.8748815165876778 0.8218009478672986 0.06635071090047394 0.08056872037914692
6 0.8388625592417062 0.8459715639810427 0.05402843601895735 0.06540284360189573