5 0.2985781990521327 0.4886255924170616 0.055924170616113746 0.06255924170616113
5 0.3028436018957346 0.4037914691943128 0.04549763033175355 0.04739336492890995
5 0.3113744075829384 0.36682464454976305 0.03886255924170616 0.03886255924170616
3 0.3701421800947867 0.32037914691943126 0.037914691943127965 0.03601895734597156
4 0.41706161137440756 0.3056872037914692 0.037914691943127965 0.03222748815165877
5 0.5052132701421801 0.31469194312796206 0.037914691943127965 0.037914691943127965
4 0.5369668246445498 0.34360189573459715 0.04265402843601896 0.04075829383886256
5 0.6127962085308057 0.41232227488151657 0.04834123222748815 0.052132701421800945
8 0.7540284360189573 0.2611374407582938 0.09289099526066351 0.09289099526066351
8 0.7085308056872038 0.3080568720379147 0.07867298578199051 0.08530805687203792
9 0.6786729857819905 0.3341232227488152 0.018957345971563982 0.06729857819905213
8 0.5251184834123223 0.8995260663507109 0.09573459715639811 0.08720379146919431
9 0.4881516587677725 0.8530805687203792 0.07772511848341232 0.07203791469194312
9 0.45687203791469194 0.8118483412322275 0.08056872037914692 0.07677725118483412
9 0.1981042654028436 0.9876777251184834 0.08341232227488152 0.024644549763033177
9 0.1843601895734597 0.9587677725118483 0.08530805687203792 0.07298578199052133
1 0.41232227488151657 0.7800947867298578 0.07109004739336493 0.07109004739336493
1 0.1876777251184834 0.9061611374407583 0.06824644549763033 0.06445497630331753
6 0.36113744075829385 0.776303317535545 0.06445497630331753 0.06919431279620854
6 0.3071090047393365 0.7933649289099526 0.07772511848341232 0.07962085308056872
6 0.24786729857819906 0.8203791469194313 0.07677725118483412 0.06729857819905213
6 0.21374407582938387 0.8578199052132701 0.061611374407582936 0.06066350710900474
8 0.7199052132701422 0.7587677725118483 0.08909952606635071 0.08530805687203792
8 0.7398104265402844 0.7023696682464455 0.08720379146919431 0.0881516587677725
9 0.7483412322274882 0.6559241706161137 0.07298578199052133 0.05308056872037915