3 0.00900473933649289 0.36492890995260663 0.01800947867298578 0.04170616113744076
3 0.31516587677725116 0.3014218009478673 0.04265402843601896 0.04075829383886256
3 0.3109004739336493 0.36208530805687206 0.04170616113744076 0.043601895734597156
4 0.304739336492891 0.4184834123222749 0.037914691943127965 0.03981042654028436
4 0.2862559241706161 0.46492890995260666 0.031279620853080566 0.03222748815165877
2 0.03459715639810427 0.43459715639810426 0.06919431279620854 0.08056872037914692
9 0.06872037914691943 0.4843601895734597 0.06350710900473934 0.05118483412322275
9 0.0995260663507109 0.5018957345971564 0.05118483412322275 0.016113744075829384
1 0.2682464454976303 0.4957345971563981 0.06066350710900474 0.02843601895734597
8 0.4976303317535545 0.44739336492890996 0.05687203791469194 0.08341232227488152
8 0.5549763033175356 0.45355450236966827 0.07488151658767772 0.08056872037914692
9 0.6099526066350711 0.4545023696682464 0.054976303317535544 0.07014218009478673
8 0.4317535545023697 0.9682464454976303 0.07488151658767772 0.06350710900473934
8 0.3758293838862559 0.9497630331753555 0.07298578199052133 0.08246445497630332
3 0.328436018957346 0.9355450236966825 0.034123222748815164 0.03886255924170616
9 0.2890995260663507 0.9165876777251185 0.04834123222748815 0.05971563981042654
1 0.24786729857819906 0.909478672985782 0.05118483412322275 0.06255924170616113
6 0.209478672985782 0.9118483412322275 0.043601895734597156 0.04834123222748815
6 0.16587677725118483 0.9232227488151659 0.07298578199052133 0.07109004739336493
8 0.8995260663507109 0.5625592417061611 0.06824644549763033 0.08151658767772511
8 0.8402843601895734 0.5492890995260663 0.06919431279620854 0.07867298578199051
9 0.7962085308056872 0.5341232227488152 0.04928909952606635 0.04834123222748815
9 0.7592417061611374 0.5284360189573459 0.04739336492890995 0.03696682464454976
1 0.7194312796208531 0.5255924170616114 0.05118483412322275 0.031279620853080566
6 0.6791469194312796 0.5255924170616114 0.052132701421800945 0.031279620853080566
6 0.638388625592417 0.5374407582938389 0.06919431279620854 0.054976303317535544