3 0.985781990521327 0.16587677725118483 0.02843601895734597 0.04928909952606635
4 0.9786729857819905 0.21753554502369668 0.04265402843601896 0.04454976303317536
4 0.976303317535545 0.2663507109004739 0.04454976303317536 0.03981042654028436
3 0.6497630331753554 0.25071090047393363 0.05023696682464455 0.05308056872037915
3 0.6829383886255924 0.2890995260663507 0.043601895734597156 0.04549763033175355
4 0.7165876777251184 0.32701421800947866 0.046445497630331754 0.043601895734597156
6 0.9251184834123223 0.3872037914691943 0.06066350710900474 0.06350710900473934
6 0.8947867298578199 0.4052132701421801 0.055924170616113746 0.06066350710900474
6 0.8625592417061612 0.4109004739336493 0.05023696682464455 0.05781990521327014
6 0.8274881516587678 0.4151658767772512 0.05308056872037915 0.05781990521327014
1 0.785781990521327 0.4014218009478673 0.061611374407582936 0.06350710900473934
9 0.7483412322274882 0.3758293838862559 0.06445497630331753 0.06824644549763033
1 0.952132701421801 0.36018957345971564 0.06445497630331753 0.06729857819905213
9 0.9677725118483412 0.3132701421800948 0.06445497630331753 0.06350710900473934
3 0.3061611374407583 0.7672985781990521 0.05402843601895735 0.05971563981042654
9 0.25781990521327014 0.7909952606635071 0.08625592417061612 0.07962085308056872
8 0.23127962085308057 0.8459715639810427 0.0881516587677725 0.08341232227488152
9 0.5597156398104265 0.8516587677725118 0.01990521327014218 0.07867298578199051
1 0.33127962085308055 0.7061611374407583 0.0909952606635071 0.0947867298578199
1 0.5540284360189573 0.7872037914691943 0.031279620853080566 0.09004739336492891
6 0.5450236966824644 0.7241706161137441 0.04928909952606635 0.07582938388625593
6 0.38293838862559243 0.6791469194312796 0.07962085308056872 0.08151658767772511
6 0.5118483412322274 0.6909952606635071 0.07772511848341232 0.08720379146919431
6 0.45260663507109006 0.6729857819905213 0.08436018957345971 0.08909952606635071
8 0.7853080568720379 0.4966824644549763 0.0976303317535545 0.07393364928909953
4 0.7426540284360189 0.5175355450236967 0.043601895734597156 0.04549763033175355
4 0.7037914691943128 0.5369668246445498 0.03886255924170616 0.03696682464454976
9 0.6516587677725119 0.5748815165876777 0.06350710900473934 0.06066350710900474
1 0.6066350710900474 0.5881516587677725 0.05781990521327014 0.06635071090047394
6 0.5800947867298578 0.5914691943127962 0.02085308056872038 0.06445497630331753