8 0.12180094786729857 0.09146919431279621 0.07962085308056872 0.07962085308056872
8 0.14928909952606634 0.15687203791469195 0.07203791469194312 0.07677725118483412
9 0.17014218009478674 0.2104265402843602 0.054976303317535544 0.04928909952606635
9 0.17677725118483412 0.25308056872037915 0.05118483412322275 0.046445497630331754
9 0.013270142180094787 0.37109004739336493 0.026540284360189573 0.05023696682464455
1 0.045023696682464455 0.37867298578199055 0.046445497630331754 0.058767772511848344
1 0.17535545023696683 0.2971563981042654 0.055924170616113746 0.052132701421800945
6 0.17203791469194313 0.33649289099526064 0.05118483412322275 0.055924170616113746
6 0.14312796208530806 0.35355450236966823 0.04834123222748815 0.05687203791469194
6 0.11800947867298578 0.37203791469194314 0.04834123222748815 0.05781990521327014
6 0.0867298578199052 0.3824644549763033 0.043601895734597156 0.058767772511848344
9 0.8663507109004739 0.10995260663507109 0.05308056872037915 0.05118483412322275
9 0.8436018957345972 0.07488151658767772 0.05402843601895735 0.05118483412322275
9 0.6350710900473934 0.11895734597156397 0.05118483412322275 0.05402843601895735
9 0.6507109004739337 0.07914691943127962 0.04928909952606635 0.04928909952606635
1 0.6739336492890995 0.043601895734597156 0.04739336492890995 0.04834123222748815
1 0.8218009478672986 0.03886255924170616 0.04549763033175355 0.04834123222748815
6 0.7933649289099526 0.03838862559241706 0.03981042654028436 0.046445497630331754
6 0.7611374407582938 0.034123222748815164 0.03601895734597156 0.04265402843601896
6 0.7308056872037915 0.034123222748815164 0.03696682464454976 0.04075829383886256
6 0.7014218009478673 0.04075829383886256 0.04075829383886256 0.043601895734597156
8 0.43507109004739336 0.9009478672985782 0.06350710900473934 0.06255924170616113
8 0.4483412322274882 0.9464454976303317 0.04170616113744076 0.05781990521327014
9 0.45734597156398105 0.9834123222748815 0.023696682464454975 0.03317535545023697
3 0.5971563981042654 0.6066350710900474 0.046445497630331754 0.058767772511848344
3 0.6549763033175355 0.6459715639810426 0.04739336492890995 0.052132701421800945
3 0.7317535545023697 0.70521327014218 0.05023696682464455 0.03981042654028436
6 0.8265402843601896 0.7393364928909952 0.04549763033175355 0.07298578199052133
6 0.8630331753554502 0.7322274881516587 0.04075829383886256 0.06635071090047394
6 0.8919431279620853 0.7203791469194313 0.04834123222748815 0.06066350710900474
6 0.909952606635071 0.695260663507109 0.06066350710900474 0.05687203791469194
1 0.7834123222748816 0.7312796208530805 0.054976303317535544 0.08056872037914692
1 0.9142180094786729 0.6526066350710901 0.07962085308056872 0.06445497630331753
9 0.9246445497630332 0.6066350710900474 0.07393364928909953 0.05971563981042654
9 0.9293838862559242 0.556872037914692 0.06445497630331753 0.04928909952606635