8 0.6772511848341233 0.16398104265402844 0.08530805687203792 0.09004739336492891
9 0.6274881516587678 0.2502369668246445 0.055924170616113746 0.05781990521327014
1 0.6066350710900474 0.2829383886255924 0.054976303317535544 0.05402843601895735
8 0.015165876777251185 0.6436018957345971 0.03033175355450237 0.08720379146919431
8 0.032701421800947865 0.6995260663507109 0.06540284360189573 0.07772511848341232
9 0.057345971563981045 0.747867298578199 0.05971563981042654 0.06066350710900474
1 0.09336492890995261 0.781042654028436 0.04928909952606635 0.05781990521327014
6 0.13175355450236967 0.7928909952606635 0.052132701421800945 0.05402843601895735
6 0.16777251184834124 0.7895734597156399 0.04454976303317536 0.054976303317535544
6 0.1976303317535545 0.7819905213270142 0.052132701421800945 0.05118483412322275
6 0.23270142180094786 0.7654028436018957 0.04834123222748815 0.052132701421800945
1 0.25497630331753557 0.7350710900473933 0.054976303317535544 0.05781990521327014
9 0.27630331753554505 0.6876777251184835 0.06066350710900474 0.05971563981042654
8 0.27440758293838863 0.6322274881516587 0.07109004739336493 0.07014218009478673
8 0.2938388625592417 0.5658767772511848 0.09289099526066351 0.09004739336492891
8 0.290521327014218 0.5028436018957346 0.08151658767772511 0.06066350710900474
8 0.8274881516587678 0.837914691943128 0.08436018957345971 0.08056872037914692
8 0.85260663507109 0.7834123222748816 0.08151658767772511 0.08341232227488152
9 0.8658767772511848 0.7312796208530805 0.06919431279620854 0.06255924170616113
9 0.8786729857819905 0.6900473933649289 0.07109004739336493 0.061611374407582936
3 0.9 0.6545023696682465 0.03601895734597156 0.03696682464454976
3 0.9436018957345972 0.6189573459715639 0.037914691943127965 0.03981042654028436