9 0.17962085308056872 0.409478672985782 0.05402843601895735 0.07014218009478673
1 0.13459715639810427 0.4199052132701422 0.054976303317535544 0.05687203791469194
2 0.025592417061611375 0.31516587677725116 0.05118483412322275 0.04834123222748815
6 0.09336492890995261 0.4184834123222749 0.04834123222748815 0.05687203791469194
6 0.06113744075829384 0.4056872037914692 0.046445497630331754 0.054976303317535544
6 0.03981042654028436 0.38909952606635073 0.04928909952606635 0.055924170616113746
6 0.026066350710900472 0.35734597156398107 0.052132701421800945 0.05687203791469194
8 0.8516587677725118 0.2028436018957346 0.08625592417061612 0.09004739336492891
8 0.8947867298578199 0.16208530805687205 0.08530805687203792 0.09004739336492891
9 0.9374407582938389 0.11943127962085308 0.06729857819905213 0.06445497630331753
1 0.9715639810426541 0.09289099526066351 0.05687203791469194 0.06635071090047394
4 0.2772511848341232 0.6407582938388625 0.046445497630331754 0.04170616113744076
9 0.27014218009478674 0.7023696682464455 0.06540284360189573 0.06350710900473934
9 0.25924170616113745 0.7469194312796209 0.05971563981042654 0.05781990521327014
1 0.21990521327014217 0.771563981042654 0.06540284360189573 0.06540284360189573
6 0.195260663507109 0.7938388625592417 0.05402843601895735 0.06729857819905213
6 0.16492890995260664 0.8028436018957346 0.05118483412322275 0.06729857819905213
6 0.12985781990521328 0.8052132701421801 0.04739336492890995 0.06255924170616113
6 0.1033175355450237 0.79478672985782 0.052132701421800945 0.06540284360189573
1 0.06777251184834124 0.7744075829383886 0.05402843601895735 0.07582938388625593
9 0.03317535545023697 0.74739336492891 0.061611374407582936 0.06445497630331753
9 0.015165876777251185 0.7085308056872038 0.03033175355450237 0.06350710900473934
9 0.6895734597156398 0.6265402843601896 0.07488151658767772 0.013270142180094787
1 0.6725118483412322 0.6492890995260664 0.06350710900473934 0.058767772511848344
6 0.5800947867298578 0.6914691943127962 0.02085308056872038 0.06540284360189573
6 0.6118483412322275 0.6957345971563981 0.06824644549763033 0.07014218009478673