8 0.1938388625592417 0.1900473933649289 0.06824644549763033 0.08056872037914692
8 0.25829383886255924 0.176303317535545 0.07298578199052133 0.08151658767772511
9 0.31516587677725116 0.16919431279620853 0.055924170616113746 0.07298578199052133
1 0.4161137440758294 0.17677725118483412 0.06255924170616113 0.06635071090047394
6 0.45639810426540284 0.1928909952606635 0.046445497630331754 0.06350710900473934
7 0.36208530805687206 0.16729857819905214 0.04549763033175355 0.046445497630331754
8 0.7355450236966825 0.4104265402843602 0.06635071090047394 0.07962085308056872
8 0.6758293838862559 0.3957345971563981 0.06635071090047394 0.08436018957345971
9 0.6312796208530805 0.3753554502369668 0.04739336492890995 0.06824644549763033
9 0.5933649289099526 0.36729857819905215 0.04549763033175355 0.06540284360189573
1 0.5540284360189573 0.3644549763033175 0.04928909952606635 0.06066350710900474
6 0.514218009478673 0.3701421800947867 0.05023696682464455 0.05402843601895735
6 0.4933649289099526 0.3876777251184834 0.027488151658767772 0.06635071090047394
8 0.17156398104265402 0.7170616113744076 0.08720379146919431 0.06729857819905213
8 0.15971563981042655 0.7781990521327015 0.08436018957345971 0.07298578199052133
9 0.15118483412322276 0.828909952606635 0.06635071090047394 0.04834123222748815
2 0.16161137440758294 0.8701421800947867 0.055924170616113746 0.03601895734597156
1 0.15781990521327013 0.9165876777251185 0.05971563981042654 0.05781990521327014
1 0.33649289099526064 0.9786729857819905 0.05308056872037915 0.04265402843601896
9 0.36824644549763036 0.9592417061611375 0.06350710900473934 0.06540284360189573
9 0.3943127962085308 0.9350710900473934 0.054976303317535544 0.052132701421800945
8 0.42322274881516586 0.8938388625592417 0.07772511848341232 0.08625592417061612
8 0.45639810426540284 0.8459715639810427 0.046445497630331754 0.08625592417061612
6 0.2966824644549763 0.9862559241706161 0.04928909952606635 0.027488151658767772
6 0.24881516587677724 0.9867298578199052 0.05781990521327014 0.026540284360189573
6 0.1995260663507109 0.9777251184834124 0.05971563981042654 0.04454976303317536
6 0.17298578199052134 0.9545023696682464 0.052132701421800945 0.05118483412322275
8 0.7075829383886256 0.8966824644549763 0.07488151658767772 0.08436018957345971
8 0.7696682464454976 0.8582938388625593 0.0881516587677725 0.1004739336492891
8 0.8445497630331753 0.8464454976303317 0.08625592417061612 0.0985781990521327
9 0.9090047393364928 0.8274881516587678 0.06255924170616113 0.08341232227488152
9 0.9691943127962085 0.8203791469194313 0.058767772511848344 0.08436018957345971