8 0.2772511848341232 0.45592417061611373 0.07582938388625593 0.08909952606635071
8 0.33649289099526064 0.4322274881516588 0.07014218009478673 0.08341232227488152
9 0.385781990521327 0.41753554502369666 0.058767772511848344 0.07393364928909953
9 0.42843601895734595 0.4099526066350711 0.05402843601895735 0.06919431279620854
1 0.4720379146919431 0.4014218009478673 0.054976303317535544 0.06540284360189573
6 0.4890995260663507 0.409478672985782 0.02085308056872038 0.06066350710900474
8 0.5502369668246445 0.509478672985782 0.1014218009478673 0.0995260663507109
8 0.5630331753554503 0.42796208530805685 0.11563981042654028 0.11374407582938388
9 0.580568720379147 0.34786729857819904 0.08909952606635071 0.08246445497630332
9 0.6208530805687204 0.2938388625592417 0.09004739336492891 0.08625592417061612
1 0.657345971563981 0.2502369668246445 0.08056872037914692 0.10710900473933649
6 0.7137440758293839 0.2184834123222749 0.07582938388625593 0.1052132701421801
6 0.762085308056872 0.1881516587677725 0.07298578199052133 0.1080568720379147
6 0.8246445497630331 0.19194312796208532 0.07393364928909953 0.11090047393364928
6 0.8672985781990521 0.22890995260663508 0.06824644549763033 0.0909952606635071
1 0.9203791469194312 0.25497630331753557 0.08530805687203792 0.09289099526066351
9 0.9483412322274881 0.31469194312796206 0.09573459715639811 0.08530805687203792
9 0.9620853080568721 0.3701421800947867 0.07582938388625593 0.08436018957345971
8 0.966824644549763 0.43838862559241704 0.06635071090047394 0.1033175355450237
8 0.9720379146919431 0.5123222748815166 0.055924170616113746 0.0938388625592417
9 0.4706161137440758 0.833175355450237 0.05781990521327014 0.08151658767772511
9 0.23507109004739338 0.9895734597156398 0.08909952606635071 0.02085308056872038
1 0.42890995260663506 0.8118483412322275 0.06824644549763033 0.08341232227488152
1 0.2241706161137441 0.9545023696682464 0.06729857819905213 0.06919431279620854
6 0.37251184834123224 0.8118483412322275 0.061611374407582936 0.06919431279620854
6 0.31516587677725116 0.8255924170616113 0.06919431279620854 0.07298578199052133
6 0.2672985781990521 0.8568720379146919 0.07014218009478673 0.07677725118483412
6 0.23933649289099526 0.9 0.06540284360189573 0.05971563981042654
0 0.6943127962085308 0.5943127962085308 0.06824644549763033 0.07014218009478673
0 0.6853080568720379 0.7208530805687203 0.06350710900473934 0.07298578199052133
0 0.6758293838862559 0.7786729857819905 0.05023696682464455 0.052132701421800945
1 0.671563981042654 0.8412322274881516 0.07014218009478673 0.07203791469194312
6 0.6374407582938388 0.8933649289099526 0.06350710900473934 0.07203791469194312
6 0.5890995260663507 0.9232227488151659 0.07677725118483412 0.08625592417061612
6 0.5322274881516588 0.9379146919431279 0.06540284360189573 0.08056872037914692