9 0.44407582938388623 0.4132701421800948 0.07109004739336493 0.03222748815165877
9 0.4781990521327014 0.3976303317535545 0.06540284360189573 0.06350710900473934
1 0.514218009478673 0.3791469194312796 0.05687203791469194 0.061611374407582936
6 0.543127962085308 0.3739336492890995 0.03222748815165877 0.05402843601895735
9 0.6677725118483412 0.04312796208530806 0.08341232227488152 0.08056872037914692
9 0.6734597156398104 0.10284360189573459 0.07393364928909953 0.07867298578199051
1 0.6535545023696683 0.15450236966824646 0.06540284360189573 0.07298578199052133
6 0.5758293838862559 0.21374407582938387 0.03317535545023697 0.06350710900473934
6 0.6009478672985782 0.204739336492891 0.058767772511848344 0.07488151658767772
6 0.6184834123222749 0.1734597156398104 0.061611374407582936 0.05971563981042654
3 0.262085308056872 0.5563981042654028 0.05781990521327014 0.05971563981042654
3 0.22701421800947869 0.6587677725118484 0.04739336492890995 0.04454976303317536
2 0.008056872037914692 0.804739336492891 0.016113744075829384 0.08909952606635071
6 0.17014218009478674 0.8052132701421801 0.07772511848341232 0.0947867298578199
1 0.2 0.7706161137440758 0.08341232227488152 0.0938388625592417
9 0.23127962085308057 0.7246445497630332 0.07867298578199051 0.08625592417061612
2 0.11374407582938388 0.8232227488151659 0.054976303317535544 0.07677725118483412
9 0.5857819905213271 0.6611374407582938 0.05308056872037915 0.08246445497630332
9 0.8170616113744076 0.45876777251184836 0.08341232227488152 0.058767772511848344
1 0.8232227488151659 0.5113744075829384 0.08246445497630332 0.07393364928909953
1 0.6322274881516587 0.6772511848341233 0.07962085308056872 0.08909952606635071
6 0.6985781990521327 0.657345971563981 0.07014218009478673 0.07677725118483412
6 0.7445497630331753 0.6308056872037915 0.06635071090047394 0.07393364928909953
6 0.7777251184834123 0.6080568720379147 0.07109004739336493 0.07582938388625593
6 0.8052132701421801 0.5691943127962086 0.07109004739336493 0.07677725118483412