3 0.25260663507109005 0.12037914691943127 0.043601895734597156 0.04454976303317536
3 0.3033175355450237 0.12748815165876778 0.043601895734597156 0.04265402843601896
9 0.35260663507109 0.12701421800947868 0.05308056872037915 0.07203791469194312
3 0.6355450236966824 0.37867298578199055 0.055924170616113746 0.05781990521327014
3 0.7151658767772512 0.4895734597156398 0.05781990521327014 0.05781990521327014
8 0.9890995260663508 0.3933649289099526 0.021800947867298578 0.08720379146919431
9 0.9872037914691943 0.44786729857819907 0.025592417061611375 0.06919431279620854
9 0.9834123222748815 0.4938388625592417 0.03317535545023697 0.06824644549763033
1 0.9630331753554502 0.5080568720379147 0.07393364928909953 0.043601895734597156
9 0.74739336492891 0.5194312796208531 0.06350710900473934 0.02085308056872038
6 0.37251184834123224 0.5616113744075829 0.013270142180094787 0.055924170616113746
6 0.35924170616113743 0.5516587677725119 0.03981042654028436 0.043601895734597156
6 0.34739336492890993 0.5407582938388625 0.06350710900473934 0.021800947867298578
8 0.8312796208530806 0.5469194312796208 0.0909952606635071 0.034123222748815164
8 0.771563981042654 0.5658767772511848 0.08909952606635071 0.07203791469194312
9 0.709478672985782 0.5886255924170616 0.07772511848341232 0.07582938388625593
9 0.656872037914692 0.6037914691943128 0.06729857819905213 0.06824644549763033
1 0.6052132701421801 0.5966824644549763 0.06824644549763033 0.06635071090047394
6 0.5710900473933649 0.5777251184834123 0.07298578199052133 0.058767772511848344