3 0.5345971563981042 0.23270142180094786 0.03033175355450237 0.03696682464454976
3 0.4957345971563981 0.2786729857819905 0.04170616113744076 0.037914691943127965
9 0.45545023696682463 0.3303317535545024 0.058767772511848344 0.05687203791469194
9 0.4255924170616114 0.36113744075829385 0.054976303317535544 0.05687203791469194
1 0.3962085308056872 0.3900473933649289 0.04739336492890995 0.05687203791469194
1 0.24075829383886255 0.35023696682464456 0.05308056872037915 0.06066350710900474
9 0.22037914691943128 0.30947867298578197 0.06066350710900474 0.05781990521327014
8 0.21137440758293838 0.25876777251184835 0.06445497630331753 0.05971563981042654
6 0.26303317535545023 0.37772511848341234 0.04549763033175355 0.05687203791469194
6 0.36066350710900474 0.3990521327014218 0.04170616113744076 0.055924170616113746
6 0.3241706161137441 0.3981042654028436 0.03981042654028436 0.05308056872037915
6 0.2938388625592417 0.38909952606635073 0.037914691943127965 0.05402843601895735
8 0.8014218009478673 0.3014218009478673 0.07488151658767772 0.07203791469194312
8 0.7838862559241706 0.35639810426540286 0.07109004739336493 0.06824644549763033
9 0.7758293838862559 0.4080568720379147 0.06350710900473934 0.04739336492890995
9 0.7753554502369668 0.44739336492890996 0.058767772511848344 0.043601895734597156
2 0.03886255924170616 0.690521327014218 0.06350710900473934 0.058767772511848344
9 0.14454976303317535 0.7165876777251184 0.05308056872037915 0.06919431279620854
9 0.18625592417061612 0.7255924170616114 0.04739336492890995 0.06255924170616113
1 0.22796208530805687 0.7327014218009479 0.04834123222748815 0.052132701421800945
6 0.25829383886255924 0.7175355450236967 0.05308056872037915 0.04170616113744076
6 0.2834123222748815 0.7 0.05687203791469194 0.04265402843601896
6 0.2957345971563981 0.6682464454976303 0.05402843601895735 0.04265402843601896
6 0.3042654028436019 0.6445497630331753 0.05308056872037915 0.03981042654028436
3 0.6175355450236967 0.8056872037914692 0.05023696682464455 0.05118483412322275
8 0.9085308056872038 0.7682464454976303 0.07867298578199051 0.08436018957345971
9 0.8976303317535546 0.8274881516587678 0.061611374407582936 0.058767772511848344
9 0.8886255924170616 0.8734597156398104 0.05023696682464455 0.052132701421800945
9 0.6545023696682465 0.8630331753554502 0.06066350710900474 0.06445497630331753
9 0.6872037914691943 0.8947867298578199 0.052132701421800945 0.04928909952606635
1 0.7104265402843601 0.9251184834123223 0.05308056872037915 0.07014218009478673
6 0.7488151658767772 0.9312796208530806 0.03696682464454976 0.058767772511848344
6 0.781042654028436 0.9345971563981043 0.035071090047393366 0.058767772511848344
6 0.8123222748815165 0.9293838862559242 0.034123222748815164 0.05971563981042654
6 0.8412322274881516 0.9232227488151659 0.03981042654028436 0.06255924170616113
1 0.8729857819905213 0.9042654028436019 0.04834123222748815 0.06635071090047394