4 0.28672985781990523 0.37251184834123224 0.03601895734597156 0.035071090047393366
5 0.44644549763033176 0.4786729857819905 0.03886255924170616 0.05023696682464455
5 0.5729857819905213 0.4611374407582938 0.03601895734597156 0.043601895734597156
5 0.5853080568720379 0.43412322274881515 0.03601895734597156 0.04265402843601896
5 0.36018957345971564 0.47440758293838864 0.03886255924170616 0.04549763033175355
5 0.3289099526066351 0.4549763033175355 0.03601895734597156 0.046445497630331754
5 0.3061611374407583 0.42938388625592416 0.034123222748815164 0.04454976303317536
5 0.2933649289099526 0.3990521327014218 0.03981042654028436 0.04075829383886256
1 0.9706161137440759 0.41184834123222747 0.058767772511848344 0.07298578199052133
8 0.3966824644549763 0.8213270142180095 0.08151658767772511 0.08909952606635071
4 0.3161137440758294 0.7928909952606635 0.05308056872037915 0.06635071090047394
9 0.23933649289099526 0.8080568720379147 0.07109004739336493 0.07393364928909953
9 0.18293838862559242 0.8213270142180095 0.05971563981042654 0.07488151658767772
1 0.13554502369668248 0.8440758293838863 0.054976303317535544 0.07203791469194312
6 0.07345971563981042 0.8909952606635071 0.04549763033175355 0.03696682464454976
6 0.11706161137440758 0.8895734597156398 0.052132701421800945 0.058767772511848344
6 0.1018957345971564 0.923696682464455 0.06445497630331753 0.04170616113744076
6 0.0971563981042654 0.9492890995260663 0.08625592417061612 0.04834123222748815
3 0.7445497630331753 0.9180094786729858 0.046445497630331754 0.04265402843601896
8 0.8222748815165877 0.9170616113744076 0.0909952606635071 0.0995260663507109
9 0.890521327014218 0.919431279620853 0.052132701421800945 0.06729857819905213
9 0.9445497630331754 0.923696682464455 0.05308056872037915 0.07014218009478673
1 0.9819905213270143 0.9071090047393365 0.03601895734597156 0.07393364928909953