8 0.3876777251184834 0.36587677725118484 0.09573459715639811 0.0966824644549763
8 0.46303317535545024 0.35260663507109 0.0947867298578199 0.0947867298578199
9 0.5260663507109005 0.34976303317535545 0.06350710900473934 0.07393364928909953
9 0.5729857819905213 0.34360189573459715 0.06540284360189573 0.07298578199052133
1 0.6137440758293838 0.3298578199052133 0.07772511848341232 0.07393364928909953
6 0.6279620853080569 0.3042654028436019 0.06445497630331753 0.05308056872037915
6 0.647867298578199 0.2791469194312796 0.06445497630331753 0.05023696682464455
9 0.7123222748815166 0.4758293838862559 0.025592417061611375 0.06824644549763033
9 0.9246445497630332 0.46161137440758293 0.06824644549763033 0.07867298578199051
9 0.9175355450236967 0.4161137440758294 0.07582938388625593 0.06445497630331753
1 0.7170616113744076 0.4369668246445498 0.035071090047393366 0.07393364928909953
1 0.8848341232227488 0.3914691943127962 0.06255924170616113 0.07582938388625593
6 0.7298578199052133 0.404739336492891 0.05308056872037915 0.06729857819905213
6 0.7654028436018957 0.385781990521327 0.06445497630331753 0.07867298578199051
6 0.8085308056872038 0.37345971563981045 0.06350710900473934 0.07488151658767772
6 0.8507109004739336 0.37772511848341234 0.05023696682464455 0.05781990521327014
8 0.9554502369668246 0.4758293838862559 0.08909952606635071 0.06824644549763033
9 0.28199052132701424 0.5848341232227489 0.07582938388625593 0.08056872037914692
9 0.24170616113744076 0.6218009478672986 0.07582938388625593 0.07582938388625593
1 0.20900473933649288 0.671090047393365 0.0909952606635071 0.09289099526066351
6 0.1881516587677725 0.7056872037914692 0.08341232227488152 0.07677725118483412
6 0.1872037914691943 0.7502369668246446 0.10426540284360189 0.07677725118483412
6 0.1938388625592417 0.790521327014218 0.0995260663507109 0.07203791469194312
6 0.2241706161137441 0.8251184834123223 0.1004739336492891 0.07298578199052133
1 0.26398104265402844 0.8492890995260663 0.08341232227488152 0.08246445497630332
9 0.32654028436018956 0.8677725118483413 0.08341232227488152 0.08341232227488152
6 0.9872037914691943 0.771090047393365 0.025592417061611375 0.05023696682464455