8 0.3085308056872038 0.37867298578199055 0.08151658767772511 0.0909952606635071
9 0.24928909952606634 0.3909952606635071 0.058767772511848344 0.06919431279620854
9 0.2018957345971564 0.3957345971563981 0.05308056872037915 0.06255924170616113
1 0.15734597156398103 0.3867298578199052 0.052132701421800945 0.05687203791469194
6 0.13033175355450238 0.36540284360189573 0.05308056872037915 0.05023696682464455
6 0.12180094786729857 0.33317535545023697 0.054976303317535544 0.03696682464454976
6 0.11090047393364928 0.3137440758293839 0.055924170616113746 0.031279620853080566
9 0.6222748815165877 0.0990521327014218 0.06635071090047394 0.07109004739336493
9 0.5729857819905213 0.12180094786729857 0.06635071090047394 0.06635071090047394
1 0.5265402843601896 0.15829383886255924 0.07962085308056872 0.08246445497630332
6 0.4957345971563981 0.1853080568720379 0.07488151658767772 0.06635071090047394
6 0.4815165876777251 0.22701421800947869 0.0976303317535545 0.06255924170616113
6 0.47535545023696685 0.2672985781990521 0.09289099526066351 0.05781990521327014
6 0.4933649289099526 0.30947867298578197 0.0947867298578199 0.058767772511848344
1 0.523696682464455 0.34502369668246446 0.07393364928909953 0.07203791469194312
9 0.5777251184834123 0.3819905213270142 0.07298578199052133 0.07393364928909953
8 0.14028436018957346 0.8767772511848341 0.11279620853080569 0.1014218009478673
8 0.11658767772511848 0.8132701421800947 0.1004739336492891 0.10900473933649289
3 0.021800947867298578 0.7336492890995261 0.04075829383886256 0.04549763033175355
3 0.06113744075829384 0.7843601895734598 0.04265402843601896 0.05023696682464455
4 0.6436018957345971 0.7322274881516587 0.04454976303317536 0.04265402843601896
4 0.5601895734597157 0.7260663507109004 0.035071090047393366 0.029383886255924172
9 0.4710900473933649 0.8118483412322275 0.06919431279620854 0.05971563981042654
9 0.490521327014218 0.7682464454976303 0.07393364928909953 0.05781990521327014
1 0.5123222748815166 0.7312796208530805 0.05781990521327014 0.06635071090047394
3 0.46161137440758293 0.8663507109004739 0.03981042654028436 0.04170616113744076
1 0.7175355450236967 0.7374407582938388 0.06066350710900474 0.06919431279620854
9 0.7327014218009479 0.7848341232227488 0.07298578199052133 0.06540284360189573
9 0.7587677725118483 0.8279620853080568 0.06824644549763033 0.06445497630331753