8 0.38909952606635073 0.25355450236966826 0.07962085308056872 0.08246445497630332
8 0.45545023696682463 0.24265402843601896 0.07677725118483412 0.08436018957345971
9 0.4919431279620853 0.23270142180094786 0.015165876777251185 0.07298578199052133
9 0.8687203791469195 0.26303317535545023 0.061611374407582936 0.05023696682464455
9 0.8554502369668247 0.21943127962085307 0.06255924170616113 0.05971563981042654
9 0.6042654028436019 0.24786729857819906 0.05971563981042654 0.05781990521327014
9 0.6279620853080569 0.209478672985782 0.05308056872037915 0.054976303317535544
1 0.656872037914692 0.1848341232227488 0.05402843601895735 0.07867298578199051
6 0.6924170616113744 0.17061611374407584 0.046445497630331754 0.06445497630331753
6 0.7227488151658767 0.15687203791469195 0.04075829383886256 0.05971563981042654
6 0.7578199052132701 0.16208530805687205 0.04928909952606635 0.06066350710900474
6 0.7881516587677725 0.17582938388625594 0.05118483412322275 0.07014218009478673
1 0.8232227488151659 0.1872037914691943 0.054976303317535544 0.07298578199052133
8 0.8819905213270142 0.3056872037914692 0.0881516587677725 0.05781990521327014
8 0.5843601895734597 0.2895734597156398 0.08341232227488152 0.05781990521327014
3 0.24360189573459715 0.4725118483412322 0.04834123222748815 0.05118483412322275
3 0.23080568720379147 0.523696682464455 0.04549763033175355 0.04454976303317536
3 0.22464454976303316 0.581042654028436 0.05402843601895735 0.04928909952606635
9 0.2009478672985782 0.6355450236966824 0.05687203791469194 0.06445497630331753
1 0.004739336492890996 0.6933649289099526 0.009478672985781991 0.046445497630331754
1 0.17109004739336492 0.6691943127962086 0.04549763033175355 0.04928909952606635
6 0.13933649289099526 0.7 0.043601895734597156 0.05118483412322275
6 0.1061611374407583 0.7161137440758294 0.04454976303317536 0.05402843601895735
6 0.06492890995260664 0.7194312796208531 0.04928909952606635 0.05118483412322275
6 0.024170616113744076 0.7170616113744076 0.04834123222748815 0.055924170616113746
8 0.7568720379146919 0.904739336492891 0.1052132701421801 0.11943127962085308
9 0.9616113744075829 0.6630331753554503 0.07298578199052133 0.07393364928909953
1 0.9061611374407583 0.6374407582938388 0.06540284360189573 0.09194312796208531
1 0.7611374407582938 0.74739336492891 0.0995260663507109 0.08720379146919431
6 0.8488151658767773 0.6260663507109004 0.06066350710900474 0.058767772511848344
6 0.8066350710900474 0.6393364928909953 0.055924170616113746 0.055924170616113746
6 0.7744075829383886 0.6611374407582938 0.05402843601895735 0.055924170616113746
6 0.7502369668246446 0.6924170616113744 0.05023696682464455 0.05781990521327014