8 0.23270142180094786 0.2066350710900474 0.09194312796208531 0.1023696682464455
8 0.2966824644549763 0.195260663507109 0.08909952606635071 0.09573459715639811
9 0.35165876777251187 0.1853080568720379 0.07014218009478673 0.07772511848341232
4 0.3957345971563981 0.1843601895734597 0.05023696682464455 0.05023696682464455
1 0.45355450236966827 0.18388625592417063 0.06919431279620854 0.07014218009478673
6 0.48530805687203793 0.20616113744075829 0.04928909952606635 0.06729857819905213
6 0.4985781990521327 0.24407582938388625 0.022748815165876776 0.07298578199052133
1 0.8165876777251185 0.00995260663507109 0.06350710900473934 0.01990521327014218
3 0.7772511848341233 0.012796208530805687 0.04739336492890995 0.025592417061611375
3 0.6872037914691943 0.006635071090047393 0.04549763033175355 0.013270142180094787
7 0.3232227488151659 0.7668246445497631 0.07488151658767772 0.07677725118483412
7 0.39478672985781993 0.7767772511848341 0.06729857819905213 0.08056872037914692
7 0.46777251184834123 0.7734597156398104 0.05118483412322275 0.04454976303317536
7 0.5023696682464455 0.790521327014218 0.015165876777251185 0.03981042654028436
3 0.6862559241706161 0.928436018957346 0.046445497630331754 0.04739336492890995
8 0.5379146919431279 0.656872037914692 0.055924170616113746 0.07393364928909953
8 0.5255924170616114 0.7033175355450237 0.031279620853080566 0.07582938388625593
9 0.5928909952606635 0.9625592417061611 0.06445497630331753 0.06824644549763033
9 0.6350710900473934 0.9511848341232227 0.06729857819905213 0.07014218009478673
1 0.5450236966824644 0.9639810426540284 0.07014218009478673 0.07203791469194312
6 0.5279620853080569 0.943127962085308 0.03601895734597156 0.06255924170616113