8 0.47535545023696685 0.21943127962085307 0.07772511848341232 0.08625592417061612
8 0.4052132701421801 0.2241706161137441 0.08246445497630332 0.08436018957345971
9 0.3341232227488152 0.2241706161137441 0.055924170616113746 0.06540284360189573
9 0.37345971563981045 0.1976303317535545 0.05971563981042654 0.06255924170616113
1 0.2890995260663507 0.22227488151658767 0.055924170616113746 0.055924170616113746
6 0.26018957345971566 0.2080568720379147 0.06066350710900474 0.04265402843601896
8 0.6454976303317536 0.5099526066350711 0.07582938388625593 0.058767772511848344
9 0.7668246445497631 0.4867298578199052 0.05687203791469194 0.07203791469194312
3 0.8071090047393364 0.4872037914691943 0.03981042654028436 0.04454976303317536
1 0.8658767772511848 0.47488151658767774 0.06255924170616113 0.061611374407582936
6 0.9109004739336493 0.4876777251184834 0.06540284360189573 0.05971563981042654
6 0.9473933649289099 0.5146919431279621 0.07488151658767772 0.04928909952606635
7 0.7061611374407583 0.5075829383886256 0.06255924170616113 0.06350710900473934
8 0.3758293838862559 0.6663507109004739 0.08909952606635071 0.08909952606635071
8 0.06587677725118483 0.5545023696682464 0.09573459715639811 0.03033175355450237
9 0.052132701421800945 0.5853080568720379 0.06729857819905213 0.052132701421800945
9 0.04170616113744076 0.6317535545023697 0.06445497630331753 0.05308056872037915
8 0.3118483412322275 0.7260663507109004 0.0909952606635071 0.0938388625592417
9 0.2611374407582938 0.7677725118483413 0.06350710900473934 0.07393364928909953
9 0.21800947867298578 0.790521327014218 0.05402843601895735 0.06350710900473934
1 0.047867298578199054 0.6862559241706161 0.07772511848341232 0.07109004739336493
1 0.17109004739336492 0.7943127962085308 0.05118483412322275 0.07014218009478673
6 0.13412322274881516 0.7838862559241706 0.04454976303317536 0.07488151658767772
6 0.10426540284360189 0.7720379146919432 0.04739336492890995 0.07109004739336493
6 0.07867298578199051 0.7587677725118483 0.058767772511848344 0.061611374407582936
6 0.05402843601895735 0.7327014218009479 0.06350710900473934 0.06729857819905213
2 0.728909952606635 0.8943127962085308 0.06824644549763033 0.06824644549763033
3 0.6962085308056872 0.9597156398104265 0.037914691943127965 0.03981042654028436
9 0.6947867298578199 0.9919431279620853 0.05687203791469194 0.016113744075829384