6 0.13649289099526066 0.3298578199052133 0.05781990521327014 0.06729857819905213
6 0.08767772511848342 0.3241706161137441 0.05402843601895735 0.07014218009478673
6 0.18056872037914692 0.33886255924170616 0.04265402843601896 0.052132701421800945
6 0.06255924170616113 0.31516587677725116 0.04170616113744076 0.04834123222748815
1 0.04123222748815166 0.2933649289099526 0.05308056872037915 0.07298578199052133
1 0.2066350710900474 0.3165876777251185 0.05308056872037915 0.07582938388625593
9 0.02985781990521327 0.2611374407582938 0.05971563981042654 0.06919431279620854
9 0.23649289099526066 0.2981042654028436 0.06066350710900474 0.06824644549763033
9 0.2734597156398104 0.28056872037914693 0.06540284360189573 0.08246445497630332
9 0.022748815165876776 0.22606635071090048 0.04549763033175355 0.07109004739336493
2 0.7350710900473933 0.2886255924170616 0.07772511848341232 0.07772511848341232
9 0.9800947867298578 0.44407582938388623 0.03981042654028436 0.06729857819905213
1 0.9559241706161138 0.48625592417061614 0.055924170616113746 0.06255924170616113
9 0.7445497630331753 0.34407582938388626 0.05971563981042654 0.06066350710900474
9 0.7535545023696683 0.3971563981042654 0.06066350710900474 0.06255924170616113
6 0.9109004739336493 0.4981042654028436 0.052132701421800945 0.05118483412322275
6 0.871563981042654 0.5042654028436019 0.04454976303317536 0.05118483412322275
6 0.8364928909952607 0.4947867298578199 0.04170616113744076 0.04549763033175355
6 0.8014218009478673 0.4758293838862559 0.05023696682464455 0.05308056872037915
1 0.7753554502369668 0.44739336492890996 0.05781990521327014 0.05781990521327014
7 0.7255924170616114 0.2123222748815166 0.07203791469194312 0.07393364928909953
8 0.34786729857819904 0.5677725118483412 0.06445497630331753 0.06919431279620854
8 0.3080568720379147 0.5545023696682464 0.06066350710900474 0.04928909952606635
9 0.2672985781990521 0.5421800947867299 0.043601895734597156 0.024644549763033177
6 0.11516587677725118 0.5421800947867299 0.06350710900473934 0.024644549763033177
6 0.0867298578199052 0.5578199052132702 0.05971563981042654 0.055924170616113746
6 0.5739336492890995 0.5824644549763033 0.06919431279620854 0.05971563981042654
1 0.6170616113744076 0.6080568720379147 0.06824644549763033 0.07298578199052133
9 0.6374407582938388 0.6625592417061611 0.09194312796208531 0.07677725118483412
9 0.6521327014218009 0.7061611374407583 0.09289099526066351 0.06350710900473934