8 0.36161137440758295 0.11232227488151658 0.08530805687203792 0.08625592417061612
8 0.37156398104265403 0.04170616113744076 0.08720379146919431 0.08341232227488152
9 0.37109004739336493 0.007582938388625593 0.061611374407582936 0.015165876777251185
8 0.4867298578199052 0.8459715639810427 0.07962085308056872 0.0881516587677725
8 0.45876777251184836 0.7824644549763033 0.07772511848341232 0.08246445497630332
9 0.43033175355450237 0.7341232227488151 0.07014218009478673 0.06729857819905213
1 0.3962085308056872 0.7023696682464455 0.061611374407582936 0.06350710900473934
6 0.3582938388625592 0.6867298578199053 0.04549763033175355 0.06729857819905213
6 0.3241706161137441 0.6819905213270142 0.04265402843601896 0.055924170616113746
6 0.2829383886255924 0.6890995260663507 0.04928909952606635 0.06729857819905213
6 0.24170616113744076 0.7014218009478673 0.054976303317535544 0.06066350710900474
8 0.8701421800947867 0.5582938388625592 0.0881516587677725 0.0909952606635071
9 0.8943127962085308 0.6085308056872037 0.07014218009478673 0.07298578199052133
9 0.918957345971564 0.6559241706161137 0.06824644549763033 0.06919431279620854
1 0.9436018957345972 0.6962085308056872 0.05971563981042654 0.07109004739336493
6 0.9909952606635071 0.737914691943128 0.01800947867298578 0.08246445497630332
6 0.9715639810426541 0.7194312796208531 0.05687203791469194 0.07393364928909953