8 0.0995260663507109 0.0976303317535545 0.0995260663507109 0.09289099526066351
8 0.11848341232227488 0.03601895734597156 0.0966824644549763 0.07203791469194312
8 0.4317535545023697 0.10710900473933649 0.0938388625592417 0.09573459715639811
8 0.42890995260663506 0.046445497630331754 0.0976303317535545 0.09289099526066351
9 0.41184834123222747 0.01042654028436019 0.07488151658767772 0.02085308056872038
8 0.9625592417061611 0.35308056872037913 0.07488151658767772 0.08625592417061612
8 0.9004739336492891 0.32654028436018956 0.0909952606635071 0.0909952606635071
9 0.8407582938388626 0.3080568720379147 0.054976303317535544 0.058767772511848344
9 0.7933649289099526 0.2895734597156398 0.05118483412322275 0.05687203791469194
1 0.7459715639810427 0.285781990521327 0.06824644549763033 0.058767772511848344
6 0.7075829383886256 0.3023696682464455 0.08341232227488152 0.061611374407582936
6 0.6796208530805687 0.3350710900473934 0.07772511848341232 0.054976303317535544
8 0.5654028436018957 0.9597156398104265 0.06919431279620854 0.08056872037914692
8 0.5132701421800948 0.942654028436019 0.09289099526066351 0.0966824644549763
9 0.46161137440758293 0.943127962085308 0.06729857819905213 0.06729857819905213
9 0.418957345971564 0.9184834123222749 0.06729857819905213 0.07962085308056872
1 0.3691943127962085 0.904739336492891 0.07014218009478673 0.07582938388625593
3 0.8890995260663507 0.5691943127962086 0.05402843601895735 0.055924170616113746
9 0.9454976303317536 0.5701421800947867 0.07109004739336493 0.0881516587677725
9 0.9824644549763033 0.5857819905213271 0.035071090047393366 0.0909952606635071
8 0.8260663507109005 0.5407582938388625 0.09194312796208531 0.1014218009478673