2 0.33270142180094786 0.2947867298578199 0.034123222748815164 0.07582938388625593
3 0.328436018957346 0.24075829383886255 0.04265402843601896 0.04549763033175355
2 0.3137440758293839 0.1995260663507109 0.07109004739336493 0.05971563981042654
2 0.2933649289099526 0.15734597156398103 0.07677725118483412 0.06066350710900474
1 0.27109004739336495 0.11137440758293839 0.07677725118483412 0.07582938388625593
6 0.3165876777251185 0.011374407582938388 0.06635071090047394 0.022748815165876776
6 0.2843601895734597 0.02843601895734597 0.07393364928909953 0.05687203791469194
6 0.2800947867298578 0.06540284360189573 0.06445497630331753 0.06729857819905213
8 0.3753554502369668 0.12322274881516587 0.05118483412322275 0.08909952606635071
8 0.4156398104265403 0.14644549763033177 0.08436018957345971 0.09004739336492891
4 0.4725118483412322 0.14976303317535544 0.04265402843601896 0.043601895734597156
9 0.5232227488151658 0.15829383886255924 0.06255924170616113 0.06824644549763033
9 0.5682464454976304 0.14976303317535544 0.06255924170616113 0.06445497630331753
1 0.6109004739336493 0.14218009478672985 0.06445497630331753 0.06445497630331753
6 0.6213270142180095 0.11990521327014218 0.05687203791469194 0.054976303317535544
6 0.638388625592417 0.0962085308056872 0.05687203791469194 0.04834123222748815
6 0.656872037914692 0.08009478672985781 0.061611374407582936 0.05023696682464455
1 0.01848341232227488 0.876303317535545 0.03696682464454976 0.07677725118483412
6 0.04834123222748815 0.8753554502369668 0.07014218009478673 0.06445497630331753
6 0.08720379146919431 0.8914691943127963 0.07109004739336493 0.06350710900473934
6 0.11042654028436019 0.9137440758293839 0.07582938388625593 0.06066350710900474
6 0.12938388625592417 0.9530805687203792 0.07298578199052133 0.06066350710900474
8 0.7734597156398104 0.6559241706161137 0.08341232227488152 0.08625592417061612
8 0.42985781990521327 0.5919431279620853 0.07677725118483412 0.025592417061611375
8 0.718957345971564 0.704265402843602 0.08151658767772511 0.08436018957345971
9 0.6800947867298578 0.7464454976303317 0.06635071090047394 0.06824644549763033
9 0.6369668246445498 0.7744075829383886 0.061611374407582936 0.07298578199052133
9 0.42890995260663506 0.6208530805687204 0.05308056872037915 0.052132701421800945
9 0.4369668246445498 0.671563981042654 0.06255924170616113 0.061611374407582936
1 0.45402843601895737 0.7180094786729858 0.08151658767772511 0.07014218009478673
1 0.5895734597156398 0.790521327014218 0.06729857819905213 0.07867298578199051
6 0.5521327014218009 0.8090047393364929 0.04928909952606635 0.04739336492890995
6 0.5175355450236967 0.8004739336492891 0.052132701421800945 0.04928909952606635
6 0.4890995260663507 0.7876777251184834 0.04739336492890995 0.04170616113744076
6 0.46919431279620855 0.7582938388625592 0.06255924170616113 0.05971563981042654