8 0.2772511848341232 0.22843601895734597 0.08436018957345971 0.08246445497630332
8 0.2914691943127962 0.2966824644549763 0.07772511848341232 0.08056872037914692
9 0.3090047393364929 0.34928909952606635 0.05971563981042654 0.05781990521327014
9 0.3222748815165877 0.3933649289099526 0.05687203791469194 0.05308056872037915
8 0.5890995260663507 0.23554502369668245 0.0976303317535545 0.0947867298578199
8 0.566824644549763 0.304739336492891 0.08436018957345971 0.08625592417061612
9 0.542654028436019 0.3582938388625592 0.061611374407582936 0.061611374407582936
9 0.5293838862559241 0.4028436018957346 0.05118483412322275 0.054976303317535544
1 0.5009478672985782 0.4312796208530806 0.04739336492890995 0.05308056872037915
1 0.34502369668246446 0.4270142180094787 0.046445497630331754 0.04834123222748815
6 0.46919431279620855 0.44454976303317534 0.04265402843601896 0.04549763033175355
6 0.43554502369668247 0.45260663507109006 0.03981042654028436 0.04739336492890995
6 0.4023696682464455 0.4483412322274882 0.04075829383886256 0.043601895734597156
6 0.37156398104265403 0.44123222748815166 0.04265402843601896 0.04454976303317536
9 0.7819905213270142 0.2213270142180095 0.08436018957345971 0.07298578199052133
9 0.7962085308056872 0.17582938388625594 0.07867298578199051 0.07582938388625593
1 0.8232227488151659 0.13933649289099526 0.07298578199052133 0.07867298578199051
6 0.8383886255924171 0.1018957345971564 0.06255924170616113 0.07393364928909953
6 0.8805687203791469 0.0867298578199052 0.05971563981042654 0.07867298578199051
6 0.9345971563981043 0.06824644549763033 0.06445497630331753 0.07867298578199051
6 0.9772511848341232 0.06729857819905213 0.04549763033175355 0.07393364928909953
2 0.3706161137440758 0.6890995260663507 0.08151658767772511 0.08625592417061612
8 0.3028436018957346 0.7218009478672985 0.08720379146919431 0.0976303317535545
9 0.24218009478672986 0.7450236966824645 0.06255924170616113 0.07962085308056872
9 0.18672985781990523 0.7601895734597156 0.06635071090047394 0.07772511848341232
1 0.13175355450236967 0.7720379146919432 0.06255924170616113 0.06540284360189573
6 0.0867298578199052 0.7606635071090048 0.05118483412322275 0.054976303317535544
6 0.054976303317535544 0.7450236966824645 0.04739336492890995 0.05023696682464455
6 0.029383886255924172 0.7137440758293839 0.05308056872037915 0.04265402843601896
6 0.024170616113744076 0.6767772511848341 0.04834123222748815 0.04928909952606635
3 0.7274881516587678 0.5838862559241706 0.055924170616113746 0.02843601895734597
3 0.761611374407583 0.6194312796208531 0.05402843601895735 0.052132701421800945
9 0.8014218009478673 0.6654028436018957 0.05971563981042654 0.05781990521327014
1 0.8473933649289099 0.6900473933649289 0.05781990521327014 0.06255924170616113
1 0.9943127962085309 0.6587677725118484 0.011374407582938388 0.06255924170616113
6 0.9781990521327014 0.6772511848341233 0.043601895734597156 0.055924170616113746
6 0.9516587677725118 0.6976303317535545 0.03317535545023697 0.046445497630331754
6 0.918957345971564 0.7066350710900474 0.037914691943127965 0.04928909952606635
6 0.8919431279620853 0.6943127962085308 0.037914691943127965 0.04834123222748815