8 0.0881516587677725 0.35971563981042654 0.07867298578199051 0.08246445497630332
8 0.14454976303317535 0.390521327014218 0.07962085308056872 0.08436018957345971
9 0.19478672985781992 0.4080568720379147 0.05023696682464455 0.061611374407582936
3 0.22654028436018958 0.4071090047393365 0.03222748815165877 0.03317535545023697
1 0.27014218009478674 0.4251184834123223 0.05971563981042654 0.05971563981042654
6 0.31990521327014215 0.4270142180094787 0.055924170616113746 0.055924170616113746
6 0.36208530805687206 0.4146919431279621 0.07014218009478673 0.06445497630331753
4 0.8734597156398104 0.25781990521327014 0.043601895734597156 0.04454976303317536
3 0.9308056872037914 0.28151658767772514 0.043601895734597156 0.04075829383886256
9 0.9815165876777251 0.2824644549763033 0.03696682464454976 0.06824644549763033
8 0.13459715639810427 0.7170616113744076 0.08530805687203792 0.08246445497630332
8 0.1943127962085308 0.7625592417061612 0.08909952606635071 0.08530805687203792
9 0.24739336492890995 0.8066350710900474 0.05781990521327014 0.06540284360189573
9 0.285781990521327 0.8473933649289099 0.058767772511848344 0.061611374407582936
6 0.3061611374407583 0.9881516587677726 0.05118483412322275 0.023696682464454975
6 0.3175355450236967 0.966824644549763 0.05687203791469194 0.04834123222748815
6 0.3194312796208531 0.9270142180094787 0.054976303317535544 0.05781990521327014
1 0.32701421800947866 0.8772511848341232 0.05023696682464455 0.05781990521327014
8 0.8933649289099526 0.6886255924170616 0.08625592417061612 0.05781990521327014
8 0.6545023696682465 0.7582938388625592 0.029383886255924172 0.06824644549763033
9 0.6696682464454976 0.7938388625592417 0.054976303317535544 0.061611374407582936
9 0.8867298578199052 0.7298578199052133 0.06635071090047394 0.05687203791469194
9 0.866824644549763 0.771090047393365 0.05687203791469194 0.05402843601895735
1 0.8592417061611375 0.8056872037914692 0.06255924170616113 0.06635071090047394
1 0.7421800947867299 0.8341232227488151 0.054976303317535544 0.07298578199052133
9 0.7028436018957346 0.8241706161137441 0.05402843601895735 0.058767772511848344
0 0.7772511848341233 0.8393364928909952 0.026540284360189573 0.04265402843601896
0 0.8255924170616113 0.8218009478672986 0.031279620853080566 0.043601895734597156