6 0.34502369668246446 0.3800947867298578 0.02843601895734597 0.04739336492890995
6 0.3227488151658768 0.3981042654028436 0.04549763033175355 0.04454976303317536
6 0.3018957345971564 0.42227488151658765 0.043601895734597156 0.04265402843601896
8 0.7943127962085308 0.01800947867298578 0.11753554502369669 0.03601895734597156
9 0.8587677725118483 0.031279620853080566 0.08530805687203792 0.06255924170616113
9 0.918957345971564 0.04549763033175355 0.07203791469194312 0.07677725118483412
8 0.6132701421800948 0.34265402843601894 0.11090047393364928 0.11090047393364928
8 0.6886255924170616 0.35165876777251187 0.08341232227488152 0.08625592417061612
9 0.752132701421801 0.35308056872037913 0.06824644549763033 0.08246445497630332
9 0.8099526066350711 0.35071090047393366 0.07203791469194312 0.07867298578199051
1 0.8786729857819905 0.33886255924170616 0.07962085308056872 0.08530805687203792
6 0.9255924170616113 0.31469194312796206 0.07203791469194312 0.07109004739336493
6 0.9511848341232227 0.25924170616113745 0.06445497630331753 0.06540284360189573
6 0.9687203791469194 0.2123222748815166 0.06255924170616113 0.06255924170616113
6 0.9672985781990522 0.15639810426540285 0.06540284360189573 0.07014218009478673
1 0.9620853080568721 0.09431279620853081 0.07582938388625593 0.08056872037914692
8 0.14312796208530806 0.8838862559241706 0.0909952606635071 0.08530805687203792
8 0.18341232227488152 0.9355450236966825 0.08720379146919431 0.09004739336492891
8 0.21706161137440758 0.966824644549763 0.06066350710900474 0.06635071090047394
9 0.24549763033175356 0.9867298578199052 0.05687203791469194 0.026540284360189573
9 0.6739336492890995 0.8232227488151659 0.07014218009478673 0.07488151658767772
9 0.6232227488151659 0.842654028436019 0.07109004739336493 0.07109004739336493
1 0.5744075829383887 0.875829383886256 0.08436018957345971 0.08720379146919431
6 0.5417061611374407 0.9004739336492891 0.07867298578199051 0.07109004739336493
6 0.5246445497630332 0.9412322274881516 0.1004739336492891 0.06824644549763033
6 0.5151658767772512 0.9744075829383886 0.09573459715639811 0.05118483412322275