8 0.3132701421800948 0.02985781990521327 0.08625592417061612 0.05971563981042654
8 0.5625592417061611 0.16161137440758294 0.07488151658767772 0.0938388625592417
9 0.5218009478672986 0.1966824644549763 0.06255924170616113 0.06729857819905213
9 0.4829383886255924 0.22085308056872038 0.06540284360189573 0.06540284360189573
9 0.3042654028436019 0.07440758293838863 0.06729857819905213 0.05402843601895735
9 0.2995260663507109 0.12227488151658768 0.06824644549763033 0.052132701421800945
1 0.44028436018957345 0.23791469194312795 0.05023696682464455 0.05687203791469194
1 0.3023696682464455 0.17156398104265402 0.05687203791469194 0.055924170616113746
6 0.4033175355450237 0.23696682464454977 0.037914691943127965 0.04834123222748815
6 0.3706161137440758 0.23459715639810427 0.037914691943127965 0.046445497630331754
6 0.34502369668246446 0.22227488151658767 0.04075829383886256 0.04454976303317536
6 0.32180094786729857 0.2004739336492891 0.04928909952606635 0.052132701421800945
8 0.11753554502369669 0.5981042654028436 0.07393364928909953 0.07298578199052133
8 0.4023696682464455 0.6374407582938388 0.07488151658767772 0.07962085308056872
9 0.3876777251184834 0.5834123222748815 0.06066350710900474 0.054976303317535544
9 0.3691943127962085 0.5407582938388625 0.055924170616113746 0.05308056872037915
9 0.14502369668246445 0.5511848341232227 0.06066350710900474 0.05402843601895735
9 0.16872037914691942 0.5127962085308057 0.06255924170616113 0.06635071090047394
1 0.1976303317535545 0.4772511848341232 0.05687203791469194 0.06729857819905213
1 0.3459715639810427 0.4990521327014218 0.05308056872037915 0.05971563981042654
3 0.24265402843601896 0.48009478672985784 0.03222748815165877 0.035071090047393366
3 0.3123222748815166 0.4886255924170616 0.03222748815165877 0.029383886255924172
9 0.795260663507109 0.7758293838862559 0.0995260663507109 0.11090047393364928
9 0.8488151658767773 0.728436018957346 0.09289099526066351 0.0966824644549763
6 0.9691943127962085 0.6819905213270142 0.061611374407582936 0.0881516587677725
1 0.8995260663507109 0.7018957345971564 0.06350710900473934 0.1023696682464455