5 0.7545023696682465 0.009478672985781991 0.037914691943127965 0.018957345971563982
5 0.6255924170616114 0.04312796208530806 0.04170616113744076 0.04454976303317536
5 0.5469194312796208 0.014218009478672985 0.03981042654028436 0.02843601895734597
8 0.23886255924170616 0.8123222748815165 0.14218009478672985 0.14123222748815165
9 0.1895734597156398 0.7601895734597156 0.12037914691943127 0.11848341232227488
9 0.15213270142180094 0.7085308056872038 0.1014218009478673 0.1023696682464455
1 0.11232227488151658 0.6753554502369669 0.08720379146919431 0.1033175355450237
6 0.06208530805687204 0.6488151658767772 0.06729857819905213 0.07203791469194312
6 0.024170616113744076 0.6369668246445498 0.04834123222748815 0.08151658767772511
9 0.6876777251184835 0.5497630331753555 0.08341232227488152 0.08151658767772511
9 0.6639810426540285 0.604739336492891 0.07488151658767772 0.07962085308056872
9 0.38957345971563984 0.5203791469194313 0.07677725118483412 0.07867298578199051
9 0.4090047393364929 0.5649289099526066 0.06824644549763033 0.07109004739336493
1 0.6208530805687204 0.6402843601895735 0.06635071090047394 0.07393364928909953
1 0.43981042654028435 0.6075829383886255 0.07203791469194312 0.07203791469194312
6 0.49146919431279623 0.6260663507109004 0.061611374407582936 0.06066350710900474
6 0.5161137440758294 0.6497630331753554 0.054976303317535544 0.06350710900473934
6 0.5507109004739337 0.6587677725118484 0.05971563981042654 0.07582938388625593
6 0.5815165876777251 0.6402843601895735 0.061611374407582936 0.05971563981042654