8 0.011848341232227487 0.32606635071090045 0.023696682464454975 0.0909952606635071
8 0.22369668246445498 0.4890995260663507 0.0947867298578199 0.0995260663507109
9 0.17298578199052134 0.5170616113744075 0.06729857819905213 0.06540284360189573
9 0.13270142180094788 0.5284360189573459 0.07014218009478673 0.04265402843601896
1 0.08909952606635071 0.5374407582938389 0.05308056872037915 0.024644549763033177
6 0.05165876777251185 0.5383886255924171 0.04075829383886256 0.022748815165876776
6 0.02037914691943128 0.5364928909952607 0.04075829383886256 0.026540284360189573
6 0.008530805687203791 0.5293838862559241 0.017061611374407582 0.04075829383886256
3 0.8208530805687204 0.3886255924170616 0.04454976303317536 0.037914691943127965
8 0.7701421800947867 0.32748815165876777 0.08625592417061612 0.1023696682464455
9 0.7199052132701422 0.2981042654028436 0.05687203791469194 0.07962085308056872
9 0.6777251184834123 0.2895734597156398 0.054976303317535544 0.07962085308056872
1 0.6350710900473934 0.2881516587677725 0.06729857819905213 0.07393364928909953
6 0.5886255924170616 0.2843601895734597 0.04928909952606635 0.058767772511848344
6 0.5492890995260663 0.3061611374407583 0.07488151658767772 0.07488151658767772
6 0.5161137440758294 0.34170616113744073 0.05402843601895735 0.07677725118483412
9 0.22890995260663508 0.8658767772511848 0.07867298578199051 0.08341232227488152
9 0.26303317535545023 0.8213270142180095 0.0881516587677725 0.08246445497630332
1 0.1924170616113744 0.9028436018957346 0.06540284360189573 0.09004739336492891
6 0.14691943127962084 0.9161137440758294 0.06066350710900474 0.08341232227488152
6 0.1037914691943128 0.9203791469194312 0.05781990521327014 0.07582938388625593
6 0.06492890995260664 0.9028436018957346 0.05402843601895735 0.07772511848341232
6 0.03317535545023697 0.8919431279620853 0.05687203791469194 0.07962085308056872
1 0.014218009478672985 0.8687203791469195 0.02843601895734597 0.08625592417061612
8 0.6781990521327014 0.9554502369668246 0.1014218009478673 0.08909952606635071
8 0.70521327014218 0.8867298578199052 0.1052132701421801 0.09573459715639811
4 0.7308056872037915 0.8369668246445497 0.04170616113744076 0.04739336492890995
9 0.7469194312796209 0.7895734597156399 0.07962085308056872 0.07203791469194312
9 0.7824644549763033 0.7459715639810427 0.08909952606635071 0.08056872037914692
1 0.818957345971564 0.6924170616113744 0.06635071090047394 0.07488151658767772
6 0.9720379146919431 0.6582938388625592 0.055924170616113746 0.07298578199052133
6 0.9113744075829384 0.6530805687203791 0.07109004739336493 0.07582938388625593
6 0.8587677725118483 0.6639810426540285 0.061611374407582936 0.07014218009478673