8 0.01990521327014218 0.12037914691943127 0.03981042654028436 0.07962085308056872
8 0.28151658767772514 0.13033175355450238 0.08056872037914692 0.08246445497630332
9 0.25971563981042656 0.18341232227488152 0.06255924170616113 0.05781990521327014
9 0.23981042654028437 0.22274881516587677 0.054976303317535544 0.05402843601895735
9 0.024644549763033177 0.17156398104265402 0.04928909952606635 0.05687203791469194
9 0.03696682464454976 0.2156398104265403 0.052132701421800945 0.05308056872037915
1 0.2042654028436019 0.24218009478672986 0.04454976303317536 0.05308056872037915
1 0.06492890995260664 0.24265402843601896 0.04834123222748815 0.054976303317535544
6 0.1734597156398104 0.25497630331753557 0.03696682464454976 0.055924170616113746
6 0.15308056872037915 0.26587677725118486 0.03696682464454976 0.054976303317535544
6 0.12037914691943127 0.26255924170616113 0.03886255924170616 0.055924170616113746
6 0.0938388625592417 0.25402843601895736 0.04075829383886256 0.05308056872037915
8 0.9786729857819905 0.26255924170616113 0.04265402843601896 0.07582938388625593
9 0.8995260663507109 0.28672985781990523 0.04834123222748815 0.058767772511848344
1 0.8592417061611375 0.2796208530805687 0.046445497630331754 0.052132701421800945
6 0.828436018957346 0.2663507109004739 0.04834123222748815 0.03886255924170616
6 0.8028436018957346 0.24502369668246446 0.05402843601895735 0.03981042654028436
7 0.942654028436019 0.27061611374407585 0.03696682464454976 0.04265402843601896
9 0.3 0.4909952606635071 0.07109004739336493 0.06350710900473934
9 0.5815165876777251 0.4909952606635071 0.016113744075829384 0.06635071090047394
9 0.5672985781990522 0.5317535545023697 0.04454976303317536 0.06445497630331753
9 0.3132701421800948 0.5393364928909953 0.06066350710900474 0.06445497630331753
1 0.5398104265402843 0.5710900473933649 0.06066350710900474 0.07677725118483412
1 0.34976303317535545 0.5720379146919431 0.05781990521327014 0.0881516587677725
6 0.5085308056872038 0.5909952606635072 0.052132701421800945 0.09004739336492891
6 0.46492890995260666 0.6014218009478673 0.05118483412322275 0.07677725118483412
6 0.42322274881516586 0.6042654028436019 0.05118483412322275 0.07582938388625593
6 0.3876777251184834 0.5938388625592417 0.05118483412322275 0.07582938388625593
8 0.8203791469194313 0.5545023696682464 0.07109004739336493 0.07677725118483412
8 0.8772511848341232 0.5739336492890995 0.07203791469194312 0.07677725118483412
9 0.933649289099526 0.5739336492890995 0.052132701421800945 0.05308056872037915
9 0.9772511848341232 0.5734597156398105 0.04549763033175355 0.05308056872037915