8 0.4151658767772512 0.4218009478672986 0.02843601895734597 0.07393364928909953
8 0.3791469194312796 0.41800947867298577 0.07677725118483412 0.09194312796208531
2 0.31990521327014215 0.4137440758293839 0.06445497630331753 0.08151658767772511
9 0.26872037914691943 0.4099526066350711 0.055924170616113746 0.06350710900473934
9 0.22180094786729856 0.41706161137440756 0.06350710900473934 0.07203791469194312
1 0.17440758293838862 0.41753554502369666 0.06066350710900474 0.06919431279620854
6 0.14691943127962084 0.44454976303317534 0.055924170616113746 0.055924170616113746
6 0.1080568720379147 0.45687203791469194 0.07298578199052133 0.07298578199052133
8 0.7706161137440758 0.42227488151658765 0.08720379146919431 0.0985781990521327
8 0.833175355450237 0.3943127962085308 0.08720379146919431 0.0966824644549763
9 0.8810426540284361 0.3767772511848341 0.06350710900473934 0.07772511848341232
9 0.923696682464455 0.35971563981042654 0.06445497630331753 0.07962085308056872
1 0.9677725118483412 0.34549763033175357 0.06445497630331753 0.07298578199052133
6 0.9924170616113744 0.3464454976303318 0.015165876777251185 0.06540284360189573
3 0.02085308056872038 0.6786729857819905 0.04170616113744076 0.037914691943127965
3 0.05308056872037915 0.695260663507109 0.04834123222748815 0.05118483412322275
9 0.109478672985782 0.718957345971564 0.07393364928909953 0.0881516587677725
9 0.16398104265402844 0.7203791469194313 0.06729857819905213 0.07488151658767772
9 0.21421800947867298 0.7227488151658767 0.06066350710900474 0.06066350710900474
6 0.25971563981042656 0.7104265402843601 0.055924170616113746 0.061611374407582936
6 0.2957345971563981 0.6924170616113744 0.06824644549763033 0.06540284360189573
8 0.6947867298578199 0.7985781990521327 0.07677725118483412 0.07298578199052133
8 0.7625592417061612 0.7985781990521327 0.07962085308056872 0.07772511848341232
9 0.8241706161137441 0.795260663507109 0.05687203791469194 0.05971563981042654
9 0.8682464454976303 0.7829383886255924 0.05308056872037915 0.054976303317535544
1 0.9052132701421801 0.7767772511848341 0.05308056872037915 0.04928909952606635
6 0.9364928909952607 0.7582938388625592 0.043601895734597156 0.037914691943127965
6 0.9545023696682464 0.7293838862559242 0.04834123222748815 0.043601895734597156