8 0.11516587677725118 0.5 0.08530805687203792 0.0909952606635071
3 0.41706161137440756 0.34502369668246446 0.043601895734597156 0.04454976303317536
3 0.42227488151658765 0.3976303317535545 0.046445497630331754 0.04454976303317536
2 0.4251184834123223 0.4431279620853081 0.04834123222748815 0.05118483412322275
2 0.4213270142180095 0.4962085308056872 0.05118483412322275 0.04834123222748815
9 0.16398104265402844 0.5360189573459716 0.06066350710900474 0.05687203791469194
9 0.1981042654028436 0.5696682464454976 0.05402843601895735 0.05402843601895735
1 0.4104265402843602 0.5454976303317536 0.055924170616113746 0.05687203791469194
1 0.26018957345971566 0.6042654028436019 0.04454976303317536 0.05781990521327014
6 0.2981042654028436 0.609478672985782 0.043601895734597156 0.06350710900473934
6 0.33270142180094786 0.609478672985782 0.04265402843601896 0.058767772511848344
6 0.3644549763033175 0.5928909952606635 0.046445497630331754 0.06255924170616113
6 0.38909952606635073 0.5772511848341232 0.05118483412322275 0.055924170616113746
4 0.8635071090047394 0.2834123222748815 0.054976303317535544 0.04739336492890995
4 0.8383886255924171 0.3350710900473934 0.04454976303317536 0.04454976303317536
9 0.8180094786729858 0.37203791469194314 0.043601895734597156 0.055924170616113746
9 0.785781990521327 0.4018957345971564 0.06066350710900474 0.05118483412322275
1 0.7407582938388626 0.4312796208530806 0.05023696682464455 0.058767772511848344
6 0.6947867298578199 0.43364928909952605 0.04834123222748815 0.05687203791469194
6 0.6587677725118484 0.43886255924170614 0.04265402843601896 0.05971563981042654
6 0.6227488151658768 0.4246445497630332 0.04549763033175355 0.054976303317535544
6 0.6071090047393365 0.4132701421800948 0.014218009478672985 0.05308056872037915
8 0.7113744075829384 0.9872037914691943 0.08625592417061612 0.025592417061611375
9 0.7246445497630332 0.9658767772511848 0.05781990521327014 0.04928909952606635
9 0.7331753554502369 0.9170616113744076 0.061611374407582936 0.04549763033175355
9 0.9881516587677726 0.9464454976303317 0.023696682464454975 0.046445497630331754
9 0.9834123222748815 0.9080568720379147 0.03317535545023697 0.043601895734597156
1 0.9744075829383886 0.861611374407583 0.05023696682464455 0.04454976303317536
1 0.7488151658767772 0.8696682464454977 0.061611374407582936 0.05781990521327014
6 0.7876777251184834 0.8341232227488151 0.04170616113744076 0.043601895734597156
6 0.8407582938388626 0.8146919431279621 0.05781990521327014 0.04739336492890995
6 0.8947867298578199 0.8156398104265403 0.052132701421800945 0.054976303317535544
6 0.9440758293838862 0.828909952606635 0.04739336492890995 0.046445497630331754