8 0.2502369668246445 0.036492890995260666 0.08909952606635071 0.07298578199052133
3 0.2990521327014218 0.06635071090047394 0.04739336492890995 0.04834123222748815
9 0.3123222748815166 0.2895734597156398 0.05971563981042654 0.01990521327014218
9 0.35165876777251187 0.08104265402843602 0.061611374407582936 0.06066350710900474
9 0.38436018957345974 0.10900473933649289 0.058767772511848344 0.055924170616113746
1 0.41184834123222747 0.14218009478672985 0.06350710900473934 0.055924170616113746
1 0.37251184834123224 0.27582938388625594 0.06255924170616113 0.04739336492890995
6 0.4203791469194313 0.18104265402843603 0.05781990521327014 0.04928909952606635
6 0.4218009478672986 0.209478672985782 0.054976303317535544 0.04739336492890995
6 0.42322274881516586 0.23838862559241705 0.052132701421800945 0.052132701421800945
6 0.4018957345971564 0.25829383886255924 0.058767772511848344 0.05118483412322275
9 0.4009478672985782 0.5492890995260663 0.07298578199052133 0.07962085308056872
9 0.37772511848341234 0.5886255924170616 0.05402843601895735 0.06824644549763033
1 0.33886255924170616 0.6127962085308057 0.05308056872037915 0.06824644549763033
9 0.12890995260663507 0.5616113744075829 0.07014218009478673 0.07203791469194312
9 0.15781990521327013 0.6014218009478673 0.06066350710900474 0.06445497630331753
1 0.1924170616113744 0.6180094786729858 0.05402843601895735 0.06540284360189573
6 0.30995260663507107 0.6184834123222749 0.043601895734597156 0.058767772511848344
6 0.28056872037914693 0.6289099526066351 0.03601895734597156 0.05023696682464455
6 0.2554502369668246 0.6293838862559241 0.04170616113744076 0.054976303317535544
6 0.22748815165876776 0.624170616113744 0.04549763033175355 0.06066350710900474
8 0.8028436018957346 0.7943127962085308 0.09004739336492891 0.08625592417061612
9 0.8654028436018958 0.8018957345971564 0.06540284360189573 0.07772511848341232
9 0.9132701421800948 0.8052132701421801 0.055924170616113746 0.07393364928909953
1 0.9630331753554502 0.7962085308056872 0.06635071090047394 0.06635071090047394
6 0.9876777251184834 0.7701421800947867 0.024644549763033177 0.046445497630331754
6 0.9924170616113744 0.7417061611374408 0.015165876777251185 0.046445497630331754
7 0.7341232227488151 0.7734597156398104 0.06445497630331753 0.05971563981042654