4 0.190521327014218 0.021800947867298578 0.04739336492890995 0.043601895734597156
4 0.17488151658767773 0.07251184834123223 0.04834123222748815 0.04834123222748815
9 0.15592417061611374 0.12180094786729857 0.06540284360189573 0.06824644549763033
9 0.13317535545023695 0.16919431279620853 0.06445497630331753 0.06729857819905213
1 0.10758293838862559 0.2042654028436019 0.05402843601895735 0.06445497630331753
6 0.07203791469194312 0.22180094786729856 0.05118483412322275 0.06824644549763033
6 0.035545023696682464 0.22701421800947869 0.05118483412322275 0.06919431279620854
6 0.013270142180094787 0.22843601895734597 0.026540284360189573 0.06635071090047394
0 0.7199052132701422 0.08578199052132701 0.04739336492890995 0.05402843601895735
0 0.6720379146919432 0.006161137440758294 0.05308056872037915 0.012322274881516588
8 0.35260663507109 0.10853080568720379 0.08720379146919431 0.08720379146919431
8 0.3644549763033175 0.053554502369668244 0.0881516587677725 0.0947867298578199
9 0.3819905213270142 0.018957345971563982 0.07014218009478673 0.037914691943127965
8 0.23033175355450236 0.6393364928909953 0.08436018957345971 0.08246445497630332
8 0.271563981042654 0.6729857819905213 0.055924170616113746 0.08341232227488152
6 0.46161137440758293 0.8867298578199052 0.08151658767772511 0.06255924170616113
6 0.4791469194312796 0.9218009478672986 0.07962085308056872 0.05118483412322275
6 0.5009478672985782 0.9563981042654028 0.08341232227488152 0.055924170616113746
6 0.4431279620853081 0.8549763033175355 0.07867298578199051 0.06066350710900474
1 0.4246445497630332 0.8298578199052132 0.08056872037914692 0.04454976303317536
1 0.5213270142180095 0.9829383886255925 0.07203791469194312 0.034123222748815164