8 0.13270142180094788 0.26872037914691943 0.07298578199052133 0.06350710900473934
8 0.1962085308056872 0.290521327014218 0.07772511848341232 0.08625592417061612
8 0.26303317535545023 0.31469194312796206 0.08341232227488152 0.0938388625592417
9 0.3170616113744076 0.33317535545023697 0.055924170616113746 0.06824644549763033
9 0.36682464454976305 0.34218009478672984 0.05402843601895735 0.06729857819905213
1 0.4156398104265403 0.34265402843601894 0.05402843601895735 0.07014218009478673
6 0.44739336492890996 0.32132701421800947 0.024644549763033177 0.04739336492890995
8 0.9127962085308057 0.41706161137440756 0.07014218009478673 0.08720379146919431
8 0.8545023696682464 0.3985781990521327 0.07393364928909953 0.09004739336492891
9 0.7962085308056872 0.385781990521327 0.05118483412322275 0.07393364928909953
9 0.7469194312796209 0.37345971563981045 0.054976303317535544 0.07298578199052133
1 0.695260663507109 0.3687203791469194 0.05781990521327014 0.06066350710900474
6 0.6488151658767772 0.36729857819905215 0.04928909952606635 0.05023696682464455
6 0.6109004739336493 0.3957345971563981 0.07582938388625593 0.06255924170616113
6 0.1928909952606635 0.8848341232227488 0.07298578199052133 0.10426540284360189
6 0.2611374407582938 0.890521327014218 0.07298578199052133 0.1004739336492891
6 0.3170616113744076 0.9023696682464455 0.052132701421800945 0.07203791469194312
6 0.13981042654028436 0.8781990521327014 0.06635071090047394 0.09004739336492891
1 0.09289099526066351 0.871563981042654 0.05781990521327014 0.1004739336492891
1 0.3635071090047393 0.9009478672985782 0.05687203791469194 0.0909952606635071