3 0.34786729857819904 0.195260663507109 0.03601895734597156 0.03696682464454976
3 0.3824644549763033 0.2 0.04170616113744076 0.03886255924170616
6 0.3085308056872038 0.1876777251184834 0.06729857819905213 0.052132701421800945
1 0.4161137440758294 0.2023696682464455 0.05308056872037915 0.055924170616113746
6 0.26587677725118486 0.2099526066350711 0.05402843601895735 0.04928909952606635
1 0.22890995260663508 0.24075829383886255 0.058767772511848344 0.061611374407582936
9 0.2071090047393365 0.2796208530805687 0.07109004739336493 0.05781990521327014
9 0.1848341232227488 0.31516587677725116 0.07109004739336493 0.05402843601895735
9 0.43412322274881515 0.23317535545023696 0.06824644549763033 0.052132701421800945
9 0.44502369668246444 0.2563981042654028 0.061611374407582936 0.046445497630331754
8 0.44360189573459713 0.2909952606635071 0.07109004739336493 0.058767772511848344
8 0.7440758293838863 0.27061611374407585 0.08056872037914692 0.07677725118483412
9 0.7270142180094786 0.3180094786729858 0.054976303317535544 0.055924170616113746
9 0.7161137440758294 0.3578199052132701 0.05118483412322275 0.054976303317535544
1 0.6890995260663507 0.3824644549763033 0.03981042654028436 0.05971563981042654
6 0.6763033175355451 0.3995260663507109 0.014218009478672985 0.06350710900473934
6 0.5677725118483412 0.6900473933649289 0.054976303317535544 0.02085308056872038
6 0.5317535545023697 0.6990521327014217 0.05308056872037915 0.03886255924170616
6 0.4938388625592417 0.7023696682464455 0.04549763033175355 0.04549763033175355
6 0.44976303317535543 0.7028436018957346 0.05402843601895735 0.046445497630331754
1 0.4085308056872038 0.690521327014218 0.05687203791469194 0.021800947867298578
6 0.8127962085308057 0.6843601895734597 0.04075829383886256 0.009478672985781991
6 0.7796208530805687 0.6886255924170616 0.03886255924170616 0.01800947867298578
6 0.7426540284360189 0.6895734597156398 0.03886255924170616 0.01990521327014218
1 0.7033175355450237 0.6853080568720379 0.05118483412322275 0.011374407582938388