2 0.21706161137440758 0.08056872037914692 0.08056872037914692 0.07867298578199051
9 0.15545023696682464 0.09573459715639811 0.06729857819905213 0.07203791469194312
9 0.11042654028436019 0.10426540284360189 0.06255924170616113 0.06729857819905213
1 0.07819905213270142 0.13127962085308056 0.06540284360189573 0.054976303317535544
6 0.061611374407582936 0.16018957345971563 0.06350710900473934 0.04265402843601896
6 0.04881516587677725 0.1848341232227488 0.07014218009478673 0.05023696682464455
3 0.6317535545023697 0.4819905213270142 0.04170616113744076 0.04454976303317536
4 0.657345971563981 0.4194312796208531 0.04928909952606635 0.05118483412322275
8 0.9554502369668246 0.5251184834123223 0.08909952606635071 0.07772511848341232
8 0.9545023696682464 0.46777251184834123 0.0909952606635071 0.07867298578199051
9 0.9473933649289099 0.4156398104265403 0.07203791469194312 0.05971563981042654
9 0.933649289099526 0.3748815165876777 0.07203791469194312 0.06729857819905213
1 0.9383886255924171 0.328436018957346 0.07203791469194312 0.06635071090047394
9 0.6881516587677725 0.3800947867298578 0.06350710900473934 0.06445497630331753
9 0.7127962085308057 0.33981042654028437 0.07393364928909953 0.07298578199052133
1 0.7317535545023697 0.2985781990521327 0.06540284360189573 0.07582938388625593
6 0.7734597156398104 0.2777251184834123 0.061611374407582936 0.07014218009478673
6 0.8184834123222748 0.25781990521327014 0.07867298578199051 0.08720379146919431
6 0.8753554502369668 0.2663507109004739 0.07962085308056872 0.0909952606635071
6 0.9118483412322275 0.2995260663507109 0.06445497630331753 0.06919431279620854
9 0.17393364928909952 0.5971563981042654 0.07488151658767772 0.03601895734597156
9 0.2066350710900474 0.6161137440758294 0.07393364928909953 0.07393364928909953
8 0.24028436018957347 0.6592417061611374 0.08530805687203792 0.0938388625592417
8 0.2772511848341232 0.7104265402843601 0.07582938388625593 0.08436018957345971
3 0.7848341232227488 0.7497630331753554 0.05687203791469194 0.055924170616113746
3 0.8151658767772512 0.8109004739336493 0.05118483412322275 0.05402843601895735
9 0.8274881516587678 0.8744075829383886 0.07014218009478673 0.061611374407582936
9 0.8478672985781991 0.9208530805687204 0.07109004739336493 0.06445497630331753
6 0.9886255924170616 0.9578199052132701 0.022748815165876776 0.06729857819905213
6 0.9710900473933649 0.9691943127962085 0.055924170616113746 0.061611374407582936
6 0.9398104265402843 0.9592417061611375 0.058767772511848344 0.06729857819905213
6 0.9118483412322275 0.9682464454976303 0.05308056872037915 0.06350710900473934
1 0.8810426540284361 0.952132701421801 0.06255924170616113 0.07488151658767772