9 0.21469194312796208 0.33175355450236965 0.06635071090047394 0.06350710900473934
9 0.21706161137440758 0.37725118483412323 0.06255924170616113 0.06066350710900474
1 0.23127962085308057 0.4203791469194313 0.05023696682464455 0.05308056872037915
6 0.285781990521327 0.45592417061611373 0.027488151658767772 0.04928909952606635
6 0.26018957345971566 0.44502369668246444 0.05402843601895735 0.05402843601895735
8 0.7933649289099526 0.6109004739336493 0.07867298578199051 0.08056872037914692
8 0.7815165876777251 0.5530805687203791 0.09194312796208531 0.0938388625592417
9 0.7739336492890996 0.5 0.06824644549763033 0.06350710900473934
9 0.7554502369668247 0.45829383886255926 0.07203791469194312 0.06255924170616113
1 0.7469194312796209 0.41706161137440756 0.061611374407582936 0.07109004739336493
6 0.7127962085308057 0.390521327014218 0.05971563981042654 0.06919431279620854
6 0.6672985781990521 0.3748815165876777 0.07393364928909953 0.08056872037914692
6 0.609478672985782 0.37203791469194314 0.07203791469194312 0.07393364928909953
6 0.5616113744075829 0.3796208530805687 0.06350710900473934 0.06729857819905213
1 0.5284360189573459 0.4056872037914692 0.06635071090047394 0.06540284360189573
9 0.5071090047393365 0.4488151658767773 0.07393364928909953 0.06445497630331753
9 0.4834123222748815 0.4872037914691943 0.06919431279620854 0.06255924170616113
4 0.47014218009478675 0.5545023696682464 0.046445497630331754 0.04928909952606635
4 0.4431279620853081 0.5962085308056873 0.046445497630331754 0.04739336492890995
4 0.2800947867298578 0.8066350710900474 0.03886255924170616 0.05118483412322275
9 0.25781990521327014 0.8369668246445497 0.05308056872037915 0.061611374407582936
9 0.218957345971564 0.8573459715639811 0.06824644549763033 0.061611374407582936
9 0.015165876777251185 0.7469194312796209 0.03033175355450237 0.054976303317535544
1 0.025118483412322274 0.7862559241706161 0.05023696682464455 0.06540284360189573
1 0.16777251184834124 0.8739336492890996 0.05971563981042654 0.06635071090047394
6 0.12227488151658768 0.8644549763033176 0.05781990521327014 0.06445497630331753
6 0.08625592417061612 0.8601895734597157 0.05308056872037915 0.06635071090047394
6 0.054502369668246446 0.8369668246445497 0.054976303317535544 0.061611374407582936
6 0.027488151658767772 0.8180094786729858 0.054976303317535544 0.06066350710900474
3 0.9161137440758294 0.9203791469194312 0.05023696682464455 0.054976303317535544
9 0.6815165876777252 0.7412322274881517 0.07393364928909953 0.043601895734597156
9 0.6545023696682465 0.7729857819905214 0.06635071090047394 0.06540284360189573
1 0.6398104265402843 0.8298578199052132 0.07772511848341232 0.06445497630331753
9 0.8530805687203792 0.9516587677725118 0.06919431279620854 0.06540284360189573
9 0.8056872037914692 0.9625592417061611 0.06445497630331753 0.06824644549763033
1 0.7587677725118483 0.956872037914692 0.06255924170616113 0.06824644549763033
6 0.7132701421800948 0.9530805687203792 0.06729857819905213 0.07488151658767772
6 0.6767772511848341 0.9360189573459715 0.06066350710900474 0.05971563981042654
6 0.6507109004739337 0.9080568720379147 0.07203791469194312 0.07203791469194312
6 0.6393364928909953 0.8744075829383886 0.07298578199052133 0.07203791469194312