8 0.4369668246445498 0.01990521327014218 0.09289099526066351 0.03981042654028436
8 0.4881516587677725 0.03981042654028436 0.0966824644549763 0.07962085308056872
9 0.533175355450237 0.06540284360189573 0.06919431279620854 0.07203791469194312
9 0.5587677725118484 0.1009478672985782 0.06824644549763033 0.07203791469194312
8 0.3056872037914692 0.2734597156398104 0.07962085308056872 0.08720379146919431
8 0.3696682464454976 0.2886255924170616 0.08151658767772511 0.08720379146919431
9 0.418957345971564 0.2943127962085308 0.05308056872037915 0.06919431279620854
9 0.46350710900473935 0.3014218009478673 0.06350710900473934 0.07203791469194312
1 0.581042654028436 0.12890995260663507 0.037914691943127965 0.06066350710900474
1 0.509478672985782 0.3066350710900474 0.05781990521327014 0.061611374407582936
6 0.5890995260663507 0.1734597156398104 0.021800947867298578 0.058767772511848344
6 0.547867298578199 0.2962085308056872 0.058767772511848344 0.058767772511848344
6 0.5725118483412323 0.2663507109004739 0.054976303317535544 0.06635071090047394
6 0.5838862559241706 0.22085308056872038 0.03222748815165877 0.06445497630331753
8 0.9658767772511848 0.33317535545023697 0.06824644549763033 0.07298578199052133
8 0.2132701421800948 0.6549763033175355 0.08530805687203792 0.0966824644549763
8 0.15876777251184834 0.6194312796208531 0.08151658767772511 0.0938388625592417
9 0.11137440758293839 0.5957345971563981 0.05781990521327014 0.07488151658767772
9 0.06777251184834124 0.5838862559241706 0.058767772511848344 0.07014218009478673
1 0.027488151658767772 0.5744075829383887 0.054976303317535544 0.07203791469194312
9 0.8862559241706162 0.5440758293838862 0.06824644549763033 0.02843601895734597
1 0.8573459715639811 0.5616113744075829 0.06350710900473934 0.06350710900473934
1 0.6701421800947868 0.5417061611374407 0.058767772511848344 0.023696682464454975
6 0.695260663507109 0.557345971563981 0.052132701421800945 0.054976303317535544
6 0.7331753554502369 0.5739336492890995 0.061611374407582936 0.07203791469194312
6 0.7800947867298578 0.5843601895734597 0.061611374407582936 0.07109004739336493
6 0.8218009478672986 0.5800947867298578 0.054976303317535544 0.06635071090047394