8 0.026066350710900472 0.12227488151658768 0.052132701421800945 0.08341232227488152
8 0.06966824644549763 0.0947867298578199 0.07298578199052133 0.08246445497630332
9 0.11469194312796209 0.07251184834123223 0.04549763033175355 0.06635071090047394
9 0.15450236966824646 0.06350710900473934 0.04928909952606635 0.06445497630331753
1 0.1957345971563981 0.05402843601895735 0.05308056872037915 0.06350710900473934
6 0.23838862559241705 0.05165876777251185 0.05118483412322275 0.06066350710900474
6 0.2800947867298578 0.061611374407582936 0.06824644549763033 0.07109004739336493
6 0.31990521327014215 0.0947867298578199 0.06729857819905213 0.06729857819905213
5 0.7194312796208531 0.4834123222748815 0.037914691943127965 0.04454976303317536
8 0.6611374407582938 0.4492890995260663 0.07867298578199051 0.08246445497630332
9 0.6175355450236967 0.4317535545023697 0.035071090047393366 0.07298578199052133
8 0.08199052132701422 0.6009478672985782 0.07298578199052133 0.07582938388625593
8 0.14360189573459717 0.6293838862559241 0.07582938388625593 0.08246445497630332
9 0.1943127962085308 0.6521327014218009 0.05308056872037915 0.07203791469194312
9 0.23744075829383887 0.6748815165876777 0.05687203791469194 0.06066350710900474
1 0.285781990521327 0.6753554502369669 0.061611374407582936 0.061611374407582936
6 0.3184834123222749 0.6554502369668247 0.06540284360189573 0.05308056872037915
6 0.34928909952606635 0.6350710900473934 0.054976303317535544 0.052132701421800945
8 0.6208530805687204 0.5914691943127962 0.04170616113744076 0.07582938388625593
8 0.6720379146919432 0.6018957345971564 0.07677725118483412 0.07488151658767772
9 0.7260663507109004 0.6066350710900474 0.04739336492890995 0.05781990521327014
9 0.7691943127962085 0.6104265402843602 0.04834123222748815 0.05308056872037915
1 0.8099526066350711 0.5976303317535545 0.05308056872037915 0.04928909952606635
6 0.8355450236966825 0.5786729857819906 0.05781990521327014 0.043601895734597156
6 0.8492890995260663 0.5545023696682464 0.05402843601895735 0.03886255924170616