9 0.01848341232227488 0.02132701421800948 0.03696682464454976 0.04265402843601896
9 0.06113744075829384 0.02843601895734597 0.055924170616113746 0.05687203791469194
1 0.10758293838862559 0.023222748815165877 0.05402843601895735 0.046445497630331754
6 0.14454976303317535 0.010900473933649289 0.046445497630331754 0.021800947867298578
3 0.8545023696682464 0.3056872037914692 0.04928909952606635 0.043601895734597156
3 0.5090047393364929 0.34976303317535545 0.04549763033175355 0.03696682464454976
3 0.5284360189573459 0.3739336492890995 0.03886255924170616 0.01042654028436019
3 0.8345971563981043 0.3687203791469194 0.027488151658767772 0.02085308056872038
8 0.17535545023696683 0.8364928909952607 0.07393364928909953 0.07014218009478673
8 0.14739336492890995 0.7744075829383886 0.08056872037914692 0.08246445497630332
9 0.11563981042654028 0.7199052132701422 0.05023696682464455 0.055924170616113746
9 0.09052132701421801 0.6862559241706161 0.05308056872037915 0.058767772511848344
6 0.011374407582938388 0.6327014218009479 0.022748815165876776 0.08056872037914692
6 0.029383886255924172 0.6255924170616114 0.034123222748815164 0.05402843601895735
1 0.05308056872037915 0.6530805687203791 0.054976303317535544 0.06919431279620854
3 0.8824644549763033 0.5383886255924171 0.04739336492890995 0.04739336492890995
3 0.8274881516587678 0.556872037914692 0.046445497630331754 0.05402843601895735
9 0.7739336492890996 0.6009478672985782 0.05023696682464455 0.058767772511848344
9 0.7279620853080568 0.6246445497630332 0.04928909952606635 0.05781990521327014
1 0.6763033175355451 0.6298578199052133 0.05402843601895735 0.06445497630331753
6 0.6350710900473934 0.6360189573459716 0.06255924170616113 0.08151658767772511
6 0.6 0.6312796208530805 0.05971563981042654 0.07488151658767772
6 0.5654028436018957 0.6127962085308057 0.06919431279620854 0.08151658767772511
6 0.5436018957345972 0.5881516587677725 0.07962085308056872 0.07109004739336493