8 0.2876777251184834 0.38293838862559243 0.08246445497630332 0.08436018957345971
9 0.3175355450236967 0.4270142180094787 0.043601895734597156 0.05971563981042654
9 0.33175355450236965 0.45545023696682463 0.015165876777251185 0.05781990521327014
6 0.890521327014218 0.055924170616113746 0.052132701421800945 0.061611374407582936
8 0.6274881516587678 0.025592417061611375 0.07772511848341232 0.05118483412322275
9 0.6649289099526067 0.05071090047393365 0.07867298578199051 0.07582938388625593
9 0.7009478672985782 0.08388625592417062 0.07677725118483412 0.07677725118483412
1 0.7502369668246446 0.1014218009478673 0.05687203791469194 0.06729857819905213
6 0.8639810426540284 0.07914691943127962 0.05023696682464455 0.054976303317535544
6 0.828436018957346 0.09336492890995261 0.04739336492890995 0.05402843601895735
6 0.7966824644549763 0.1066350710900474 0.05308056872037915 0.06066350710900474
1 0.9104265402843602 0.026540284360189573 0.0881516587677725 0.05308056872037915
8 0.3289099526066351 0.5848341232227489 0.02085308056872038 0.08341232227488152
8 0.8459715639810427 0.8497630331753554 0.07203791469194312 0.08341232227488152
8 0.7829383886255924 0.8587677725118483 0.07582938388625593 0.0881516587677725
9 0.7303317535545024 0.8739336492890996 0.05781990521327014 0.07203791469194312
9 0.6848341232227488 0.875829383886256 0.05971563981042654 0.07014218009478673
1 0.6345971563981042 0.8725118483412322 0.05687203791469194 0.06066350710900474
6 0.5843601895734597 0.8578199052132701 0.05687203791469194 0.05687203791469194
6 0.5454976303317536 0.8218009478672986 0.06729857819905213 0.07014218009478673