8 0.5090047393364929 0.09573459715639811 0.02085308056872038 0.08341232227488152
8 0.4725118483412322 0.11706161137440758 0.07203791469194312 0.08056872037914692
9 0.42274881516587676 0.12938388625592417 0.05118483412322275 0.06066350710900474
9 0.37772511848341234 0.13175355450236967 0.05402843601895735 0.06066350710900474
1 0.3289099526066351 0.13175355450236967 0.054976303317535544 0.05402843601895735
6 0.290521327014218 0.12037914691943127 0.054976303317535544 0.05308056872037915
6 0.25308056872037915 0.1023696682464455 0.07014218009478673 0.05971563981042654
8 0.9862559241706161 0.13601895734597155 0.027488151658767772 0.07677725118483412
8 0.9625592417061611 0.18909952606635072 0.07488151658767772 0.06919431279620854
8 0.6838862559241706 0.03364928909952607 0.06729857819905213 0.06729857819905213
8 0.6886255924170616 0.10900473933649289 0.07298578199052133 0.07488151658767772
9 0.6976303317535545 0.16492890995260664 0.04265402843601896 0.04170616113744076
9 0.7075829383886256 0.2042654028436019 0.04549763033175355 0.03601895734597156
9 0.9184834123222749 0.22938388625592418 0.04834123222748815 0.046445497630331754
9 0.8938388625592417 0.26445497630331755 0.04454976303317536 0.043601895734597156
1 0.8625592417061612 0.2824644549763033 0.037914691943127965 0.06445497630331753
6 0.828909952606635 0.2838862559241706 0.03696682464454976 0.04928909952606635
6 0.8004739336492891 0.2862559241706161 0.03601895734597156 0.05308056872037915
6 0.7706161137440758 0.26966824644549764 0.03317535545023697 0.04834123222748815
6 0.7436018957345971 0.2663507109004739 0.03696682464454976 0.046445497630331754
1 0.7184834123222749 0.24028436018957347 0.04739336492890995 0.052132701421800945
3 0.22464454976303316 0.5876777251184834 0.04265402843601896 0.03886255924170616
3 0.24976303317535545 0.6454976303317536 0.03981042654028436 0.04075829383886256
9 0.5132701421800948 0.7085308056872038 0.012322274881516588 0.061611374407582936
9 0.5023696682464455 0.7502369668246446 0.034123222748815164 0.055924170616113746
9 0.2772511848341232 0.7090047393364929 0.055924170616113746 0.058767772511848344
9 0.3004739336492891 0.7530805687203791 0.05402843601895735 0.055924170616113746
1 0.4838862559241706 0.7815165876777251 0.05402843601895735 0.058767772511848344
1 0.3170616113744076 0.7848341232227488 0.052132701421800945 0.055924170616113746
6 0.45165876777251185 0.8056872037914692 0.043601895734597156 0.061611374407582936
6 0.41706161137440756 0.8104265402843602 0.034123222748815164 0.054976303317535544
6 0.3862559241706161 0.8085308056872038 0.035071090047393366 0.05781990521327014
6 0.352132701421801 0.8042654028436019 0.04265402843601896 0.05971563981042654
3 0.6222748815165877 0.5943127962085308 0.04739336492890995 0.04454976303317536
8 0.5545023696682464 0.5672985781990522 0.07014218009478673 0.07867298578199051