4 0.17061611374407584 0.2123222748815166 0.04265402843601896 0.04075829383886256
4 0.14312796208530806 0.24976303317535545 0.03696682464454976 0.03601895734597156
4 0.10568720379146919 0.2829383886255924 0.035071090047393366 0.03601895734597156
5 0.06303317535545024 0.32085308056872036 0.03696682464454976 0.03981042654028436
4 0.017535545023696683 0.3355450236966825 0.035071090047393366 0.037914691943127965
8 0.9473933649289099 0.095260663507109 0.08720379146919431 0.07298578199052133
9 0.9767772511848342 0.13317535545023695 0.046445497630331754 0.05402843601895735
9 0.9933649289099526 0.16255924170616115 0.013270142180094787 0.04454976303317536
8 0.761611374407583 0.2890995260663507 0.06066350710900474 0.07772511848341232
8 0.8127962085308057 0.3052132701421801 0.058767772511848344 0.06255924170616113
9 0.8568720379146919 0.31990521327014215 0.04739336492890995 0.06066350710900474
6 0.9933649289099526 0.2777251184834123 0.013270142180094787 0.03981042654028436
6 0.9867298578199052 0.30379146919431277 0.026540284360189573 0.04265402843601896
6 0.9649289099526066 0.3165876777251185 0.03696682464454976 0.03981042654028436
1 0.933175355450237 0.33080568720379144 0.04928909952606635 0.052132701421800945
9 0.8957345971563981 0.32180094786729857 0.03696682464454976 0.05118483412322275
8 0.26872037914691943 0.738388625592417 0.07014218009478673 0.08436018957345971
8 0.015639810426540283 0.7559241706161137 0.031279620853080566 0.08436018957345971
9 0.24928909952606634 0.7938388625592417 0.06255924170616113 0.05402843601895735
9 0.023222748815165877 0.8080568720379147 0.046445497630331754 0.055924170616113746
9 0.23649289099526066 0.837914691943128 0.058767772511848344 0.04834123222748815
9 0.034123222748815164 0.8488151658767773 0.05118483412322275 0.05023696682464455
3 0.17440758293838862 0.8687203791469195 0.025592417061611375 0.03601895734597156
3 0.1061611374407583 0.8691943127962085 0.025592417061611375 0.037914691943127965
1 0.06777251184834124 0.8800947867298579 0.04549763033175355 0.06540284360189573
1 0.21658767772511847 0.8786729857819905 0.05023696682464455 0.05971563981042654