4 0.14502369668246445 0.2919431279620853 0.05118483412322275 0.046445497630331754
4 0.3966824644549763 0.42796208530805685 0.04928909952606635 0.04739336492890995
4 0.3630331753554502 0.45924170616113746 0.04265402843601896 0.04170616113744076
4 0.31990521327014215 0.4848341232227488 0.04075829383886256 0.04170616113744076
5 0.27061611374407585 0.514218009478673 0.043601895734597156 0.04549763033175355
4 0.22322274881516588 0.5194312796208531 0.04265402843601896 0.043601895734597156
4 0.13080568720379146 0.45402843601895737 0.04170616113744076 0.04265402843601896
9 0.10568720379146919 0.33696682464454975 0.07962085308056872 0.06445497630331753
9 0.0947867298578199 0.3848341232227488 0.08341232227488152 0.06635071090047394
1 0.08483412322274882 0.43033175355450237 0.07867298578199051 0.07014218009478673
4 0.8966824644549763 0.0985781990521327 0.037914691943127965 0.03886255924170616
8 0.9597156398104265 0.24597156398104264 0.08056872037914692 0.0938388625592417
8 0.9393364928909953 0.1900473933649289 0.09573459715639811 0.0985781990521327
9 0.9274881516587677 0.13601895734597155 0.06729857819905213 0.06635071090047394
1 0.8753554502369668 0.05687203791469194 0.06350710900473934 0.06635071090047394
6 0.8312796208530806 0.03601895734597156 0.058767772511848344 0.058767772511848344
6 0.7786729857819905 0.02985781990521327 0.07109004739336493 0.05971563981042654
6 0.7232227488151659 0.03317535545023697 0.07203791469194312 0.06635071090047394
6 0.685781990521327 0.054502369668246446 0.06350710900473934 0.06255924170616113
1 0.6630331753554503 0.095260663507109 0.06445497630331753 0.06540284360189573
9 0.6530805687203791 0.14312796208530806 0.07677725118483412 0.06255924170616113
9 0.6421800947867299 0.18909952606635072 0.07014218009478673 0.05781990521327014
8 0.6540284360189573 0.2938388625592417 0.07772511848341232 0.07393364928909953
8 0.647867298578199 0.23838862559241705 0.0947867298578199 0.08246445497630332
8 0.44644549763033176 0.9123222748815166 0.08530805687203792 0.0976303317535545
8 0.41232227488151657 0.8677725118483413 0.09194312796208531 0.1033175355450237
9 0.3791469194312796 0.8203791469194313 0.07582938388625593 0.08056872037914692
9 0.3360189573459716 0.7886255924170616 0.07772511848341232 0.08720379146919431
1 0.2995260663507109 0.7563981042654029 0.06635071090047394 0.08530805687203792
6 0.25924170616113745 0.7360189573459716 0.06066350710900474 0.07109004739336493
6 0.2109004739336493 0.7246445497630332 0.07393364928909953 0.07772511848341232
6 0.16113744075829384 0.7350710900473933 0.07677725118483412 0.07677725118483412
6 0.13364928909952606 0.7696682464454976 0.06919431279620854 0.07203791469194312
1 0.1014218009478673 0.7995260663507109 0.07582938388625593 0.07109004739336493
9 0.09146919431279621 0.8559241706161137 0.08909952606635071 0.07962085308056872
9 0.08199052132701422 0.9066350710900474 0.08625592417061612 0.07582938388625593
8 0.07535545023696683 0.9601895734597157 0.0881516587677725 0.07962085308056872
8 0.08104265402843602 0.9909952606635071 0.08436018957345971 0.01800947867298578
4 0.8701421800947867 0.6535545023696683 0.046445497630331754 0.04549763033175355
4 0.8246445497630331 0.6976303317535545 0.046445497630331754 0.046445497630331754
4 0.7834123222748816 0.7450236966824645 0.03696682464454976 0.03981042654028436
5 0.74739336492891 0.771563981042654 0.04075829383886256 0.04075829383886256
5 0.6450236966824645 0.7848341232227488 0.03981042654028436 0.04549763033175355
5 0.6028436018957346 0.7635071090047393 0.03886255924170616 0.04265402843601896
4 0.556872037914692 0.6947867298578199 0.03981042654028436 0.03886255924170616
4 0.5549763033175356 0.5981042654028436 0.046445497630331754 0.037914691943127965
9 0.5436018957345972 0.6530805687203791 0.06445497630331753 0.06635071090047394
1 0.7066350710900474 0.8042654028436019 0.06445497630331753 0.07677725118483412
1 0.5625592417061611 0.7459715639810427 0.07014218009478673 0.07393364928909953