8 0.03317535545023697 0.2966824644549763 0.06635071090047394 0.0909952606635071
9 0.053554502369668244 0.395260663507109 0.06350710900473934 0.061611374407582936
9 0.07440758293838863 0.43554502369668247 0.058767772511848344 0.061611374407582936
3 0.34739336492890993 0.3137440758293839 0.04454976303317536 0.04454976303317536
3 0.31990521327014215 0.3582938388625592 0.04454976303317536 0.046445497630331754
9 0.3033175355450237 0.404739336492891 0.06350710900473934 0.06540284360189573
9 0.2834123222748815 0.442654028436019 0.05971563981042654 0.06066350710900474
1 0.2563981042654028 0.471563981042654 0.05308056872037915 0.05687203791469194
1 0.10426540284360189 0.46824644549763034 0.055924170616113746 0.05971563981042654
6 0.22464454976303316 0.4886255924170616 0.04928909952606635 0.054976303317535544
6 0.1928909952606635 0.4995260663507109 0.046445497630331754 0.05402843601895735
6 0.16303317535545023 0.4990521327014218 0.04265402843601896 0.04739336492890995
6 0.12843601895734597 0.490521327014218 0.05402843601895735 0.05781990521327014
9 0.36540284360189573 0.990521327014218 0.07298578199052133 0.018957345971563982
1 0.32606635071090045 0.9720379146919431 0.06635071090047394 0.055924170616113746
6 0.28151658767772514 0.9672985781990522 0.06635071090047394 0.06540284360189573
6 0.23175355450236967 0.9644549763033176 0.07488151658767772 0.07109004739336493
6 0.17867298578199053 0.9744075829383886 0.07298578199052133 0.05118483412322275
6 0.13601895734597155 0.9890995260663508 0.06350710900473934 0.021800947867298578
9 0.6118483412322275 0.7080568720379147 0.08436018957345971 0.037914691943127965
1 0.6639810426540285 0.704265402843602 0.06350710900473934 0.03033175355450237
6 0.7090047393364929 0.6962085308056872 0.058767772511848344 0.014218009478672985