8 0.35165876777251187 0.023696682464454975 0.08720379146919431 0.04739336492890995
9 0.3469194312796208 0.07203791469194312 0.06824644549763033 0.06350710900473934
1 0.3402843601895735 0.11658767772511848 0.06255924170616113 0.06919431279620854
5 0.30379146919431277 0.12938388625592417 0.03886255924170616 0.04454976303317536
5 0.1853080568720379 0.15545023696682464 0.034123222748815164 0.03033175355450237
1 0.13981042654028436 0.16824644549763032 0.058767772511848344 0.06824644549763033
9 0.1023696682464455 0.14170616113744075 0.07014218009478673 0.06350710900473934
9 0.06540284360189573 0.11327014218009479 0.07014218009478673 0.07488151658767772
8 0.021800947867298578 0.029383886255924172 0.043601895734597156 0.058767772511848344
3 0.819431279620853 0.33222748815165876 0.04834123222748815 0.04834123222748815
3 0.7805687203791469 0.2895734597156398 0.046445497630331754 0.04549763033175355
3 0.7412322274881517 0.25971563981042656 0.03696682464454976 0.037914691943127965
9 0.5132701421800948 0.44075829383886256 0.07488151658767772 0.037914691943127965
9 0.4981042654028436 0.4052132701421801 0.07677725118483412 0.052132701421800945
1 0.4876777251184834 0.3587677725118483 0.07677725118483412 0.06350710900473934
6 0.4928909952606635 0.3071090047393365 0.07867298578199051 0.05781990521327014
6 0.4938388625592417 0.25497630331753557 0.07298578199052133 0.06350710900473934
6 0.5293838862559241 0.22464454976303316 0.07488151658767772 0.07772511848341232
6 0.5824644549763033 0.218957345971564 0.07109004739336493 0.09194312796208531
1 0.6374407582938388 0.21943127962085307 0.06635071090047394 0.08056872037914692
9 0.6886255924170616 0.23080568720379147 0.06445497630331753 0.08341232227488152
8 0.33080568720379144 0.5962085308056873 0.06540284360189573 0.06066350710900474
8 0.3018957345971564 0.6450236966824645 0.07393364928909953 0.07014218009478673
9 0.44218009478672987 0.8488151658767773 0.014218009478672985 0.055924170616113746
9 0.4199052132701422 0.862085308056872 0.04739336492890995 0.05402843601895735
9 0.2791469194312796 0.690521327014218 0.05402843601895735 0.04834123222748815
9 0.26919431279620853 0.7312796208530805 0.061611374407582936 0.04834123222748815
1 0.37819905213270144 0.8691943127962085 0.05023696682464455 0.04928909952606635
1 0.27061611374407585 0.7701421800947867 0.043601895734597156 0.04739336492890995
6 0.33981042654028437 0.8611374407582938 0.035071090047393366 0.03601895734597156
6 0.28199052132701424 0.8014218009478673 0.03601895734597156 0.03696682464454976
6 0.2962085308056872 0.8265402843601896 0.03222748815165877 0.03222748815165877
6 0.31563981042654027 0.8459715639810427 0.031279620853080566 0.03317535545023697
5 0.6175355450236967 0.6947867298578199 0.04075829383886256 0.04265402843601896
4 0.6677725118483412 0.6545023696682465 0.03981042654028436 0.03886255924170616
9 0.7118483412322275 0.6218009478672986 0.04928909952606635 0.06445497630331753
9 0.7535545023696683 0.6161137440758294 0.05308056872037915 0.06540284360189573
1 0.7981042654028436 0.6123222748815166 0.058767772511848344 0.06255924170616113
6 0.8417061611374408 0.6227488151658768 0.05687203791469194 0.06445497630331753
6 0.876303317535545 0.6436018957345971 0.07298578199052133 0.06919431279620854