8 0.08009478672985781 0.2981042654028436 0.09004739336492891 0.04265402843601896
8 0.08720379146919431 0.25071090047393363 0.08625592417061612 0.08246445497630332
8 0.4042654028436019 0.25355450236966826 0.06919431279620854 0.06919431279620854
8 0.38436018957345974 0.2028436018957346 0.07488151658767772 0.08341232227488152
9 0.36113744075829385 0.15497630331753554 0.06350710900473934 0.06635071090047394
9 0.34218009478672984 0.12227488151658768 0.05308056872037915 0.05402843601895735
9 0.09052132701421801 0.195260663507109 0.06540284360189573 0.05687203791469194
9 0.1052132701421801 0.15924170616113745 0.06445497630331753 0.05402843601895735
1 0.12037914691943127 0.11895734597156397 0.055924170616113746 0.06066350710900474
1 0.32085308056872036 0.0909952606635071 0.05308056872037915 0.058767772511848344
3 0.15118483412322276 0.4194312796208531 0.05118483412322275 0.05308056872037915
3 0.46729857819905213 0.4938388625592417 0.04739336492890995 0.04454976303317536
8 0.43838862559241704 0.5554502369668246 0.07772511848341232 0.07677725118483412
2 0.17156398104265402 0.4947867298578199 0.05971563981042654 0.06255924170616113
1 0.34881516587677724 0.6540284360189573 0.04739336492890995 0.06919431279620854
6 0.3161137440758294 0.657345971563981 0.03981042654028436 0.07298578199052133
6 0.2848341232227488 0.6535545023696683 0.03222748815165877 0.06824644549763033
6 0.2563981042654028 0.6464454976303318 0.03601895734597156 0.05781990521327014
1 0.22085308056872038 0.6350710900473934 0.05402843601895735 0.06540284360189573
2 0.18388625592417063 0.5563981042654028 0.04928909952606635 0.05118483412322275
2 0.2004739336492891 0.604739336492891 0.046445497630331754 0.052132701421800945
8 0.8573459715639811 0.5090047393364929 0.058767772511848344 0.06350710900473934
8 0.8507109004739336 0.5582938388625592 0.06255924170616113 0.05687203791469194
9 0.8265402843601896 0.6052132701421801 0.04454976303317536 0.03601895734597156
9 0.819431279620853 0.6412322274881517 0.046445497630331754 0.04075829383886256
9 0.9819905213270143 0.7573459715639811 0.03601895734597156 0.04170616113744076
1 0.9412322274881516 0.771090047393365 0.03981042654028436 0.043601895734597156
6 0.9014218009478673 0.7687203791469195 0.035071090047393366 0.03886255924170616
6 0.8701421800947867 0.7582938388625592 0.03696682464454976 0.034123222748815164
6 0.8436018957345972 0.7398104265402844 0.03886255924170616 0.02843601895734597
6 0.8246445497630331 0.7132701421800948 0.04075829383886256 0.037914691943127965
1 0.8170616113744076 0.681042654028436 0.04265402843601896 0.04265402843601896