8 0.027962085308056873 0.2985781990521327 0.055924170616113746 0.07393364928909953
3 0.03981042654028436 0.26303317535545023 0.03696682464454976 0.03601895734597156
3 0.04123222748815166 0.21374407582938387 0.03886255924170616 0.037914691943127965
9 0.23933649289099526 0.13127962085308056 0.06824644549763033 0.05781990521327014
9 0.046445497630331754 0.15592417061611374 0.06919431279620854 0.06540284360189573
6 0.16540284360189572 0.0995260663507109 0.05971563981042654 0.06729857819905213
6 0.20568720379146918 0.1080568720379147 0.046445497630331754 0.05308056872037915
6 0.10900473933649289 0.104739336492891 0.06255924170616113 0.06919431279620854
6 0.06966824644549763 0.11753554502369669 0.04834123222748815 0.054976303317535544
8 0.6417061611374407 0.0909952606635071 0.07962085308056872 0.08246445497630332
8 0.9014218009478673 0.18104265402843603 0.08436018957345971 0.08436018957345971
3 0.9417061611374408 0.12274881516587678 0.04265402843601896 0.04170616113744076
9 0.6426540284360189 0.15355450236966825 0.05971563981042654 0.046445497630331754
9 0.6469194312796208 0.1981042654028436 0.054976303317535544 0.05118483412322275
1 0.6672985781990521 0.23838862559241705 0.054976303317535544 0.055924170616113746
6 0.6872037914691943 0.26018957345971566 0.046445497630331754 0.055924170616113746
6 0.7165876777251184 0.27440758293838863 0.046445497630331754 0.06255924170616113
6 0.75260663507109 0.2853080568720379 0.046445497630331754 0.05781990521327014
1 0.7943127962085308 0.2772511848341232 0.05118483412322275 0.055924170616113746
9 0.8327014218009479 0.25687203791469193 0.05402843601895735 0.05308056872037915
9 0.8644549763033176 0.22274881516587677 0.06255924170616113 0.055924170616113746
8 0.18862559241706162 0.7516587677725118 0.07109004739336493 0.07582938388625593
8 0.21469194312796208 0.695260663507109 0.06824644549763033 0.08056872037914692
8 0.49715639810426543 0.885781990521327 0.025592417061611375 0.061611374407582936
1 0.495260663507109 0.681042654028436 0.029383886255924172 0.06540284360189573
9 0.25402843601895736 0.6540284360189573 0.06540284360189573 0.06919431279620854
9 0.290521327014218 0.6213270142180095 0.06540284360189573 0.07488151658767772
1 0.33649289099526064 0.5971563981042654 0.06255924170616113 0.07677725118483412
6 0.3867298578199052 0.5829383886255924 0.04928909952606635 0.06919431279620854
6 0.4364928909952607 0.5796208530805688 0.061611374407582936 0.06824644549763033
6 0.4786729857819905 0.6004739336492891 0.06255924170616113 0.07488151658767772
6 0.4938388625592417 0.6350710900473934 0.03222748815165877 0.06635071090047394
6 0.5203791469194313 0.6270142180094787 0.02085308056872038 0.0995260663507109
6 0.5507109004739337 0.604739336492891 0.08151658767772511 0.11753554502369669
3 0.6251184834123222 0.6265402843601896 0.04834123222748815 0.052132701421800945
1 0.6800947867298578 0.6189573459715639 0.07014218009478673 0.08436018957345971
9 0.7767772511848341 0.7090047393364929 0.0881516587677725 0.0881516587677725