9 0.00900473933649289 0.2971563981042654 0.01800947867298578 0.07488151658767772
1 0.035071090047393366 0.2943127962085308 0.058767772511848344 0.05971563981042654
6 0.07677725118483412 0.3009478672985782 0.06350710900473934 0.055924170616113746
6 0.10710900473933649 0.3232227488151659 0.07677725118483412 0.06255924170616113
3 0.9440758293838862 0.1037914691943128 0.037914691943127965 0.03222748815165877
3 0.7625592417061612 0.2966824644549763 0.035071090047393366 0.034123222748815164
3 0.7796208530805687 0.35023696682464456 0.035071090047393366 0.03317535545023697
9 0.8962085308056872 0.057345971563981045 0.04928909952606635 0.05781990521327014
1 0.8559241706161137 0.04075829383886256 0.054976303317535544 0.06729857819905213
6 0.8099526066350711 0.03933649289099526 0.05687203791469194 0.06729857819905213
6 0.7706161137440758 0.04881516587677725 0.06066350710900474 0.06919431279620854
6 0.7132701421800948 0.104739336492891 0.058767772511848344 0.06540284360189573
1 0.7165876777251184 0.14928909952606634 0.07203791469194312 0.05687203791469194
9 0.7308056872037915 0.1990521327014218 0.07109004739336493 0.05781990521327014
9 0.7440758293838863 0.24976303317535545 0.06350710900473934 0.05687203791469194
3 0.7672985781990521 0.1023696682464455 0.03696682464454976 0.037914691943127965
9 0.07109004739336493 0.6360189573459716 0.055924170616113746 0.06255924170616113
9 0.046445497630331754 0.6018957345971564 0.05687203791469194 0.05402843601895735
1 0.01943127962085308 0.5701421800947867 0.03886255924170616 0.061611374407582936
8 0.9464454976303317 0.8350710900473933 0.07488151658767772 0.07582938388625593
3 0.8819905213270142 0.8492890995260663 0.03696682464454976 0.03886255924170616
9 0.8255924170616113 0.8701421800947867 0.05781990521327014 0.07109004739336493
9 0.7744075829383886 0.8739336492890996 0.05971563981042654 0.06919431279620854
1 0.7251184834123223 0.8796208530805687 0.061611374407582936 0.06255924170616113
6 0.6758293838862559 0.876303317535545 0.05118483412322275 0.05402843601895735
6 0.6341232227488152 0.8573459715639811 0.07488151658767772 0.06540284360189573