8 0.6895734597156398 0.11232227488151658 0.08530805687203792 0.07393364928909953
8 0.7113744075829384 0.06018957345971564 0.08530805687203792 0.08625592417061612
8 0.976303317535545 0.15924170616113745 0.04739336492890995 0.08151658767772511
8 0.9805687203791469 0.104739336492891 0.03886255924170616 0.08056872037914692
9 0.9786729857819905 0.05308056872037915 0.04265402843601896 0.054976303317535544
9 0.728436018957346 0.017061611374407582 0.06540284360189573 0.034123222748815164
9 0.9753554502369668 0.01943127962085308 0.04928909952606635 0.03886255924170616
8 0.1895734597156398 0.662085308056872 0.09004739336492891 0.0938388625592417
8 0.25781990521327014 0.6445497630331753 0.07867298578199051 0.08530805687203792
9 0.30947867298578197 0.6364928909952606 0.055924170616113746 0.07014218009478673
9 0.352132701421801 0.6388625592417062 0.05687203791469194 0.06824644549763033
1 0.3943127962085308 0.638388625592417 0.05308056872037915 0.05402843601895735
6 0.4260663507109005 0.6587677725118484 0.055924170616113746 0.052132701421800945
6 0.4611374407582938 0.6786729857819905 0.06729857819905213 0.058767772511848344
4 0.8895734597156398 0.5454976303317536 0.043601895734597156 0.04170616113744076
4 0.8895734597156398 0.6061611374407583 0.035071090047393366 0.035071090047393366
9 0.8919431279620853 0.6658767772511849 0.061611374407582936 0.06445497630331753
6 0.9710900473933649 0.7445497630331753 0.04549763033175355 0.05971563981042654
6 0.9398104265402843 0.7279620853080568 0.05118483412322275 0.07393364928909953
1 0.9146919431279621 0.7080568720379147 0.05118483412322275 0.055924170616113746