5 0.05402843601895735 0.17061611374407584 0.03981042654028436 0.04549763033175355
4 0.06303317535545024 0.22654028436018958 0.034123222748815164 0.034123222748815164
9 0.2786729857819905 0.2909952606635071 0.02085308056872038 0.058767772511848344
9 0.26398104265402844 0.32085308056872036 0.05023696682464455 0.061611374407582936
1 0.23554502369668245 0.34312796208530805 0.05023696682464455 0.05687203791469194
1 0.08436018957345971 0.30995260663507107 0.04265402843601896 0.052132701421800945
9 0.06682464454976303 0.2720379146919431 0.05023696682464455 0.05402843601895735
3 0.11848341232227488 0.3109004739336493 0.02843601895734597 0.026540284360189573
3 0.1938388625592417 0.3303317535545024 0.03033175355450237 0.029383886255924172
3 0.6454976303317536 0.3251184834123223 0.03886255924170616 0.037914691943127965
8 0.5957345971563981 0.3118483412322275 0.07962085308056872 0.09573459715639811
8 0.533649289099526 0.3355450236966825 0.07772511848341232 0.0938388625592417
9 0.6962085308056872 0.295260663507109 0.06255924170616113 0.07867298578199051
1 0.7492890995260664 0.2938388625592417 0.05687203791469194 0.07109004739336493
6 0.8004739336492891 0.2985781990521327 0.05781990521327014 0.06635071090047394
6 0.8473933649289099 0.3184834123222749 0.08246445497630332 0.07867298578199051
6 0.875829383886256 0.3582938388625592 0.06919431279620854 0.06824644549763033
8 0.9033175355450237 0.8800947867298579 0.09194312796208531 0.07014218009478673
8 0.9222748815165877 0.8165876777251185 0.0947867298578199 0.07203791469194312
9 0.9170616113744076 0.7635071090047393 0.1061611374407583 0.06824644549763033
9 0.9208530805687204 0.7109004739336493 0.0881516587677725 0.07393364928909953
8 0.571563981042654 0.7199052132701422 0.0985781990521327 0.09289099526066351
8 0.6052132701421801 0.6672985781990521 0.0938388625592417 0.0947867298578199
9 0.6426540284360189 0.623696682464455 0.07393364928909953 0.08720379146919431
9 0.6853080568720379 0.5943127962085308 0.07203791469194312 0.0909952606635071
1 0.7274881516587678 0.5644549763033175 0.06445497630331753 0.08909952606635071
6 0.7777251184834123 0.5630331753554503 0.052132701421800945 0.0881516587677725
6 0.828436018957346 0.566350710900474 0.06445497630331753 0.1080568720379147
6 0.8753554502369668 0.581042654028436 0.06445497630331753 0.0966824644549763
6 0.9009478672985782 0.6113744075829384 0.054976303317535544 0.06255924170616113
1 0.9113744075829384 0.6625592417061611 0.08151658767772511 0.08056872037914692