9 0.3004739336492891 0.13838862559241707 0.06824644549763033 0.04170616113744076
9 0.05971563981042654 0.1052132701421801 0.06350710900473934 0.061611374407582936
1 0.08293838862559241 0.06635071090047394 0.05781990521327014 0.06066350710900474
1 0.2914691943127962 0.1080568720379147 0.05781990521327014 0.05687203791469194
6 0.11990521327014218 0.04454976303317536 0.05781990521327014 0.05971563981042654
6 0.27582938388625594 0.07251184834123223 0.07203791469194312 0.07488151658767772
6 0.23696682464454977 0.04075829383886256 0.07393364928909953 0.07677725118483412
6 0.17298578199052134 0.032701421800947865 0.06919431279620854 0.06540284360189573
8 0.7426540284360189 0.13981042654028436 0.08056872037914692 0.03886255924170616
9 0.7672985781990521 0.11658767772511848 0.06729857819905213 0.06066350710900474
2 0.8009478672985783 0.08436018957345971 0.05308056872037915 0.05023696682464455
2 0.8246445497630331 0.04928909952606635 0.04739336492890995 0.04549763033175355
2 0.8819905213270142 0.04170616113744076 0.043601895734597156 0.055924170616113746
2 0.9232227488151659 0.03459715639810427 0.04454976303317536 0.05308056872037915
2 0.966824644549763 0.04976303317535545 0.05118483412322275 0.055924170616113746
2 0.9886255924170616 0.08388625592417062 0.022748815165876776 0.04834123222748815
8 0.45781990521327015 0.6123222748815166 0.06255924170616113 0.08909952606635071
3 0.41184834123222747 0.6066350710900474 0.04454976303317536 0.046445497630331754
9 0.3639810426540284 0.5848341232227489 0.06350710900473934 0.07867298578199051
1 0.3109004739336493 0.580568720379147 0.06729857819905213 0.06824644549763033
6 0.26350710900473934 0.5966824644549763 0.06066350710900474 0.06350710900473934
6 0.23270142180094786 0.624170616113744 0.07203791469194312 0.07109004739336493
3 0.7203791469194313 0.6725118483412322 0.037914691943127965 0.043601895734597156
8 0.7900473933649289 0.647867298578199 0.0909952606635071 0.1052132701421801
9 0.8530805687203792 0.637914691943128 0.06540284360189573 0.08436018957345971
9 0.9028436018957346 0.6364928909952606 0.061611374407582936 0.08151658767772511
1 0.9511848341232227 0.638388625592417 0.06255924170616113 0.07109004739336493
6 0.9824644549763033 0.6488151658767772 0.035071090047393366 0.07109004739336493