8 0.26492890995260665 0.24407582938388625 0.07962085308056872 0.07867298578199051
8 0.3075829383886256 0.21943127962085307 0.08436018957345971 0.0881516587677725
9 0.34454976303317536 0.1876777251184834 0.061611374407582936 0.055924170616113746
9 0.37725118483412323 0.16635071090047393 0.05781990521327014 0.05971563981042654
9 0.5393364928909953 0.2990521327014218 0.06350710900473934 0.054976303317535544
1 0.41800947867298577 0.15497630331753554 0.05971563981042654 0.058767772511848344
1 0.5502369668246445 0.26066350710900477 0.054976303317535544 0.054976303317535544
6 0.5033175355450237 0.15876777251184834 0.05971563981042654 0.05687203791469194
6 0.5383886255924171 0.18909952606635072 0.06066350710900474 0.05687203791469194
6 0.54739336492891 0.22511848341232227 0.04928909952606635 0.04739336492890995
6 0.46161137440758293 0.15118483412322276 0.04928909952606635 0.04834123222748815
8 0.8895734597156398 0.3 0.09194312796208531 0.08909952606635071
5 0.9355450236966825 0.23412322274881517 0.043601895734597156 0.043601895734597156
9 0.8672985781990521 0.36066350710900474 0.07582938388625593 0.06919431279620854
9 0.8454976303317535 0.4028436018957346 0.06729857819905213 0.058767772511848344
1 0.8127962085308057 0.4327014218009479 0.061611374407582936 0.07109004739336493
6 0.7805687203791469 0.44597156398104265 0.04834123222748815 0.058767772511848344
6 0.7545023696682465 0.44739336492890996 0.03033175355450237 0.058767772511848344
9 0.3639810426540284 0.981042654028436 0.06824644549763033 0.037914691943127965
1 0.4023696682464455 0.966824644549763 0.05781990521327014 0.06635071090047394
6 0.44549763033175355 0.952132701421801 0.05781990521327014 0.06824644549763033
6 0.4962085308056872 0.9507109004739337 0.06255924170616113 0.06824644549763033
6 0.5402843601895735 0.9720379146919431 0.06445497630331753 0.055924170616113746
9 0.8573459715639811 0.7123222748815166 0.07203791469194312 0.06729857819905213
1 0.8957345971563981 0.6867298578199053 0.06445497630331753 0.035071090047393366