2 0.26350710900473934 0.34881516587677724 0.07014218009478673 0.07962085308056872
3 0.2838862559241706 0.304739336492891 0.046445497630331754 0.04454976303317536
9 0.2962085308056872 0.24786729857819906 0.07867298578199051 0.07582938388625593
9 0.31563981042654027 0.2132701421800948 0.07298578199052133 0.07014218009478673
8 0.6033175355450237 0.38957345971563984 0.1052132701421801 0.1004739336492891
8 0.6071090047393365 0.32654028436018956 0.08909952606635071 0.07962085308056872
8 0.5834123222748815 0.2725118483412322 0.09573459715639811 0.0938388625592417
9 0.5644549763033175 0.22274881516587677 0.07677725118483412 0.06729857819905213
9 0.5369668246445498 0.1928909952606635 0.07488151658767772 0.06445497630331753
1 0.3289099526066351 0.17203791469194313 0.06066350710900474 0.06445497630331753
1 0.5132701421800948 0.15260663507109004 0.06445497630331753 0.06540284360189573
6 0.3985781990521327 0.12180094786729857 0.06635071090047394 0.07772511848341232
6 0.45023696682464454 0.12037914691943127 0.06824644549763033 0.07582938388625593
6 0.35971563981042654 0.14454976303317535 0.05781990521327014 0.05971563981042654
6 0.4815165876777251 0.13696682464454976 0.04265402843601896 0.043601895734597156
9 0.7895734597156399 0.47488151658767774 0.07962085308056872 0.07962085308056872
1 0.776303317535545 0.4208530805687204 0.05308056872037915 0.07014218009478673
6 0.7587677725118483 0.3966824644549763 0.01800947867298578 0.06729857819905213
8 0.25213270142180094 0.7265402843601896 0.07677725118483412 0.08151658767772511
8 0.28720379146919434 0.7805687203791469 0.07962085308056872 0.08246445497630332
2 0.566350710900474 0.6582938388625592 0.07393364928909953 0.07393364928909953
2 0.5587677725118484 0.723696682464455 0.06919431279620854 0.06824644549763033
9 0.3194312796208531 0.8227488151658767 0.06066350710900474 0.061611374407582936
9 0.3469194312796208 0.8559241706161137 0.054976303317535544 0.054976303317535544
1 0.37725118483412323 0.8753554502369668 0.05023696682464455 0.054976303317535544
6 0.40616113744075827 0.885781990521327 0.046445497630331754 0.054976303317535544
6 0.437914691943128 0.8886255924170616 0.04265402843601896 0.05402843601895735
6 0.46729857819905213 0.8800947867298579 0.04265402843601896 0.052132701421800945
1 0.5194312796208531 0.843127962085308 0.04834123222748815 0.05308056872037915
9 0.5360189573459716 0.8123222748815165 0.05308056872037915 0.054976303317535544
9 0.5440758293838862 0.771563981042654 0.058767772511848344 0.06066350710900474
6 0.49715639810426543 0.8654028436018958 0.04454976303317536 0.05402843601895735