8 0.7180094786729858 0.01990521327014218 0.06729857819905213 0.03981042654028436
8 0.704265402843602 0.06303317535545024 0.06824644549763033 0.07014218009478673
9 0.6881516587677725 0.109478672985782 0.06350710900473934 0.054976303317535544
9 0.6663507109004739 0.15165876777251186 0.054976303317535544 0.055924170616113746
9 0.45924170616113746 0.10995260663507109 0.01990521327014218 0.05687203791469194
9 0.46255924170616114 0.15734597156398103 0.026540284360189573 0.05687203791469194
1 0.6417061611374407 0.18909952606635072 0.04549763033175355 0.054976303317535544
1 0.48056872037914694 0.18909952606635072 0.05023696682464455 0.05971563981042654
6 0.6061611374407583 0.2004739336492891 0.04170616113744076 0.04928909952606635
6 0.5706161137440758 0.2037914691943128 0.04075829383886256 0.046445497630331754
6 0.5364928909952607 0.1962085308056872 0.04075829383886256 0.04454976303317536
6 0.5118483412322274 0.2099526066350711 0.04265402843601896 0.052132701421800945
3 0.006635071090047393 0.5042654028436019 0.013270142180094787 0.043601895734597156
3 0.045023696682464455 0.5293838862559241 0.035071090047393366 0.03696682464454976
9 0.25118483412322273 0.4218009478672986 0.061611374407582936 0.055924170616113746
9 0.08388625592417062 0.5597156398104265 0.05023696682464455 0.06635071090047394
1 0.12654028436018958 0.5606635071090047 0.054976303317535544 0.06350710900473934
1 0.24881516587677724 0.46966824644549765 0.07014218009478673 0.055924170616113746
6 0.16824644549763032 0.5554502369668246 0.04739336492890995 0.05781990521327014
6 0.2014218009478673 0.5469194312796208 0.04265402843601896 0.052132701421800945
6 0.22511848341232227 0.5355450236966824 0.03886255924170616 0.04075829383886256
6 0.23791469194312795 0.5014218009478673 0.05023696682464455 0.05118483412322275
3 0.5796208530805688 0.6099526066350711 0.05023696682464455 0.04928909952606635
8 0.6407582938388625 0.6104265402843602 0.07488151658767772 0.0947867298578199
9 0.6938388625592417 0.6199052132701421 0.05781990521327014 0.06635071090047394
9 0.7393364928909952 0.6322274881516587 0.04739336492890995 0.06350710900473934
1 0.7895734597156399 0.6246445497630332 0.054976303317535544 0.054976303317535544
6 0.8303317535545024 0.6004739336492891 0.04075829383886256 0.03886255924170616
6 0.8606635071090047 0.5796208530805688 0.04834123222748815 0.03222748815165877
6 0.8729857819905213 0.54739336492891 0.04739336492890995 0.03601895734597156