9 0.10710900473933649 0.08341232227488152 0.07393364928909953 0.07393364928909953
1 0.0962085308056872 0.12369668246445498 0.061611374407582936 0.06824644549763033
4 0.05402843601895735 0.17393364928909952 0.043601895734597156 0.04454976303317536
4 0.015165876777251185 0.2004739336492891 0.03033175355450237 0.04265402843601896
9 0.6488151658767772 0.14407582938388624 0.08056872037914692 0.08530805687203792
9 0.690521327014218 0.13791469194312797 0.06540284360189573 0.07677725118483412
1 0.7303317535545024 0.13554502369668248 0.058767772511848344 0.07393364928909953
6 0.762085308056872 0.13933649289099526 0.07393364928909953 0.07772511848341232
1 0.8568720379146919 0.23886255924170616 0.07488151658767772 0.06066350710900474
3 0.7739336492890996 0.18246445497630331 0.031279620853080566 0.035071090047393366
3 0.8236966824644549 0.23127962085308057 0.03601895734597156 0.03696682464454976
9 0.8691943127962085 0.271563981042654 0.07298578199052133 0.05971563981042654
9 0.8753554502369668 0.31563981042654027 0.09004739336492891 0.08246445497630332
8 0.12890995260663507 0.6587677725118484 0.08530805687203792 0.018957345971563982
3 0.06824644549763033 0.6606635071090048 0.04170616113744076 0.022748815165876776
9 0.025118483412322274 0.6843601895734597 0.05023696682464455 0.07014218009478673
8 0.7815165876777251 0.8222748815165877 0.08151658767772511 0.08246445497630332
8 0.79478672985782 0.7611374407582938 0.08530805687203792 0.08909952606635071
9 0.8132701421800947 0.7123222748815166 0.06350710900473934 0.06255924170616113
9 0.8222748815165877 0.6753554502369669 0.06350710900473934 0.052132701421800945
1 0.8412322274881516 0.6578199052132702 0.05971563981042654 0.017061611374407582