9 0.16066350710900473 0.9293838862559242 0.06350710900473934 0.05402843601895735
9 0.1853080568720379 0.9014218009478673 0.06729857819905213 0.05781990521327014
1 0.20616113744075829 0.8649289099526066 0.06350710900473934 0.06540284360189573
9 0.4199052132701422 0.966350710900474 0.07014218009478673 0.061611374407582936
1 0.4146919431279621 0.9251184834123223 0.06445497630331753 0.06635071090047394
3 0.24691943127962085 0.8554502369668247 0.03981042654028436 0.04170616113744076
6 0.2981042654028436 0.852132701421801 0.06824644549763033 0.058767772511848344
6 0.35260663507109 0.8606635071090047 0.06540284360189573 0.06350710900473934
6 0.39478672985781993 0.8872037914691943 0.05402843601895735 0.05402843601895735
3 0.8028436018957346 0.7682464454976303 0.054976303317535544 0.055924170616113746
4 0.871563981042654 0.8137440758293839 0.04739336492890995 0.052132701421800945
1 0.9687203791469194 0.8938388625592417 0.06255924170616113 0.08530805687203792
9 0.9165876777251185 0.8677725118483413 0.08436018957345971 0.08625592417061612