8 0.11279620853080569 0.18578199052132702 0.0909952606635071 0.08246445497630332
8 0.12748815165876778 0.24928909952606634 0.08246445497630332 0.08625592417061612
9 0.16729857819905214 0.28720379146919434 0.06919431279620854 0.06255924170616113
9 0.18009478672985782 0.3345971563981043 0.07393364928909953 0.06350710900473934
1 0.2066350710900474 0.37772511848341234 0.061611374407582936 0.06824644549763033
6 0.23981042654028437 0.4075829383886256 0.03981042654028436 0.058767772511848344
4 0.5748815165876777 0.3796208530805687 0.046445497630331754 0.04928909952606635
3 0.8696682464454977 0.36777251184834125 0.04454976303317536 0.04265402843601896
4 0.8568720379146919 0.4611374407582938 0.04549763033175355 0.03696682464454976
4 0.5876777251184834 0.4720379146919431 0.04739336492890995 0.015165876777251185
9 0.021800947867298578 0.981042654028436 0.043601895734597156 0.037914691943127965
9 0.055924170616113746 0.966824644549763 0.06635071090047394 0.06635071090047394
1 0.095260663507109 0.9421800947867298 0.07014218009478673 0.06919431279620854
9 0.025592417061611375 0.7374407582938388 0.05118483412322275 0.07393364928909953
1 0.07014218009478673 0.7492890995260664 0.07203791469194312 0.07298578199052133
6 0.11611374407582939 0.9109004739336493 0.06540284360189573 0.055924170616113746
6 0.12417061611374408 0.8691943127962085 0.07203791469194312 0.06635071090047394
6 0.11658767772511848 0.8218009478672986 0.07772511848341232 0.06445497630331753
6 0.0981042654028436 0.781042654028436 0.07014218009478673 0.061611374407582936
8 0.6720379146919432 0.628436018957346 0.08151658767772511 0.07962085308056872
8 0.35639810426540286 0.623696682464455 0.09573459715639811 0.0966824644549763
9 0.6526066350710901 0.5748815165876777 0.07867298578199051 0.06919431279620854
9 0.36729857819905215 0.5753554502369668 0.07109004739336493 0.06824644549763033
9 0.6303317535545023 0.533649289099526 0.07867298578199051 0.06824644549763033
9 0.3909952606635071 0.5364928909952607 0.07582938388625593 0.07014218009478673
1 0.6075829383886255 0.5009478672985782 0.07393364928909953 0.04265402843601896
1 0.4146919431279621 0.5028436018957346 0.06540284360189573 0.046445497630331754