8 0.34834123222748814 0.03222748815165877 0.0938388625592417 0.06445497630331753
8 0.34928909952606635 0.09289099526066351 0.09194312796208531 0.09573459715639811
9 0.34976303317535545 0.15071090047393365 0.06729857819905213 0.06635071090047394
9 0.34502369668246446 0.1971563981042654 0.058767772511848344 0.058767772511848344
1 0.36492890995260663 0.23649289099526066 0.055924170616113746 0.06350710900473934
6 0.4009478672985782 0.2720379146919431 0.017061611374407582 0.058767772511848344
6 0.3876777251184834 0.24976303317535545 0.043601895734597156 0.05971563981042654
8 0.5687203791469194 0.3962085308056872 0.09004739336492891 0.09194312796208531
8 0.6388625592417062 0.3924170616113744 0.0938388625592417 0.0881516587677725
9 0.6971563981042654 0.3976303317535545 0.05023696682464455 0.061611374407582936
9 0.7412322274881517 0.3995260663507109 0.05687203791469194 0.05687203791469194
1 0.7853080568720379 0.4156398104265403 0.05971563981042654 0.05781990521327014
6 0.8175355450236966 0.43364928909952605 0.05971563981042654 0.05687203791469194
6 0.8345971563981043 0.45023696682464454 0.06540284360189573 0.037914691943127965
9 0.3933649289099526 0.8540284360189574 0.03222748815165877 0.06066350710900474
8 0.36587677725118484 0.8843601895734597 0.08246445497630332 0.08436018957345971
8 0.3194312796208531 0.9312796208530806 0.08151658767772511 0.08151658767772511
4 0.818957345971564 0.6071090047393365 0.043601895734597156 0.043601895734597156
3 0.738388625592417 0.6345971563981042 0.03696682464454976 0.03601895734597156
9 0.6943127962085308 0.6597156398104266 0.06066350710900474 0.06729857819905213
8 0.566350710900474 0.4791469194312796 0.08246445497630332 0.01990521327014218
9 0.556872037914692 0.5009478672985782 0.06445497630331753 0.055924170616113746
9 0.54739336492891 0.543127962085308 0.061611374407582936 0.055924170616113746
1 0.5440758293838862 0.5857819905213271 0.06066350710900474 0.054976303317535544
6 0.5497630331753555 0.6184834123222749 0.054976303317535544 0.055924170616113746
6 0.566350710900474 0.6402843601895735 0.046445497630331754 0.05118483412322275
6 0.5819905213270142 0.6616113744075829 0.046445497630331754 0.05402843601895735
6 0.6113744075829384 0.6687203791469194 0.05308056872037915 0.05971563981042654
1 0.6526066350710901 0.6672985781990521 0.05402843601895735 0.06350710900473934