3 0.42322274881516586 0.33838862559241706 0.012322274881516588 0.034123222748815164
3 0.4109004739336493 0.3748815165876777 0.034123222748815164 0.03033175355450237
6 0.3962085308056872 0.4080568720379147 0.06635071090047394 0.04265402843601896
9 0.7582938388625592 0.17251184834123223 0.06824644549763033 0.07772511848341232
9 0.7639810426540284 0.13127962085308056 0.07014218009478673 0.06540284360189573
1 0.7739336492890996 0.09336492890995261 0.06445497630331753 0.06255924170616113
6 0.7900473933649289 0.05971563981042654 0.055924170616113746 0.07014218009478673
1 0.9407582938388626 0.054502369668246446 0.054976303317535544 0.06635071090047394
9 0.9739336492890995 0.07677725118483412 0.052132701421800945 0.06635071090047394
9 0.9895734597156398 0.1 0.02085308056872038 0.06919431279620854
9 0.26919431279620853 0.8459715639810427 0.08909952606635071 0.08341232227488152
9 0.24928909952606634 0.9042654028436019 0.08530805687203792 0.07962085308056872
8 0.304739336492891 0.6696682464454976 0.1080568720379147 0.1023696682464455
8 0.29289099526066353 0.7630331753554502 0.12701421800947868 0.13080568720379146
1 0.22890995260663508 0.9530805687203792 0.0881516587677725 0.0938388625592417
6 0.1872037914691943 0.9739336492890995 0.06540284360189573 0.052132701421800945
6 0.14597156398104266 0.990521327014218 0.06066350710900474 0.018957345971563982
6 0.052132701421800945 0.990521327014218 0.06255924170616113 0.018957345971563982
8 0.45402843601895737 0.5601895734597157 0.04928909952606635 0.0909952606635071
3 0.4881516587677725 0.5691943127962086 0.03981042654028436 0.037914691943127965
9 0.5327014218009478 0.5677725118483412 0.061611374407582936 0.07014218009478673
9 0.5843601895734597 0.5687203791469194 0.06066350710900474 0.06729857819905213
1 0.6327014218009479 0.5644549763033175 0.054976303317535544 0.061611374407582936
6 0.6658767772511849 0.5412322274881517 0.055924170616113746 0.04739336492890995
6 0.6824644549763034 0.5199052132701422 0.05118483412322275 0.04265402843601896
6 0.6933649289099526 0.4943127962085308 0.05118483412322275 0.03222748815165877