8 0.036492890995260666 0.4933649289099526 0.07298578199052133 0.08056872037914692
8 0.03886255924170616 0.42985781990521327 0.07772511848341232 0.07677725118483412
8 0.3791469194312796 0.4317535545023697 0.04170616113744076 0.08625592417061612
2 0.36635071090047394 0.38341232227488153 0.06729857819905213 0.06919431279620854
9 0.04312796208530806 0.37725118483412323 0.06255924170616113 0.052132701421800945
9 0.05639810426540284 0.33791469194312795 0.05781990521327014 0.04928909952606635
9 0.3469194312796208 0.3293838862559242 0.06066350710900474 0.05023696682464455
9 0.3161137440758294 0.2957345971563981 0.058767772511848344 0.05402843601895735
1 0.07819905213270142 0.3023696682464455 0.05308056872037915 0.06066350710900474
1 0.28720379146919434 0.26919431279620853 0.052132701421800945 0.061611374407582936
6 0.2028436018957346 0.25213270142180094 0.055924170616113746 0.06255924170616113
6 0.15165876777251186 0.25971563981042656 0.058767772511848344 0.06350710900473934
6 0.10995260663507109 0.2739336492890995 0.04549763033175355 0.05118483412322275
6 0.2502369668246445 0.25450236966824646 0.04549763033175355 0.046445497630331754
8 0.981042654028436 0.11895734597156397 0.037914691943127965 0.06540284360189573
8 0.9682464454976303 0.1848341232227488 0.06350710900473934 0.07962085308056872
9 0.9587677725118483 0.23744075829383887 0.06066350710900474 0.05781990521327014
9 0.9473933649289099 0.28199052132701424 0.05118483412322275 0.05118483412322275
1 0.9289099526066351 0.3165876777251185 0.04549763033175355 0.052132701421800945
6 0.9061611374407583 0.34312796208530805 0.04265402843601896 0.052132701421800945
6 0.8772511848341232 0.35450236966824644 0.035071090047393366 0.05118483412322275
6 0.8488151658767773 0.36018957345971564 0.034123222748815164 0.05308056872037915
6 0.8199052132701422 0.36492890995260663 0.03222748815165877 0.055924170616113746
1 0.7848341232227488 0.352132701421801 0.04549763033175355 0.058767772511848344
9 0.7573459715639811 0.3184834123222749 0.06066350710900474 0.06729857819905213
9 0.728436018957346 0.27630331753554505 0.06066350710900474 0.05971563981042654
3 0.7080568720379147 0.22180094786729856 0.05023696682464455 0.05023696682464455
8 0.07440758293838863 0.6943127962085308 0.06255924170616113 0.07772511848341232
2 0.02085308056872038 0.6843601895734597 0.04170616113744076 0.06255924170616113
6 0.44976303317535543 0.9772511848341232 0.09573459715639811 0.04549763033175355
6 0.5109004739336492 0.9606635071090047 0.0947867298578199 0.07867298578199051
3 0.5914691943127962 0.9876777251184834 0.04928909952606635 0.024644549763033177
1 0.6459715639810426 0.9748815165876777 0.07109004739336493 0.05023696682464455