8 0.15545023696682464 0.23222748815165878 0.08341232227488152 0.08909952606635071
8 0.190521327014218 0.18246445497630331 0.0881516587677725 0.09289099526066351
9 0.21990521327014217 0.13412322274881516 0.06824644549763033 0.07014218009478673
9 0.25118483412322273 0.0971563981042654 0.06919431279620854 0.07109004739336493
8 0.4900473933649289 0.3090047393364929 0.08341232227488152 0.07014218009478673
8 0.4886255924170616 0.2559241706161137 0.0909952606635071 0.08436018957345971
9 0.4909952606635071 0.2023696682464455 0.07488151658767772 0.06635071090047394
9 0.4791469194312796 0.15450236966824646 0.07109004739336493 0.06350710900473934
1 0.2829383886255924 0.05924170616113744 0.06445497630331753 0.06255924170616113
1 0.4720379146919431 0.1033175355450237 0.055924170616113746 0.05971563981042654
6 0.3227488151658768 0.032701421800947865 0.054976303317535544 0.052132701421800945
6 0.37203791469194314 0.026540284360189573 0.06350710900473934 0.05308056872037915
6 0.41800947867298577 0.035545023696682464 0.05971563981042654 0.05781990521327014
6 0.45355450236966827 0.06303317535545024 0.04834123222748815 0.05402843601895735
8 0.752132701421801 0.13649289099526066 0.08909952606635071 0.07582938388625593
2 0.7398104265402844 0.037914691943127965 0.07393364928909953 0.06255924170616113
8 0.4018957345971564 0.680568720379147 0.09004739336492891 0.09004739336492891
8 0.34218009478672984 0.7184834123222749 0.0881516587677725 0.08909952606635071
2 0.2886255924170616 0.7369668246445498 0.04928909952606635 0.06066350710900474
9 0.24360189573459715 0.7492890995260664 0.058767772511848344 0.06255924170616113
1 0.2009478672985782 0.7563981042654029 0.06445497630331753 0.058767772511848344
6 0.16777251184834124 0.747867298578199 0.06255924170616113 0.05023696682464455
6 0.14549763033175356 0.728909952606635 0.06919431279620854 0.04834123222748815
8 0.8270142180094787 0.7691943127962085 0.07962085308056872 0.07772511848341232
8 0.8507109004739336 0.7170616113744076 0.0995260663507109 0.09194312796208531
8 0.8630331753554502 0.6492890995260664 0.1023696682464455 0.09194312796208531
9 0.8696682464454977 0.595260663507109 0.07867298578199051 0.061611374407582936