9 0.24928909952606634 0.23554502369668245 0.07298578199052133 0.046445497630331754
9 0.25497630331753557 0.27535545023696684 0.06824644549763033 0.061611374407582936
1 0.27630331753554505 0.3137440758293839 0.05781990521327014 0.06540284360189573
6 0.3350710900473934 0.36066350710900474 0.029383886255924172 0.061611374407582936
6 0.304739336492891 0.34549763033175357 0.052132701421800945 0.052132701421800945
8 0.7796208530805687 0.30995260663507107 0.08151658767772511 0.07393364928909953
8 0.7417061611374408 0.36540284360189573 0.07962085308056872 0.07677725118483412
9 0.7080568720379147 0.4099526066350711 0.06350710900473934 0.06255924170616113
9 0.6725118483412322 0.43554502369668247 0.061611374407582936 0.04834123222748815
1 0.6360189573459716 0.44976303317535543 0.05687203791469194 0.01990521327014218
6 0.5 0.45213270142180095 0.05402843601895735 0.015165876777251185
1 0.47393364928909953 0.4327014218009479 0.058767772511848344 0.05402843601895735
0 0.45592417061611373 0.395260663507109 0.04170616113744076 0.052132701421800945
0 0.41753554502369666 0.3018957345971564 0.04739336492890995 0.05023696682464455
0 0.4052132701421801 0.23981042654028437 0.04265402843601896 0.04170616113744076
9 0.02132701421800948 0.9028436018957346 0.04265402843601896 0.06540284360189573
3 0.05308056872037915 0.890521327014218 0.034123222748815164 0.034123222748815164
1 0.08341232227488152 0.8687203791469195 0.05402843601895735 0.061611374407582936
6 0.13175355450236967 0.8635071090047394 0.04739336492890995 0.05308056872037915
1 0.25734597156398104 0.9791469194312796 0.06540284360189573 0.04170616113744076
6 0.25071090047393363 0.9327014218009478 0.06919431279620854 0.06255924170616113
6 0.22701421800947869 0.8938388625592417 0.06919431279620854 0.06255924170616113
6 0.18104265402843603 0.8682464454976303 0.06445497630331753 0.06445497630331753
3 0.442654028436019 0.6279620853080569 0.03601895734597156 0.034123222748815164
4 0.490521327014218 0.6658767772511849 0.03222748815165877 0.034123222748815164
9 0.5184834123222749 0.6981042654028436 0.04928909952606635 0.04928909952606635
1 0.5521327014218009 0.7109004739336493 0.04265402843601896 0.05402843601895735
6 0.5862559241706161 0.7132701421800948 0.04170616113744076 0.046445497630331754
6 0.6137440758293838 0.7146919431279621 0.043601895734597156 0.04170616113744076
6 0.6388625592417062 0.7056872037914692 0.046445497630331754 0.04170616113744076
6 0.6611374407582938 0.6867298578199053 0.04075829383886256 0.043601895734597156
9 0.6748815165876777 0.6170616113744076 0.06635071090047394 0.05023696682464455
9 0.6829383886255924 0.5729857819905213 0.06919431279620854 0.052132701421800945
8 0.6943127962085308 0.5180094786729857 0.07014218009478673 0.07488151658767772
1 0.6767772511848341 0.6549763033175355 0.052132701421800945 0.046445497630331754