9 0.20616113744075829 0.05260663507109005 0.07962085308056872 0.06066350710900474
9 0.47488151658767774 0.01848341232227488 0.06255924170616113 0.03696682464454976
9 0.4819905213270142 0.052132701421800945 0.06824644549763033 0.05687203791469194
9 0.22511848341232227 0.09289099526066351 0.07203791469194312 0.06255924170616113
1 0.4663507109004739 0.095260663507109 0.06350710900473934 0.06824644549763033
1 0.25781990521327014 0.12843601895734597 0.06255924170616113 0.06824644549763033
6 0.44691943127962086 0.13364928909952606 0.05971563981042654 0.07203791469194312
6 0.3924170616113744 0.16398104265402844 0.06824644549763033 0.10710900473933649
6 0.34407582938388626 0.15924170616113745 0.06255924170616113 0.07393364928909953
6 0.295260663507109 0.15734597156398103 0.054976303317535544 0.06729857819905213
3 0.6985781990521327 0.07867298578199051 0.03886255924170616 0.037914691943127965
3 0.7469194312796209 0.10284360189573459 0.04170616113744076 0.03886255924170616
2 0.781042654028436 0.12654028436018958 0.035071090047393366 0.05308056872037915
9 0.8156398104265403 0.13933649289099526 0.05308056872037915 0.06066350710900474
1 0.8563981042654029 0.15071090047393365 0.04834123222748815 0.05023696682464455
6 0.8947867298578199 0.14502369668246445 0.04454976303317536 0.04265402843601896
6 0.919431279620853 0.13033175355450238 0.04170616113744076 0.03696682464454976
6 0.9317535545023696 0.10995260663507109 0.04075829383886256 0.035071090047393366
6 0.9454976303317536 0.0909952606635071 0.03981042654028436 0.04265402843601896
2 0.943127962085308 0.055924170616113746 0.05023696682464455 0.03696682464454976
2 0.942654028436019 0.015639810426540283 0.04265402843601896 0.031279620853080566
8 0.07914691943127962 0.7791469194312797 0.08530805687203792 0.08341232227488152
8 0.14407582938388624 0.7511848341232228 0.07203791469194312 0.07203791469194312
9 0.1928909952606635 0.728909952606635 0.05402843601895735 0.061611374407582936
9 0.23649289099526066 0.7208530805687203 0.058767772511848344 0.06066350710900474
1 0.2796208530805687 0.7260663507109004 0.05402843601895735 0.06066350710900474
6 0.3118483412322275 0.74739336492891 0.05118483412322275 0.05308056872037915
6 0.33696682464454975 0.7635071090047393 0.055924170616113746 0.04454976303317536
8 0.6720379146919432 0.7109004739336493 0.07962085308056872 0.08341232227488152
2 0.7388625592417062 0.7180094786729858 0.06540284360189573 0.07203791469194312
9 0.7962085308056872 0.728909952606635 0.06255924170616113 0.07393364928909953
9 0.843127962085308 0.7255924170616114 0.05781990521327014 0.07203791469194312
1 0.8886255924170616 0.7255924170616114 0.05308056872037915 0.06445497630331753
6 0.9308056872037914 0.7056872037914692 0.04928909952606635 0.05118483412322275
6 0.9677725118483412 0.6734597156398104 0.05971563981042654 0.06540284360189573