9 0.03364928909952607 0.25165876777251184 0.055924170616113746 0.055924170616113746
9 0.04170616113744076 0.2848341232227488 0.05308056872037915 0.05687203791469194
9 0.2554502369668246 0.24928909952606634 0.061611374407582936 0.05402843601895735
9 0.24075829383886255 0.2853080568720379 0.058767772511848344 0.05971563981042654
1 0.05545023696682464 0.3194312796208531 0.054976303317535544 0.05402843601895735
1 0.2127962085308057 0.3170616113744076 0.06255924170616113 0.05971563981042654
6 0.18625592417061612 0.33175355450236965 0.043601895734597156 0.04454976303317536
6 0.14976303317535544 0.33791469194312795 0.04454976303317536 0.04454976303317536
6 0.11753554502369669 0.33080568720379144 0.04265402843601896 0.04549763033175355
6 0.08483412322274882 0.3246445497630332 0.046445497630331754 0.04739336492890995
8 0.8815165876777251 0.16066350710900473 0.06635071090047394 0.07014218009478673
8 0.9004739336492891 0.2184834123222749 0.06824644549763033 0.06445497630331753
8 0.9203791469194312 0.2796208530805687 0.07203791469194312 0.07014218009478673
9 0.9298578199052133 0.33222748815165876 0.05308056872037915 0.046445497630331754
9 0.9374407582938389 0.3767772511848341 0.055924170616113746 0.05118483412322275
8 0.6042654028436019 0.35118483412322277 0.06824644549763033 0.07393364928909953
8 0.6393364928909953 0.38909952606635073 0.06919431279620854 0.07962085308056872
8 0.690521327014218 0.42227488151658765 0.07582938388625593 0.07962085308056872
9 0.7355450236966825 0.45545023696682463 0.055924170616113746 0.05687203791469194
9 0.7530805687203791 0.47535545023696685 0.05023696682464455 0.027488151658767772
1 0.9388625592417061 0.4203791469194313 0.05402843601895735 0.05308056872037915
1 0.79478672985782 0.4829383886255924 0.05023696682464455 0.012322274881516588
6 0.833175355450237 0.4815165876777251 0.04170616113744076 0.015165876777251185
6 0.8639810426540284 0.4791469194312796 0.04265402843601896 0.01990521327014218
6 0.8938388625592417 0.46966824644549765 0.03981042654028436 0.037914691943127965
6 0.9165876777251185 0.44644549763033176 0.04739336492890995 0.037914691943127965
3 0.566824644549763 0.6559241706161137 0.04454976303317536 0.04170616113744076
8 0.547867298578199 0.7260663507109004 0.07298578199052133 0.06824644549763033
9 0.5327014218009478 0.7805687203791469 0.06540284360189573 0.054976303317535544
9 0.5270142180094787 0.8279620853080568 0.058767772511848344 0.05023696682464455
8 0.8563981042654029 0.8492890995260663 0.07677725118483412 0.07298578199052133
8 0.8037914691943128 0.8848341232227488 0.08720379146919431 0.08341232227488152
9 0.7516587677725118 0.9199052132701422 0.06540284360189573 0.07677725118483412
9 0.7066350710900474 0.9445497630331754 0.055924170616113746 0.07203791469194312
1 0.662085308056872 0.956872037914692 0.05308056872037915 0.06066350710900474
6 0.623696682464455 0.9511848341232227 0.04928909952606635 0.07014218009478673
6 0.5938388625592417 0.9421800947867298 0.05118483412322275 0.06540284360189573
6 0.5644549763033175 0.9312796208530806 0.04928909952606635 0.05687203791469194
6 0.5412322274881517 0.909952606635071 0.04454976303317536 0.052132701421800945
1 0.5374407582938389 0.866824644549763 0.054976303317535544 0.058767772511848344