8 0.06540284360189573 0.3345971563981043 0.06919431279620854 0.061611374407582936
9 0.027488151658767772 0.25687203791469193 0.054976303317535544 0.05308056872037915
9 0.04691943127962085 0.295260663507109 0.061611374407582936 0.052132701421800945
8 0.6938388625592417 0.12464454976303317 0.09194312796208531 0.0938388625592417
2 0.6056872037914692 0.11374407582938388 0.08056872037914692 0.08530805687203792
9 0.533649289099526 0.1023696682464455 0.06350710900473934 0.07298578199052133
9 0.4767772511848341 0.0962085308056872 0.061611374407582936 0.07203791469194312
1 0.42227488151658765 0.09146919431279621 0.058767772511848344 0.06635071090047394
6 0.3881516587677725 0.10900473933649289 0.05781990521327014 0.05687203791469194
6 0.37819905213270144 0.14407582938388624 0.037914691943127965 0.05308056872037915
8 0.34976303317535545 0.8454976303317535 0.018957345971563982 0.07393364928909953
8 0.07677725118483412 0.8066350710900474 0.07014218009478673 0.07488151658767772
8 0.0981042654028436 0.8701421800947867 0.07109004739336493 0.07677725118483412
9 0.12464454976303317 0.9146919431279621 0.05781990521327014 0.052132701421800945
9 0.14644549763033177 0.9511848341232227 0.04928909952606635 0.04834123222748815
9 0.34786729857819904 0.895260663507109 0.022748815165876776 0.04834123222748815
9 0.33981042654028437 0.9322274881516588 0.03886255924170616 0.04834123222748815
1 0.3232227488151659 0.9696682464454977 0.04549763033175355 0.04739336492890995
1 0.1734597156398104 0.9791469194312796 0.043601895734597156 0.04170616113744076
6 0.3042654028436019 0.9829383886255925 0.04739336492890995 0.034123222748815164
6 0.27014218009478674 0.9890995260663508 0.04170616113744076 0.021800947867298578
6 0.23744075829383887 0.9900473933649289 0.03696682464454976 0.01990521327014218
6 0.2004739336492891 0.9881516587677726 0.04075829383886256 0.023696682464454975
8 0.5962085308056873 0.9578199052132701 0.0995260663507109 0.07203791469194312
8 0.590521327014218 0.8928909952606635 0.0985781990521327 0.07393364928909953
9 0.590047393364929 0.8388625592417062 0.07677725118483412 0.054976303317535544
9 0.604739336492891 0.7971563981042654 0.07962085308056872 0.05402843601895735
8 0.9478672985781991 0.8123222748815165 0.07867298578199051 0.08625592417061612
8 0.9052132701421801 0.7601895734597156 0.07677725118483412 0.09194312796208531
2 0.8601895734597157 0.7388625592417062 0.04454976303317536 0.06255924170616113
3 0.8369668246445497 0.7180094786729858 0.031279620853080566 0.031279620853080566
2 0.7976303317535545 0.704739336492891 0.03696682464454976 0.06540284360189573