8 0.27535545023696684 0.42274881516587676 0.06255924170616113 0.07393364928909953
8 0.26587677725118486 0.35639810426540286 0.06824644549763033 0.07962085308056872
9 0.504739336492891 0.21943127962085307 0.029383886255924172 0.05971563981042654
9 0.4881516587677725 0.1928909952606635 0.05402843601895735 0.06066350710900474
9 0.26492890995260665 0.3018957345971564 0.06350710900473934 0.05687203791469194
9 0.2777251184834123 0.26066350710900477 0.061611374407582936 0.061611374407582936
6 0.4099526066350711 0.15876777251184834 0.043601895734597156 0.06066350710900474
1 0.2933649289099526 0.21990521327014217 0.05971563981042654 0.06445497630331753
6 0.37298578199052135 0.16113744075829384 0.04265402843601896 0.06445497630331753
6 0.34312796208530805 0.17156398104265402 0.04739336492890995 0.06540284360189573
6 0.3165876777251185 0.1909952606635071 0.05308056872037915 0.06824644549763033
1 0.45118483412322274 0.17251184834123223 0.05402843601895735 0.06635071090047394
9 0.6720379146919432 0.3909952606635071 0.07298578199052133 0.06729857819905213
9 0.966350710900474 0.34834123222748814 0.06729857819905213 0.06919431279620854
9 0.6872037914691943 0.3469194312796208 0.06919431279620854 0.06635071090047394
9 0.9421800947867298 0.30995260663507107 0.07014218009478673 0.06350710900473934
1 0.9151658767772511 0.2725118483412322 0.06255924170616113 0.06445497630331753
1 0.6985781990521327 0.3033175355450237 0.06350710900473934 0.06540284360189573
6 0.7303317535545024 0.2682464454976303 0.05118483412322275 0.058767772511848344
6 0.771090047393365 0.25213270142180094 0.06255924170616113 0.06729857819905213
6 0.8246445497630331 0.24834123222748816 0.06350710900473934 0.06919431279620854
6 0.8729857819905213 0.25308056872037915 0.05402843601895735 0.05687203791469194
9 0.4483412322274882 0.7919431279620853 0.06255924170616113 0.055924170616113746
9 0.44170616113744077 0.8393364928909952 0.05971563981042654 0.05687203791469194
1 0.42890995260663506 0.885308056872038 0.058767772511848344 0.054976303317535544
6 0.404739336492891 0.9170616113744076 0.05023696682464455 0.055924170616113746
6 0.38341232227488153 0.9402843601895735 0.04739336492890995 0.05687203791469194
6 0.34834123222748814 0.9374407582938389 0.04928909952606635 0.054976303317535544
6 0.3085308056872038 0.9379146919431279 0.05308056872037915 0.05402843601895735
1 0.27677725118483415 0.9213270142180094 0.05023696682464455 0.055924170616113746
9 0.23838862559241705 0.8933649289099526 0.055924170616113746 0.061611374407582936
9 0.2080568720379147 0.8559241706161137 0.05781990521327014 0.061611374407582936
3 0.9829383886255925 0.8862559241706162 0.034123222748815164 0.037914691943127965
3 0.9132701421800948 0.8630331753554502 0.03696682464454976 0.03696682464454976
9 0.866824644549763 0.843127962085308 0.04928909952606635 0.06445497630331753
9 0.8199052132701422 0.8393364928909952 0.05687203791469194 0.06066350710900474
1 0.7748815165876777 0.8407582938388626 0.05308056872037915 0.058767772511848344
6 0.7308056872037915 0.8516587677725118 0.05687203791469194 0.06066350710900474
6 0.6938388625592417 0.8772511848341232 0.06824644549763033 0.06729857819905213