8 0.44691943127962086 0.3118483412322275 0.06540284360189573 0.10426540284360189
8 0.41753554502369666 0.36729857819905215 0.1014218009478673 0.1033175355450237
9 0.3635071090047393 0.395260663507109 0.06540284360189573 0.07772511848341232
9 0.32085308056872036 0.4085308056872038 0.06255924170616113 0.06919431279620854
1 0.2824644549763033 0.42890995260663506 0.061611374407582936 0.06255924170616113
6 0.24075829383886255 0.4255924170616114 0.058767772511848344 0.05118483412322275
6 0.2127962085308057 0.4075829383886256 0.06066350710900474 0.04454976303317536
6 0.1938388625592417 0.3881516587677725 0.06540284360189573 0.04739336492890995
8 0.557345971563981 0.2966824644549763 0.07488151658767772 0.07677725118483412
8 0.5862559241706161 0.34739336492890993 0.07962085308056872 0.0881516587677725
8 0.8592417061611375 0.22085308056872038 0.07393364928909953 0.07582938388625593
8 0.8530805687203792 0.28199052132701424 0.08151658767772511 0.08436018957345971
9 0.85260663507109 0.33080568720379144 0.061611374407582936 0.06066350710900474
9 0.8345971563981043 0.37156398104265403 0.06066350710900474 0.05971563981042654
9 0.6327014218009479 0.4151658767772512 0.05971563981042654 0.055924170616113746
1 0.8180094786729858 0.41184834123222747 0.06255924170616113 0.06540284360189573
1 0.6644549763033175 0.44075829383886256 0.06729857819905213 0.06635071090047394
6 0.7900473933649289 0.43507109004739336 0.05118483412322275 0.05781990521327014
6 0.7630331753554502 0.45545023696682463 0.04834123222748815 0.05781990521327014
6 0.7327014218009479 0.4488151658767773 0.04928909952606635 0.052132701421800945
6 0.7 0.45592417061611373 0.05687203791469194 0.061611374407582936
9 0.471563981042654 0.7758293838862559 0.016113744075829384 0.06350710900473934
9 0.4725118483412322 0.8241706161137441 0.014218009478672985 0.06350710900473934
1 0.46966824644549765 0.8706161137440759 0.01990521327014218 0.061611374407582936
6 0.46208530805687204 0.9052132701421801 0.035071090047393366 0.06066350710900474
6 0.45402843601895737 0.9312796208530806 0.05118483412322275 0.061611374407582936
6 0.4194312796208531 0.9341232227488152 0.054976303317535544 0.05971563981042654
6 0.3805687203791469 0.9398104265402843 0.05971563981042654 0.05971563981042654
1 0.3464454976303318 0.9279620853080569 0.055924170616113746 0.06066350710900474
9 0.3042654028436019 0.9056872037914692 0.06255924170616113 0.06824644549763033
9 0.26966824644549764 0.8725118483412322 0.06445497630331753 0.06729857819905213
8 0.809478672985782 0.8004739336492891 0.08341232227488152 0.08436018957345971
8 0.8151658767772512 0.7360189573459716 0.09004739336492891 0.0976303317535545
9 0.8270142180094787 0.6777251184834123 0.06919431279620854 0.06824644549763033
9 0.8303317535545024 0.6341232227488152 0.06635071090047394 0.06824644549763033
1 0.861611374407583 0.6104265402843602 0.06350710900473934 0.07867298578199051
3 0.9298578199052133 0.5971563981042654 0.03696682464454976 0.035071090047393366
3 0.9862559241706161 0.5909952606635072 0.027488151658767772 0.03317535545023697