8 0.38909952606635073 0.1900473933649289 0.08056872037914692 0.09004739336492891
9 0.33744075829383885 0.16161137440758294 0.05781990521327014 0.07582938388625593
9 0.2943127962085308 0.14312796208530806 0.05971563981042654 0.07393364928909953
1 0.24549763033175356 0.13222748815165877 0.06066350710900474 0.06824644549763033
6 0.1962085308056872 0.12985781990521328 0.06350710900473934 0.06350710900473934
6 0.14597156398104266 0.13981042654028436 0.07677725118483412 0.08341232227488152
9 0.4431279620853081 0.290521327014218 0.027488151658767772 0.06729857819905213
9 0.45308056872037916 0.24834123222748816 0.04739336492890995 0.07014218009478673
1 0.46445497630331756 0.2052132701421801 0.06729857819905213 0.06635071090047394
2 0.5037914691943128 0.16966824644549763 0.04928909952606635 0.05118483412322275
2 0.5639810426540285 0.15924170616113745 0.05781990521327014 0.055924170616113746
2 0.6691943127962086 0.1981042654028436 0.054976303317535544 0.05118483412322275
1 0.685781990521327 0.24218009478672986 0.07014218009478673 0.06445497630331753
9 0.690521327014218 0.2900473933649289 0.07772511848341232 0.06255924170616113
9 0.6928909952606636 0.3289099526066351 0.07488151658767772 0.05402843601895735
8 0.6881516587677725 0.37867298578199055 0.08436018957345971 0.07772511848341232
6 0.8208530805687204 0.6199052132701421 0.043601895734597156 0.02085308056872038
6 0.7886255924170616 0.6208530805687204 0.04549763033175355 0.022748815165876776
6 0.752132701421801 0.6218009478672986 0.04075829383886256 0.024644549763033177
6 0.7218009478672985 0.6165876777251185 0.04265402843601896 0.014218009478672985