8 0.2876777251184834 0.2729857819905213 0.08056872037914692 0.07677725118483412
2 0.35118483412322277 0.24644549763033174 0.05781990521327014 0.06445497630331753
9 0.4080568720379147 0.24739336492890995 0.05402843601895735 0.05687203791469194
9 0.45023696682464454 0.25260663507109005 0.043601895734597156 0.05118483412322275
1 0.4900473933649289 0.25687203791469193 0.04739336492890995 0.04454976303317536
6 0.509478672985782 0.2829383886255924 0.04075829383886256 0.04075829383886256
6 0.5222748815165876 0.3004739336492891 0.015165876777251185 0.03222748815165877
8 0.7303317535545024 0.27488151658767773 0.07488151658767772 0.07014218009478673
8 0.728436018957346 0.2066350710900474 0.07393364928909953 0.07203791469194312
9 0.7170616113744076 0.15213270142180094 0.055924170616113746 0.04928909952606635
9 0.7009478672985782 0.11090047393364928 0.06255924170616113 0.05023696682464455
1 0.6853080568720379 0.07251184834123223 0.06066350710900474 0.05308056872037915
1 0.5374407582938389 0.04928909952606635 0.015165876777251185 0.054976303317535544
6 0.6530805687203791 0.04976303317535545 0.04075829383886256 0.05308056872037915
6 0.6208530805687204 0.036492890995260666 0.035071090047393366 0.03981042654028436
6 0.5895734597156398 0.032701421800947865 0.034123222748815164 0.04075829383886256
6 0.5563981042654028 0.037914691943127965 0.03696682464454976 0.046445497630331754
9 0.11184834123222749 0.5748815165876777 0.04739336492890995 0.031279620853080566
1 0.07630331753554502 0.5928909952606635 0.04834123222748815 0.05118483412322275
6 0.03838862559241706 0.6028436018957346 0.034123222748815164 0.05023696682464455
6 0.010900473933649289 0.604739336492891 0.021800947867298578 0.04549763033175355
9 0.5767772511848341 0.9843601895734597 0.052132701421800945 0.031279620853080566
9 0.6175355450236967 0.9781990521327014 0.05402843601895735 0.043601895734597156
1 0.6649289099526067 0.9739336492890995 0.05402843601895735 0.052132701421800945
6 0.714218009478673 0.9796208530805687 0.05402843601895735 0.04075829383886256
6 0.7502369668246446 0.9895734597156398 0.05971563981042654 0.02085308056872038