8 0.15971563981042655 0.34170616113744073 0.0909952606635071 0.09194312796208531
8 0.4729857819905213 0.4654028436018957 0.0966824644549763 0.06824644549763033
9 0.22180094786729856 0.28104265402843603 0.07488151658767772 0.07772511848341232
1 0.27061611374407585 0.24597156398104264 0.06824644549763033 0.07298578199052133
3 0.2028436018957346 0.3161137440758294 0.037914691943127965 0.03886255924170616
0 0.3118483412322275 0.25355450236966826 0.046445497630331754 0.05971563981042654
0 0.3976303317535545 0.27677725118483415 0.05971563981042654 0.07014218009478673
6 0.442654028436019 0.2914691943127962 0.06255924170616113 0.06729857819905213
1 0.46255924170616114 0.3341232227488152 0.07014218009478673 0.07867298578199051
3 0.9834123222748815 0.19146919431279621 0.03317535545023697 0.04549763033175355
8 0.6682464454976303 0.35687203791469196 0.0938388625592417 0.09194312796208531
8 0.685781990521327 0.28199052132701424 0.1033175355450237 0.0976303317535545
9 0.7028436018957346 0.2161137440758294 0.08056872037914692 0.07677725118483412
9 0.7436018957345971 0.17488151658767773 0.08909952606635071 0.07677725118483412
1 0.9545023696682464 0.14123222748815165 0.07203791469194312 0.08056872037914692
1 0.781042654028436 0.14123222748815165 0.07488151658767772 0.07677725118483412
6 0.9142180094786729 0.12085308056872038 0.058767772511848344 0.06729857819905213
6 0.8786729857819905 0.10710900473933649 0.05971563981042654 0.06540284360189573
6 0.8421800947867298 0.1014218009478673 0.05402843601895735 0.05402843601895735
6 0.8080568720379147 0.10710900473933649 0.04834123222748815 0.05023696682464455
3 0.26492890995260665 0.6009478672985782 0.054976303317535544 0.05687203791469194
3 0.3071090047393365 0.547867298578199 0.05118483412322275 0.04739336492890995
3 0.3412322274881517 0.5218009478672986 0.04739336492890995 0.04454976303317536
9 0.5796208530805688 0.5739336492890995 0.04075829383886256 0.07298578199052133
1 0.5791469194312796 0.533175355450237 0.04170616113744076 0.06729857819905213
6 0.5554502369668246 0.5194312796208531 0.06445497630331753 0.03981042654028436