8 0.3298578199052133 0.07535545023696683 0.08909952606635071 0.09004739336492891
9 0.36161137440758295 0.016113744075829384 0.07298578199052133 0.03222748815165877
3 0.35924170616113743 0.03459715639810427 0.03696682464454976 0.037914691943127965
9 0.942654028436019 0.010900473933649289 0.08625592417061612 0.021800947867298578
8 0.5971563981042654 0.025592417061611375 0.11563981042654028 0.05118483412322275
9 0.6962085308056872 0.06635071090047394 0.06919431279620854 0.07203791469194312
1 0.7573459715639811 0.08009478672985781 0.07203791469194312 0.07677725118483412
1 0.957345971563981 0.04312796208530806 0.08341232227488152 0.08625592417061612
6 0.943127962085308 0.08625592417061612 0.06824644549763033 0.0938388625592417
6 0.9023696682464455 0.11469194312796209 0.06066350710900474 0.07488151658767772
6 0.8549763033175355 0.11611374407582939 0.05687203791469194 0.06635071090047394
6 0.8118483412322275 0.0938388625592417 0.07772511848341232 0.0985781990521327
8 0.28720379146919434 0.5981042654028436 0.09004739336492891 0.0909952606635071
3 0.34360189573459715 0.5829383886255924 0.03886255924170616 0.043601895734597156
9 0.3881516587677725 0.5620853080568721 0.07772511848341232 0.07393364928909953
1 0.44597156398104265 0.5469194312796208 0.06729857819905213 0.06919431279620854
6 0.4909952606635071 0.5545023696682464 0.06445497630331753 0.061611374407582936
6 0.5127962085308057 0.5867298578199052 0.05308056872037915 0.07962085308056872
8 0.22037914691943128 0.6218009478672986 0.07582938388625593 0.07298578199052133
8 0.7767772511848341 0.7625592417061612 0.08530805687203792 0.0881516587677725
9 0.7725118483412322 0.8132701421800947 0.06919431279620854 0.06635071090047394
9 0.5483412322274882 0.8440758293838863 0.01800947867298578 0.06540284360189573
9 0.7530805687203791 0.8478672985781991 0.06824644549763033 0.06824644549763033
1 0.7293838862559242 0.885308056872038 0.05781990521327014 0.06445497630331753
1 0.5559241706161138 0.8819905213270142 0.03317535545023697 0.06540284360189573
6 0.5672985781990522 0.9109004739336493 0.055924170616113746 0.06255924170616113
6 0.604739336492891 0.9227488151658768 0.06445497630331753 0.07393364928909953
6 0.6549763033175355 0.9241706161137441 0.06350710900473934 0.07109004739336493
6 0.6995260663507109 0.9118483412322275 0.05118483412322275 0.061611374407582936