9 0.16540284360189572 0.3872037914691943 0.027488151658767772 0.052132701421800945
9 0.14218009478672985 0.36729857819905215 0.054976303317535544 0.05118483412322275
1 0.12701421800947868 0.33175355450236965 0.055924170616113746 0.04549763033175355
1 0.16919431279620853 0.1995260663507109 0.01990521327014218 0.04834123222748815
6 0.12559241706161137 0.2957345971563981 0.05687203791469194 0.04170616113744076
6 0.12748815165876778 0.26872037914691943 0.05402843601895735 0.03601895734597156
6 0.14691943127962084 0.24075829383886255 0.05118483412322275 0.03696682464454976
6 0.15687203791469195 0.22037914691943128 0.04454976303317536 0.04075829383886256
3 0.3824644549763033 0.46824644549763034 0.04075829383886256 0.04075829383886256
8 0.42985781990521327 0.4137440758293839 0.08720379146919431 0.0909952606635071
3 0.4706161137440758 0.3744075829383886 0.035071090047393366 0.03601895734597156
8 0.6924170616113744 0.5630331753554503 0.06635071090047394 0.07203791469194312
8 0.7009478672985782 0.5037914691943128 0.06919431279620854 0.07393364928909953
9 0.6995260663507109 0.44691943127962086 0.05687203791469194 0.055924170616113746
9 0.6957345971563981 0.4009478672985782 0.06540284360189573 0.05118483412322275
1 0.6838862559241706 0.35118483412322277 0.07203791469194312 0.06255924170616113
9 0.4938388625592417 0.33364928909952607 0.05687203791469194 0.06540284360189573
1 0.5279620853080569 0.3033175355450237 0.05118483412322275 0.06445497630331753
6 0.5720379146919431 0.2966824644549763 0.046445497630331754 0.06066350710900474
6 0.6037914691943128 0.2862559241706161 0.043601895734597156 0.06066350710900474
6 0.6364928909952606 0.290521327014218 0.052132701421800945 0.06255924170616113
6 0.6587677725118484 0.3194312796208531 0.06066350710900474 0.05971563981042654
8 0.5151658767772512 0.819431279620853 0.06729857819905213 0.07393364928909953
3 0.5625592417061611 0.8052132701421801 0.04075829383886256 0.043601895734597156
9 0.6028436018957346 0.7976303317535545 0.04739336492890995 0.05781990521327014
9 0.6426540284360189 0.7886255924170616 0.05023696682464455 0.061611374407582936
1 0.6881516587677725 0.7838862559241706 0.055924170616113746 0.055924170616113746
6 0.7317535545023697 0.7914691943127962 0.05781990521327014 0.05118483412322275
6 0.7696682464454976 0.809478672985782 0.06255924170616113 0.055924170616113746