8 0.4597156398104265 0.2080568720379147 0.08151658767772511 0.08530805687203792
9 0.3966824644549763 0.1895734597156398 0.05402843601895735 0.06729857819905213
9 0.34976303317535545 0.18246445497630331 0.05687203791469194 0.07393364928909953
1 0.2981042654028436 0.17867298578199053 0.054976303317535544 0.05971563981042654
1 0.1881516587677725 0.33981042654028437 0.06350710900473934 0.01990521327014218
6 0.25213270142180094 0.1924170616113744 0.05687203791469194 0.058767772511848344
6 0.18388625592417063 0.25260663507109005 0.07203791469194312 0.06540284360189573
6 0.21137440758293838 0.2109004739336493 0.07109004739336493 0.06824644549763033
6 0.18104265402843603 0.3052132701421801 0.05402843601895735 0.05023696682464455
6 0.6663507109004739 0.1853080568720379 0.013270142180094787 0.03886255924170616
6 0.6781990521327014 0.1848341232227488 0.03696682464454976 0.043601895734597156
1 0.7175355450236967 0.17440758293838862 0.05023696682464455 0.05118483412322275
9 0.7549763033175355 0.15734597156398103 0.05308056872037915 0.04928909952606635
0 0.7928909952606635 0.12274881516587678 0.04265402843601896 0.03886255924170616
0 0.8383886255924171 0.07962085308056872 0.04265402843601896 0.04075829383886256
0 0.866824644549763 0.05023696682464455 0.03886255924170616 0.03886255924170616
8 0.2127962085308057 0.6540284360189573 0.07298578199052133 0.08056872037914692
8 0.26398104265402844 0.6739336492890995 0.05971563981042654 0.08530805687203792
8 0.3170616113744076 0.6881516587677725 0.05971563981042654 0.06919431279620854
9 0.4004739336492891 0.6867298578199053 0.05023696682464455 0.06824644549763033
1 0.44407582938388623 0.6867298578199053 0.05118483412322275 0.058767772511848344
6 0.4815165876777251 0.6720379146919432 0.05687203791469194 0.05971563981042654
6 0.5137440758293839 0.6454976303317536 0.06540284360189573 0.05971563981042654
9 0.36066350710900474 0.690521327014218 0.03981042654028436 0.061611374407582936
8 0.714218009478673 0.8184834123222748 0.07962085308056872 0.07962085308056872
8 0.9867298578199052 0.8213270142180095 0.026540284360189573 0.07488151658767772
9 0.7227488151658767 0.7635071090047393 0.07109004739336493 0.054976303317535544
9 0.9867298578199052 0.7677725118483413 0.026540284360189573 0.05308056872037915
2 0.976303317535545 0.728436018957346 0.04739336492890995 0.046445497630331754
1 0.9687203791469194 0.6819905213270142 0.05687203791469194 0.05687203791469194
6 0.9436018957345972 0.6507109004739337 0.055924170616113746 0.061611374407582936
6 0.8966824644549763 0.647867298578199 0.05687203791469194 0.054976303317535544
6 0.8450236966824645 0.6502369668246446 0.05971563981042654 0.05402843601895735
6 0.7990521327014218 0.6582938388625592 0.055924170616113746 0.05781990521327014
1 0.7649289099526067 0.680568720379147 0.05781990521327014 0.058767772511848344
9 0.7464454976303317 0.7255924170616114 0.06540284360189573 0.05781990521327014