8 0.009478672985781991 0.5 0.018957345971563982 0.07867298578199051
9 0.023696682464454975 0.518957345971564 0.04739336492890995 0.04075829383886256
8 0.25450236966824646 0.4014218009478673 0.06919431279620854 0.058767772511848344
9 0.25355450236966826 0.44597156398104265 0.058767772511848344 0.05402843601895735
9 0.24312796208530807 0.4872037914691943 0.05781990521327014 0.05687203791469194
3 0.21184834123222748 0.5151658767772512 0.03981042654028436 0.03601895734597156
8 0.25734597156398104 0.35592417061611376 0.07109004739336493 0.05781990521327014
2 0.9819905213270143 0.45781990521327015 0.03601895734597156 0.07962085308056872
9 0.9511848341232227 0.46966824644549765 0.05781990521327014 0.06824644549763033
9 0.9075829383886256 0.471563981042654 0.06066350710900474 0.06824644549763033
1 0.8573459715639811 0.47345971563981043 0.061611374407582936 0.061611374407582936
6 0.8156398104265403 0.45260663507109006 0.05687203791469194 0.06066350710900474
6 0.7781990521327015 0.42843601895734595 0.07962085308056872 0.08056872037914692
0 0.15260663507109004 0.7829383886255924 0.052132701421800945 0.05118483412322275
0 0.1791469194312796 0.6947867298578199 0.05118483412322275 0.05023696682464455
9 0.18909952606635072 0.633175355450237 0.08530805687203792 0.07109004739336493
9 0.1819905213270142 0.5796208530805688 0.08151658767772511 0.07298578199052133
1 0.17535545023696683 0.5540284360189573 0.07393364928909953 0.029383886255924172
9 0.5535545023696683 0.9753554502369668 0.06824644549763033 0.04928909952606635
1 0.5601895734597157 0.9312796208530806 0.06824644549763033 0.07298578199052133
3 0.6009478672985782 0.9014218009478673 0.04170616113744076 0.043601895734597156
6 0.6450236966824645 0.8578199052132701 0.06919431279620854 0.07298578199052133
6 0.7028436018957346 0.8573459715639811 0.06540284360189573 0.06635071090047394
6 0.752132701421801 0.8796208530805687 0.052132701421800945 0.06066350710900474
1 0.7895734597156399 0.9132701421800948 0.07393364928909953 0.07677725118483412
9 0.8127962085308057 0.9781990521327014 0.06540284360189573 0.043601895734597156