8 0.4137440758293839 0.14312796208530806 0.07393364928909953 0.08151658767772511
4 0.45687203791469194 0.14976303317535544 0.034123222748815164 0.034123222748815164
9 0.5028436018957346 0.12511848341232226 0.05781990521327014 0.07014218009478673
6 0.590047393364929 0.12085308056872038 0.052132701421800945 0.06066350710900474
6 0.628436018957346 0.14360189573459717 0.06729857819905213 0.06919431279620854
1 0.5469194312796208 0.11611374407582939 0.054976303317535544 0.06350710900473934
6 0.9815165876777251 0.4018957345971564 0.03696682464454976 0.054976303317535544
6 0.9502369668246445 0.41232227488151657 0.05781990521327014 0.034123222748815164
8 0.25924170616113745 0.8725118483412322 0.05781990521327014 0.05781990521327014
8 0.3109004739336493 0.9080568720379147 0.09004739336492891 0.08341232227488152
9 0.36729857819905215 0.9383886255924171 0.052132701421800945 0.052132701421800945
9 0.404739336492891 0.9639810426540284 0.054976303317535544 0.055924170616113746
8 0.5848341232227489 0.7004739336492891 0.06445497630331753 0.07109004739336493
8 0.5966824644549763 0.7582938388625592 0.07582938388625593 0.07393364928909953
9 0.6004739336492891 0.8137440758293839 0.06919431279620854 0.055924170616113746
9 0.5995260663507109 0.8559241706161137 0.05687203791469194 0.04739336492890995
1 0.45165876777251185 0.9753554502369668 0.04834123222748815 0.04928909952606635
6 0.4928909952606635 0.9838862559241706 0.04170616113744076 0.03222748815165877
6 0.5293838862559241 0.9786729857819905 0.04075829383886256 0.04265402843601896
6 0.5535545023696683 0.9649289099526066 0.04265402843601896 0.046445497630331754
6 0.5758293838862559 0.9398104265402843 0.05971563981042654 0.05402843601895735
1 0.5947867298578199 0.9052132701421801 0.06066350710900474 0.05687203791469194
8 0.8459715639810427 0.7516587677725118 0.08151658767772511 0.0881516587677725
8 0.7696682464454976 0.7587677725118483 0.08720379146919431 0.09573459715639811