8 0.271563981042654 0.35355450236966823 0.08151658767772511 0.09004739336492891
8 0.209478672985782 0.32606635071090045 0.08436018957345971 0.09289099526066351
9 0.15639810426540285 0.304739336492891 0.061611374407582936 0.07867298578199051
9 0.10995260663507109 0.2909952606635071 0.061611374407582936 0.07677725118483412
1 0.06066350710900474 0.2800947867298578 0.06350710900473934 0.06635071090047394
6 0.022748815165876776 0.2786729857819905 0.04549763033175355 0.06445497630331753
8 0.5469194312796208 0.3635071090047393 0.034123222748815164 0.07298578199052133
8 0.5886255924170616 0.33838862559241706 0.08151658767772511 0.08246445497630332
9 0.6431279620853081 0.3222748815165877 0.06066350710900474 0.06635071090047394
9 0.6872037914691943 0.31469194312796206 0.05402843601895735 0.06445497630331753
1 0.7360189573459716 0.3056872037914692 0.06066350710900474 0.06066350710900474
6 0.7800947867298578 0.3241706161137441 0.05971563981042654 0.06635071090047394
6 0.8151658767772512 0.3407582938388626 0.055924170616113746 0.05781990521327014
6 0.8450236966824645 0.37298578199052135 0.061611374407582936 0.05971563981042654
6 0.8587677725118483 0.4137440758293839 0.05308056872037915 0.04549763033175355
1 0.8587677725118483 0.43886255924170614 0.06635071090047394 0.02085308056872038
3 0.13175355450236967 0.9767772511848342 0.054976303317535544 0.046445497630331754
8 0.13033175355450238 0.8981042654028436 0.08720379146919431 0.08720379146919431
9 0.14549763033175356 0.8469194312796209 0.06635071090047394 0.06066350710900474
9 0.13222748815165877 0.8090047393364929 0.06540284360189573 0.05971563981042654
1 0.12796208530805686 0.7682464454976303 0.06066350710900474 0.06255924170616113
6 0.11469194312796209 0.7417061611374408 0.06350710900473934 0.07488151658767772
6 0.09146919431279621 0.7156398104265402 0.06824644549763033 0.08909952606635071
6 0.045023696682464455 0.7009478672985782 0.06635071090047394 0.08909952606635071
6 0.014691943127962086 0.7075829383886256 0.029383886255924172 0.08436018957345971
8 0.7559241706161137 0.7303317535545024 0.08341232227488152 0.08530805687203792
8 0.6914691943127962 0.7037914691943128 0.09004739336492891 0.09004739336492891
1 0.5829383886255924 0.6616113744075829 0.06824644549763033 0.07488151658767772
6 0.54739336492891 0.6630331753554503 0.035071090047393366 0.06729857819905213
3 0.633175355450237 0.6924170616113744 0.03981042654028436 0.03981042654028436