8 0.43601895734597157 0.1819905213270142 0.06635071090047394 0.0985781990521327
9 0.3928909952606635 0.17488151658767773 0.05687203791469194 0.07393364928909953
3 0.35687203791469196 0.1895734597156398 0.037914691943127965 0.03696682464454976
1 0.3071090047393365 0.18909952606635072 0.05687203791469194 0.05971563981042654
6 0.2682464454976303 0.2052132701421801 0.05687203791469194 0.05781990521327014
6 0.23554502369668245 0.22748815165876776 0.06540284360189573 0.06729857819905213
8 0.7279620853080568 0.46729857819905213 0.07582938388625593 0.08530805687203792
8 0.7791469194312797 0.43601895734597157 0.08436018957345971 0.0938388625592417
9 0.8251184834123223 0.4099526066350711 0.061611374407582936 0.07488151658767772
9 0.8682464454976303 0.3966824644549763 0.06445497630331753 0.07867298578199051
1 0.9137440758293839 0.381042654028436 0.061611374407582936 0.07109004739336493
6 0.9563981042654028 0.376303317535545 0.061611374407582936 0.06824644549763033
6 0.9824644549763033 0.3800947867298578 0.035071090047393366 0.08341232227488152
8 0.13838862559241707 0.7559241706161137 0.07393364928909953 0.07677725118483412
8 0.07251184834123223 0.7559241706161137 0.07772511848341232 0.07867298578199051
9 0.023696682464454975 0.7601895734597156 0.04739336492890995 0.06635071090047394
6 0.48625592417061614 0.5682464454976304 0.034123222748815164 0.05781990521327014
1 0.5170616113744075 0.566350710900474 0.052132701421800945 0.05402843601895735
9 0.5549763033175356 0.5791469194312796 0.06066350710900474 0.06635071090047394
9 0.5928909952606635 0.5914691943127962 0.06729857819905213 0.07109004739336493
2 0.6312796208530805 0.6180094786729858 0.06919431279620854 0.07109004739336493
2 0.6791469194312796 0.647867298578199 0.07298578199052133 0.07677725118483412
8 0.7180094786729858 0.685781990521327 0.07393364928909953 0.08056872037914692