3 0.2943127962085308 0.3113744075829384 0.01042654028436019 0.035071090047393366
1 0.25781990521327014 0.3075829383886256 0.054976303317535544 0.05781990521327014
6 0.21800947867298578 0.32180094786729857 0.054976303317535544 0.055924170616113746
6 0.1843601895734597 0.34265402843601894 0.06350710900473934 0.06540284360189573
8 0.6881516587677725 0.024644549763033177 0.07203791469194312 0.04928909952606635
8 0.43033175355450237 0.0995260663507109 0.07298578199052133 0.07393364928909953
9 0.466824644549763 0.12985781990521328 0.052132701421800945 0.05118483412322275
9 0.4976303317535545 0.15260663507109004 0.04928909952606635 0.04834123222748815
9 0.6853080568720379 0.061611374407582936 0.05308056872037915 0.04739336492890995
9 0.680568720379147 0.0966824644549763 0.04834123222748815 0.046445497630331754
1 0.6639810426540285 0.12890995260663507 0.046445497630331754 0.052132701421800945
1 0.533175355450237 0.16398104265402844 0.04454976303317536 0.04928909952606635
6 0.5672985781990522 0.17203791469194313 0.03981042654028436 0.043601895734597156
6 0.5895734597156398 0.17725118483412322 0.03222748815165877 0.04834123222748815
6 0.614218009478673 0.16635071090047393 0.03601895734597156 0.04454976303317536
6 0.6407582938388625 0.15260663507109004 0.04265402843601896 0.05023696682464455
8 0.39478672985781993 0.058767772511848344 0.06635071090047394 0.06350710900473934
8 0.02085308056872038 0.8938388625592417 0.04170616113744076 0.08530805687203792
8 0.06635071090047394 0.9033175355450237 0.08436018957345971 0.08341232227488152
9 0.12369668246445498 0.904739336492891 0.055924170616113746 0.06445497630331753
9 0.16777251184834124 0.9127962085308057 0.05687203791469194 0.058767772511848344
1 0.21421800947867298 0.9052132701421801 0.055924170616113746 0.06729857819905213
6 0.24976303317535545 0.8914691943127963 0.05781990521327014 0.06350710900473934
6 0.27630331753554505 0.8791469194312796 0.04075829383886256 0.04170616113744076
8 0.35071090047393366 0.7483412322274882 0.1023696682464455 0.1052132701421801
8 0.37298578199052135 0.6914691943127962 0.08341232227488152 0.08341232227488152
9 0.395260663507109 0.6426540284360189 0.08151658767772511 0.07867298578199051
1 0.42748815165876775 0.6018957345971564 0.08056872037914692 0.08909952606635071
1 0.6611374407582938 0.6009478672985782 0.07677725118483412 0.0938388625592417
0 0.7255924170616114 0.7530805687203791 0.06635071090047394 0.07203791469194312
0 0.6838862559241706 0.6720379146919432 0.05118483412322275 0.05971563981042654
6 0.4658767772511848 0.576303317535545 0.06540284360189573 0.08246445497630332
6 0.5170616113744075 0.5597156398104265 0.07677725118483412 0.08720379146919431
6 0.5815165876777251 0.5597156398104265 0.08056872037914692 0.09004739336492891
6 0.6289099526066351 0.5720379146919431 0.07203791469194312 0.0881516587677725