4 0.22559241706161137 0.22701421800947869 0.04834123222748815 0.04834123222748815
8 0.1938388625592417 0.27535545023696684 0.09004739336492891 0.0881516587677725
9 0.15260663507109004 0.3023696682464455 0.06066350710900474 0.034123222748815164
0 0.6165876777251185 0.00995260663507109 0.04265402843601896 0.01990521327014218
0 0.6492890995260664 0.05260663507109005 0.03886255924170616 0.04075829383886256
8 0.2933649289099526 0.44123222748815166 0.08436018957345971 0.08720379146919431
8 0.27440758293838863 0.523696682464455 0.07867298578199051 0.08246445497630332
9 0.25971563981042656 0.5800947867298578 0.06255924170616113 0.06350710900473934
9 0.24549763033175356 0.6227488151658768 0.05308056872037915 0.05687203791469194
1 0.21184834123222748 0.6497630331753554 0.06066350710900474 0.07488151658767772
6 0.17819905213270143 0.6691943127962086 0.046445497630331754 0.054976303317535544
6 0.14644549763033177 0.6843601895734597 0.043601895734597156 0.05402843601895735
6 0.11232227488151658 0.6924170616113744 0.04170616113744076 0.046445497630331754
6 0.07725118483412323 0.6872037914691943 0.05023696682464455 0.06445497630331753
1 0.03838862559241706 0.6872037914691943 0.06540284360189573 0.07488151658767772
3 0.009478672985781991 0.6436018957345971 0.018957345971563982 0.054976303317535544
8 0.5042654028436019 0.4109004739336493 0.09004739336492891 0.0947867298578199
8 0.8279620853080568 0.3355450236966825 0.08436018957345971 0.03222748815165877
9 0.819431279620853 0.4080568720379147 0.06919431279620854 0.06919431279620854
9 0.8156398104265403 0.45592417061611373 0.05023696682464455 0.054976303317535544
9 0.5649289099526066 0.4881516587677725 0.06255924170616113 0.05971563981042654
9 0.5947867298578199 0.5289099526066351 0.05971563981042654 0.05781990521327014
1 0.7985781990521327 0.4976303317535545 0.052132701421800945 0.05971563981042654
1 0.6317535545023697 0.5587677725118484 0.05118483412322275 0.05971563981042654
6 0.7767772511848341 0.5364928909952607 0.05402843601895735 0.061611374407582936
6 0.7431279620853081 0.5540284360189573 0.05023696682464455 0.05971563981042654
6 0.7071090047393365 0.5649289099526066 0.05118483412322275 0.05971563981042654
6 0.671563981042654 0.566350710900474 0.054976303317535544 0.06445497630331753