6 0.3085308056872038 0.24170616113744076 0.04265402843601896 0.06824644549763033
6 0.28720379146919434 0.2611374407582938 0.06919431279620854 0.06919431279620854
6 0.2663507109004739 0.2985781990521327 0.06066350710900474 0.06445497630331753
8 0.771090047393365 0.16113744075829384 0.06919431279620854 0.07109004739336493
8 0.7748815165876777 0.21990521327014217 0.07203791469194312 0.06635071090047394
8 0.5165876777251185 0.3033175355450237 0.07298578199052133 0.07393364928909953
9 0.5530805687203791 0.33364928909952607 0.052132701421800945 0.05118483412322275
9 0.5838862559241706 0.35639810426540286 0.04928909952606635 0.04834123222748815
9 0.771563981042654 0.26540284360189575 0.05308056872037915 0.04739336492890995
9 0.7668246445497631 0.3004739336492891 0.04834123222748815 0.046445497630331754
1 0.7502369668246446 0.33270142180094786 0.046445497630331754 0.052132701421800945
1 0.6194312796208531 0.36777251184834125 0.04454976303317536 0.04928909952606635
6 0.6535545023696683 0.3758293838862559 0.03981042654028436 0.043601895734597156
6 0.6758293838862559 0.381042654028436 0.03222748815165877 0.04834123222748815
6 0.7004739336492891 0.3701421800947867 0.03601895734597156 0.04454976303317536
6 0.7270142180094786 0.35639810426540286 0.04265402843601896 0.05023696682464455
8 0.48104265402843605 0.26255924170616113 0.06635071090047394 0.06350710900473934
8 0.2876777251184834 0.9706161137440759 0.08436018957345971 0.058767772511848344