8 0.15308056872037915 0.45545023696682463 0.08151658767772511 0.07962085308056872
8 0.2184834123222749 0.43601895734597157 0.08246445497630332 0.07962085308056872
9 0.27109004739336495 0.4132701421800948 0.055924170616113746 0.06350710900473934
9 0.3137440758293839 0.4023696682464455 0.05308056872037915 0.058767772511848344
1 0.35402843601895734 0.3914691943127962 0.05308056872037915 0.06445497630331753
6 0.390521327014218 0.3900473933649289 0.046445497630331754 0.05687203791469194
6 0.4151658767772512 0.3976303317535545 0.04454976303317536 0.05402843601895735
8 0.6327014218009479 0.2213270142180095 0.08720379146919431 0.08625592417061612
8 0.5834123222748815 0.1872037914691943 0.09289099526066351 0.08720379146919431
9 0.5454976303317536 0.15071090047393365 0.06824644549763033 0.06540284360189573
9 0.5213270142180095 0.11184834123222749 0.06445497630331753 0.06255924170616113
1 0.5109004739336492 0.07251184834123223 0.043601895734597156 0.061611374407582936
6 0.5014218009478673 0.03696682464454976 0.024644549763033177 0.054976303317535544
8 0.25355450236966826 0.79478672985782 0.07962085308056872 0.08436018957345971
8 0.1895734597156398 0.8042654028436019 0.08720379146919431 0.08720379146919431
9 0.13838862559241707 0.8274881516587678 0.06635071090047394 0.07203791469194312
9 0.0924170616113744 0.8417061611374408 0.06635071090047394 0.06729857819905213
1 0.047867298578199054 0.8682464454976303 0.061611374407582936 0.061611374407582936
6 0.030805687203791468 0.9004739336492891 0.05308056872037915 0.052132701421800945
6 0.036492890995260666 0.9402843601895735 0.04928909952606635 0.04928909952606635
6 0.02037914691943128 0.9677725118483412 0.04075829383886256 0.04834123222748815
6 0.03696682464454976 0.9862559241706161 0.04739336492890995 0.027488151658767772
0 0.4995260663507109 0.5369668246445498 0.02085308056872038 0.035071090047393366
8 0.6777251184834123 0.7071090047393365 0.07109004739336493 0.06919431279620854
9 0.6312796208530805 0.7170616113744076 0.052132701421800945 0.05781990521327014
9 0.5881516587677725 0.7218009478672985 0.054976303317535544 0.055924170616113746
1 0.5459715639810426 0.7161137440758294 0.052132701421800945 0.05687203791469194
6 0.5146919431279621 0.7023696682464455 0.04834123222748815 0.05118483412322275
6 0.5037914691943128 0.681042654028436 0.029383886255924172 0.04834123222748815
6 0.4962085308056872 0.6483412322274882 0.014218009478672985 0.04549763033175355