8 0.33791469194312795 0.07772511848341232 0.07962085308056872 0.07867298578199051
8 0.614218009478673 0.14834123222748816 0.07298578199052133 0.07488151658767772
9 0.5857819905213271 0.18672985781990523 0.06445497630331753 0.06729857819905213
9 0.5578199052132702 0.2127962085308057 0.06255924170616113 0.07582938388625593
9 0.34312796208530805 0.12985781990521328 0.05781990521327014 0.05308056872037915
9 0.35165876777251187 0.16872037914691942 0.058767772511848344 0.06066350710900474
1 0.5260663507109005 0.23933649289099526 0.06066350710900474 0.08246445497630332
1 0.37345971563981045 0.20568720379146918 0.05971563981042654 0.06919431279620854
6 0.4890995260663507 0.25781990521327014 0.043601895734597156 0.061611374407582936
6 0.45308056872037916 0.25876777251184835 0.04170616113744076 0.05971563981042654
6 0.4203791469194313 0.24834123222748816 0.043601895734597156 0.06729857819905213
6 0.3924170616113744 0.23175355450236967 0.04549763033175355 0.06919431279620854
8 0.956872037914692 0.12938388625592417 0.061611374407582936 0.05781990521327014
8 0.9473933649289099 0.18009478672985782 0.06445497630331753 0.06066350710900474
9 0.9360189573459715 0.22274881516587677 0.06635071090047394 0.06350710900473934
9 0.9241706161137441 0.2682464454976303 0.06824644549763033 0.06729857819905213
1 0.9075829383886256 0.3132701421800948 0.06635071090047394 0.07488151658767772
0 0.7635071090047393 0.32132701421800947 0.008530805687203791 0.04549763033175355
0 0.8 0.33127962085308055 0.023696682464454975 0.03033175355450237
0 0.8639810426540284 0.32559241706161135 0.03601895734597156 0.046445497630331754