8 0.9540284360189574 0.06492890995260664 0.08909952606635071 0.09289099526066351
9 0.875829383886256 0.025118483412322274 0.07203791469194312 0.05023696682464455
1 0.8355450236966825 0.013744075829383886 0.05971563981042654 0.027488151658767772
6 0.7436018957345971 0.009478672985781991 0.07488151658767772 0.018957345971563982
6 0.7 0.017535545023696683 0.07867298578199051 0.035071090047393366
6 0.6720379146919432 0.03364928909952607 0.06255924170616113 0.05971563981042654
1 0.6597156398104266 0.07440758293838863 0.06919431279620854 0.061611374407582936
9 0.6563981042654028 0.11943127962085308 0.07488151658767772 0.06255924170616113
9 0.6507109004739337 0.16635071090047393 0.08341232227488152 0.06445497630331753
8 0.34170616113744073 0.728909952606635 0.08909952606635071 0.08246445497630332
8 0.4066350710900474 0.7227488151658767 0.07772511848341232 0.08246445497630332
8 0.4545023696682464 0.738388625592417 0.05023696682464455 0.0947867298578199
4 0.4957345971563981 0.6672985781990521 0.03222748815165877 0.04170616113744076
3 0.5739336492890995 0.7388625592417062 0.03033175355450237 0.031279620853080566
3 0.6118483412322275 0.6957345971563981 0.06350710900473934 0.06540284360189573
3 0.6417061611374407 0.6848341232227488 0.029383886255924172 0.02843601895734597
3 0.6393364928909953 0.7028436018957346 0.023696682464454975 0.021800947867298578