8 0.21421800947867298 0.3872037914691943 0.1004739336492891 0.09289099526066351
8 0.27582938388625594 0.4255924170616114 0.09004739336492891 0.08909952606635071
9 0.32796208530805687 0.44976303317535543 0.06066350710900474 0.06824644549763033
9 0.36492890995260663 0.47488151658767774 0.06066350710900474 0.06255924170616113
1 0.4109004739336493 0.4872037914691943 0.061611374407582936 0.07109004739336493
6 0.4488151658767773 0.4890995260663507 0.06255924170616113 0.06729857819905213
6 0.4781990521327014 0.4886255924170616 0.04454976303317536 0.04454976303317536
9 0.8099526066350711 0.3630331753554502 0.07962085308056872 0.07298578199052133
1 0.8611374407582938 0.35260663507109 0.06350710900473934 0.07393364928909953
6 0.9066350710900474 0.34739336492890993 0.06350710900473934 0.07393364928909953
6 0.9616113744075829 0.34218009478672984 0.07014218009478673 0.07772511848341232
6 0.9791469194312796 0.3867298578199052 0.04170616113744076 0.07582938388625593
8 0.1791469194312796 0.771090047393365 0.1014218009478673 0.0976303317535545
8 0.18104265402843603 0.8483412322274881 0.0995260663507109 0.10710900473933649
9 0.1819905213270142 0.9170616113744076 0.07582938388625593 0.06729857819905213
9 0.17488151658767773 0.9654028436018958 0.07298578199052133 0.06445497630331753
1 0.16161137440758294 0.9876777251184834 0.06729857819905213 0.024644549763033177
3 0.8578199052132701 0.6677725118483412 0.046445497630331754 0.04739336492890995
3 0.8663507109004739 0.6180094786729858 0.04549763033175355 0.03601895734597156