4 0.3184834123222749 0.271563981042654 0.03981042654028436 0.03981042654028436
8 0.35497630331753555 0.23175355450236967 0.06729857819905213 0.07109004739336493
9 0.3872037914691943 0.1990521327014218 0.05971563981042654 0.06066350710900474
9 0.4146919431279621 0.1734597156398104 0.054976303317535544 0.05781990521327014
1 0.44549763033175355 0.15118483412322276 0.05308056872037915 0.05308056872037915
6 0.4720379146919431 0.13791469194312797 0.034123222748815164 0.04075829383886256
8 0.4976303317535545 0.3862559241706161 0.017061611374407582 0.08436018957345971
8 0.5383886255924171 0.3758293838862559 0.08530805687203792 0.08909952606635071
3 0.5924170616113744 0.37203791469194314 0.035071090047393366 0.03981042654028436
9 0.6440758293838863 0.36208530805687206 0.06729857819905213 0.07582938388625593
1 0.6957345971563981 0.36208530805687206 0.06350710900473934 0.07203791469194312
6 0.7436018957345971 0.3739336492890995 0.05781990521327014 0.06350710900473934
6 0.7824644549763033 0.4014218009478673 0.07488151658767772 0.07772511848341232
6 0.8090047393364929 0.44218009478672987 0.07014218009478673 0.07867298578199051
3 0.44644549763033176 0.7563981042654029 0.03696682464454976 0.037914691943127965
3 0.3990521327014218 0.7298578199052133 0.037914691943127965 0.037914691943127965
4 0.34881516587677724 0.6985781990521327 0.03886255924170616 0.03886255924170616
8 0.6308056872037915 0.785781990521327 0.08625592417061612 0.08151658767772511
8 0.9142180094786729 0.728436018957346 0.07867298578199051 0.08436018957345971
9 0.885781990521327 0.6772511848341233 0.06824644549763033 0.06729857819905213
9 0.8563981042654029 0.6350710900473934 0.06919431279620854 0.06540284360189573
9 0.624170616113744 0.7369668246445498 0.07109004739336493 0.05402843601895735
9 0.6255924170616114 0.6900473933649289 0.07488151658767772 0.05118483412322275
1 0.6317535545023697 0.6450236966824645 0.06066350710900474 0.055924170616113746
1 0.8279620853080568 0.5943127962085308 0.061611374407582936 0.06255924170616113
6 0.7867298578199052 0.5772511848341232 0.05118483412322275 0.06255924170616113
6 0.7369668246445498 0.5739336492890995 0.06350710900473934 0.07109004739336493
6 0.6900473933649289 0.5914691943127962 0.07203791469194312 0.08056872037914692
6 0.6559241706161137 0.6113744075829384 0.06255924170616113 0.061611374407582936