8 0.046445497630331754 0.023696682464454975 0.08151658767772511 0.04739336492890995
8 0.34265402843601894 0.01943127962085308 0.08436018957345971 0.03886255924170616
8 0.3165876777251185 0.06018957345971564 0.08151658767772511 0.08246445497630332
9 0.2919431279620853 0.10853080568720379 0.06445497630331753 0.06066350710900474
9 0.2682464454976303 0.14928909952606634 0.05971563981042654 0.05971563981042654
9 0.04407582938388625 0.058767772511848344 0.06824644549763033 0.06255924170616113
9 0.04834123222748815 0.104739336492891 0.054976303317535544 0.05402843601895735
1 0.23601895734597156 0.17298578199052134 0.052132701421800945 0.06066350710900474
1 0.07109004739336493 0.13791469194312797 0.055924170616113746 0.06445497630331753
6 0.2018957345971564 0.1819905213270142 0.05118483412322275 0.05781990521327014
6 0.16919431279620853 0.18056872037914692 0.04549763033175355 0.06066350710900474
6 0.13554502369668248 0.17203791469194313 0.04834123222748815 0.05971563981042654
6 0.0962085308056872 0.16066350710900473 0.05023696682464455 0.05971563981042654
8 0.9748815165876777 0.021800947867298578 0.05023696682464455 0.043601895734597156
9 0.9559241706161138 0.04928909952606635 0.06540284360189573 0.061611374407582936
9 0.9180094786729858 0.08056872037914692 0.06350710900473934 0.06919431279620854
1 0.8791469194312796 0.10900473933649289 0.06350710900473934 0.07488151658767772
6 0.8450236966824645 0.11611374407582939 0.06255924170616113 0.07962085308056872
6 0.8075829383886256 0.109478672985782 0.05023696682464455 0.07298578199052133
6 0.7691943127962085 0.10284360189573459 0.05402843601895735 0.07393364928909953
6 0.7417061611374408 0.08767772511848342 0.05687203791469194 0.07582938388625593
1 0.7170616113744076 0.05118483412322275 0.06635071090047394 0.07393364928909953
3 0.7004739336492891 0.018957345971563982 0.05118483412322275 0.037914691943127965
3 0.5691943127962086 0.6279620853080569 0.04075829383886256 0.04170616113744076
3 0.5203791469194313 0.6511848341232227 0.04075829383886256 0.04075829383886256
8 0.2848341232227488 0.44075829383886256 0.06729857819905213 0.06540284360189573
8 0.27630331753554505 0.495260663507109 0.07298578199052133 0.07203791469194312
9 0.27014218009478674 0.547867298578199 0.06066350710900474 0.05402843601895735
9 0.266824644549763 0.5947867298578199 0.05687203791469194 0.058767772511848344
9 0.4895734597156398 0.681042654028436 0.05687203791469194 0.06066350710900474
9 0.45592417061611373 0.7132701421800948 0.05023696682464455 0.04834123222748815
1 0.414218009478673 0.7208530805687203 0.05687203791469194 0.06919431279620854
6 0.37725118483412323 0.7123222748815166 0.043601895734597156 0.04928909952606635
6 0.33886255924170616 0.704739336492891 0.043601895734597156 0.04834123222748815
6 0.3127962085308057 0.6909952606635071 0.04265402843601896 0.04834123222748815
6 0.2886255924170616 0.6729857819905213 0.052132701421800945 0.05118483412322275
1 0.2663507109004739 0.6388625592417062 0.06445497630331753 0.05971563981042654
8 0.7872037914691943 0.6829383886255924 0.10426540284360189 0.10900473933649289
9 0.7824644549763033 0.6255924170616114 0.07962085308056872 0.07393364928909953
9 0.7658767772511849 0.5753554502369668 0.0881516587677725 0.08151658767772511
1 0.7492890995260664 0.5232227488151658 0.08151658767772511 0.08056872037914692
6 0.7170616113744076 0.4834123222748815 0.06635071090047394 0.06540284360189573
6 0.662085308056872 0.46445497630331756 0.07677725118483412 0.07677725118483412
6 0.6260663507109004 0.4606635071090047 0.03317535545023697 0.07203791469194312