8 0.11137440758293839 0.3957345971563981 0.08436018957345971 0.08436018957345971
8 0.05118483412322275 0.42796208530805685 0.08720379146919431 0.0881516587677725
9 0.014691943127962086 0.45545023696682463 0.029383886255924172 0.06729857819905213
4 0.7696682464454976 0.5412322274881517 0.04075829383886256 0.04075829383886256
4 0.7720379146919432 0.5014218009478673 0.04170616113744076 0.04170616113744076
4 0.7682464454976303 0.46161137440758293 0.04170616113744076 0.043601895734597156
4 0.9165876777251185 0.3180094786729858 0.03601895734597156 0.037914691943127965
4 0.7867298578199052 0.3696682464454976 0.037914691943127965 0.03886255924170616
9 0.7639810426540284 0.4146919431279621 0.07867298578199051 0.07488151658767772
9 0.9853080568720379 0.3587677725118483 0.029383886255924172 0.06350710900473934
1 0.9687203791469194 0.32559241706161135 0.06255924170616113 0.05781990521327014
8 0.23412322274881517 0.6037914691943128 0.08530805687203792 0.02843601895734597
8 0.3118483412322275 0.6118483412322275 0.0966824644549763 0.04454976303317536
9 0.3957345971563981 0.6085308056872037 0.061611374407582936 0.037914691943127965
9 0.36777251184834125 0.5957345971563981 0.06255924170616113 0.012322274881516588
1 0.44407582938388623 0.6085308056872037 0.061611374407582936 0.037914691943127965
8 0.75260663507109 0.8127962085308057 0.08720379146919431 0.07867298578199051
8 0.7436018957345971 0.7549763033175355 0.09194312796208531 0.08625592417061612
4 0.995260663507109 0.6450236966824645 0.009478672985781991 0.03696682464454976
9 0.7374407582938388 0.7037914691943128 0.06635071090047394 0.058767772511848344
9 0.7350710900473933 0.6592417061611374 0.07677725118483412 0.06445497630331753
9 0.9753554502369668 0.6161137440758294 0.04928909952606635 0.05308056872037915
9 0.9464454976303317 0.6042654028436019 0.07109004739336493 0.029383886255924172
1 0.7308056872037915 0.6218009478672986 0.07014218009478673 0.06445497630331753
6 0.762085308056872 0.604739336492891 0.06255924170616113 0.03033175355450237