8 0.21137440758293838 0.4265402843601896 0.07772511848341232 0.07109004739336493
8 0.22843601895734597 0.36682464454976305 0.07393364928909953 0.07677725118483412
8 0.5066350710900474 0.4549763033175355 0.046445497630331754 0.07014218009478673
8 0.504739336492891 0.3957345971563981 0.05023696682464455 0.07298578199052133
3 0.24597156398104264 0.32037914691943126 0.04170616113744076 0.03981042654028436
3 0.5023696682464455 0.35687203791469196 0.03696682464454976 0.034123222748815164
9 0.2611374407582938 0.27535545023696684 0.06255924170616113 0.06445497630331753
9 0.4995260663507109 0.3033175355450237 0.06066350710900474 0.05687203791469194
1 0.28720379146919434 0.23933649289099526 0.05118483412322275 0.06350710900473934
1 0.4848341232227488 0.2611374407582938 0.05308056872037915 0.05687203791469194
6 0.32654028436018956 0.21990521327014217 0.04928909952606635 0.06350710900473934
6 0.3687203791469194 0.2075829383886256 0.055924170616113746 0.07488151658767772
6 0.4184834123222749 0.21469194312796208 0.05687203791469194 0.07014218009478673
6 0.45781990521327015 0.23127962085308057 0.05023696682464455 0.05971563981042654
8 0.7440758293838863 0.00900473933649289 0.07393364928909953 0.01800947867298578
1 0.5459715639810426 0.2042654028436019 0.03222748815165877 0.06540284360189573
6 0.5781990521327014 0.2156398104265403 0.04454976303317536 0.054976303317535544
6 0.6061611374407583 0.22227488151658767 0.03886255924170616 0.05402843601895735
6 0.6355450236966824 0.21658767772511847 0.03981042654028436 0.052132701421800945
6 0.6587677725118484 0.2014218009478673 0.043601895734597156 0.05781990521327014
1 0.6853080568720379 0.18293838862559242 0.05402843601895735 0.05971563981042654
9 0.7085308056872038 0.14549763033175356 0.055924170616113746 0.055924170616113746
9 0.7255924170616114 0.1 0.05971563981042654 0.05687203791469194
8 0.061611374407582936 0.5914691943127962 0.06445497630331753 0.06824644549763033
9 0.09289099526066351 0.6402843601895735 0.07014218009478673 0.06350710900473934
9 0.11042654028436019 0.6819905213270142 0.055924170616113746 0.06066350710900474
8 0.4028436018957346 0.5450236966824644 0.07014218009478673 0.05118483412322275
8 0.37251184834123224 0.595260663507109 0.06919431279620854 0.07582938388625593
9 0.34834123222748814 0.6492890995260664 0.05781990521327014 0.05402843601895735
9 0.32796208530805687 0.690521327014218 0.05687203791469194 0.06066350710900474
1 0.2938388625592417 0.7203791469194313 0.05118483412322275 0.06540284360189573
1 0.14312796208530806 0.7184834123222749 0.04834123222748815 0.06255924170616113
6 0.2663507109004739 0.7327014218009479 0.03601895734597156 0.06255924170616113
6 0.23791469194312795 0.7388625592417062 0.03601895734597156 0.06066350710900474
6 0.2042654028436019 0.7350710900473933 0.035071090047393366 0.06255924170616113
6 0.17535545023696683 0.728909952606635 0.03981042654028436 0.06919431279620854
8 0.818957345971564 0.7364928909952607 0.07488151658767772 0.07772511848341232
6 0.9867298578199052 0.8710900473933649 0.026540284360189573 0.043601895734597156
6 0.9649289099526066 0.866824644549763 0.03222748815165877 0.04928909952606635
6 0.9350710900473934 0.8725118483412322 0.03696682464454976 0.05308056872037915
1 0.8928909952606635 0.8497630331753554 0.05023696682464455 0.05687203791469194
9 0.8734597156398104 0.8127962085308057 0.052132701421800945 0.05308056872037915
9 0.8369668246445497 0.7914691943127962 0.054976303317535544 0.04928909952606635