8 0.5028436018957346 0.15213270142180094 0.05402843601895735 0.08056872037914692
8 0.490521327014218 0.1023696682464455 0.07867298578199051 0.08530805687203792
8 0.26445497630331755 0.26966824644549764 0.07867298578199051 0.06445497630331753
8 0.24502369668246446 0.21943127962085307 0.07677725118483412 0.06824644549763033
9 0.22654028436018958 0.17251184834123223 0.07014218009478673 0.054976303317535544
9 0.22037914691943128 0.12843601895734597 0.07014218009478673 0.05402843601895735
9 0.4601895734597156 0.06445497630331753 0.06919431279620854 0.06255924170616113
9 0.4322274881516588 0.03317535545023697 0.06824644549763033 0.06350710900473934
1 0.21469194312796208 0.08293838862559241 0.05781990521327014 0.05781990521327014
6 0.23033175355450236 0.04407582938388625 0.05023696682464455 0.05118483412322275
6 0.26398104265402844 0.02132701421800948 0.061611374407582936 0.04265402843601896
6 0.3127962085308057 0.014691943127962086 0.06255924170616113 0.029383886255924172
6 0.3630331753554502 0.008530805687203791 0.05118483412322275 0.017061611374407582
1 0.4042654028436019 0.015639810426540283 0.055924170616113746 0.031279620853080566
8 0.9890995260663508 0.1995260663507109 0.021800947867298578 0.0881516587677725
4 0.9767772511848342 0.23033175355450236 0.04075829383886256 0.05023696682464455
9 0.9317535545023696 0.23649289099526066 0.06066350710900474 0.06824644549763033
1 0.885781990521327 0.23981042654028437 0.05781990521327014 0.07203791469194312
6 0.8445497630331753 0.23459715639810427 0.043601895734597156 0.052132701421800945
6 0.818957345971564 0.23270142180094786 0.03601895734597156 0.058767772511848344
6 0.8113744075829384 0.20568720379146918 0.05308056872037915 0.035071090047393366
4 0.14075829383886257 0.5260663507109005 0.04549763033175355 0.04834123222748815
3 0.14265402843601896 0.6085308056872037 0.04834123222748815 0.04739336492890995
5 0.14691943127962084 0.6526066350710901 0.043601895734597156 0.04265402843601896
1 0.14881516587677726 0.7075829383886256 0.06824644549763033 0.061611374407582936
1 0.024644549763033177 0.776303317535545 0.04928909952606635 0.07014218009478673
6 0.05687203791469194 0.785781990521327 0.054976303317535544 0.06445497630331753
6 0.09194312796208531 0.7781990521327015 0.04834123222748815 0.06729857819905213
6 0.12511848341232226 0.7691943127962085 0.05781990521327014 0.07203791469194312
6 0.14312796208530806 0.7402843601895734 0.06540284360189573 0.07014218009478673
1 0.54739336492891 0.8824644549763033 0.035071090047393366 0.07582938388625593
6 0.5739336492890995 0.8919431279620853 0.05402843601895735 0.07393364928909953
6 0.5971563981042654 0.9080568720379147 0.04549763033175355 0.07109004739336493
6 0.633175355450237 0.9080568720379147 0.05023696682464455 0.06824644549763033
6 0.6654028436018957 0.8909952606635071 0.05402843601895735 0.05781990521327014
1 0.6919431279620853 0.8663507109004739 0.061611374407582936 0.07014218009478673
9 0.7156398104265402 0.8308056872037914 0.061611374407582936 0.05971563981042654
9 0.7398104265402844 0.7985781990521327 0.07203791469194312 0.06540284360189573