3 0.11279620853080569 0.37867298578199055 0.04454976303317536 0.04075829383886256
9 0.16066350710900473 0.37109004739336493 0.04928909952606635 0.05971563981042654
1 0.2042654028436019 0.3805687203791469 0.05023696682464455 0.04928909952606635
6 0.24360189573459715 0.36682464454976305 0.04549763033175355 0.04549763033175355
6 0.2563981042654028 0.33886255924170616 0.05402843601895735 0.05023696682464455
9 0.9895734597156398 0.500473933649289 0.02085308056872038 0.06635071090047394
3 0.9938388625592417 0.36682464454976305 0.012322274881516588 0.043601895734597156
3 0.9890995260663508 0.31990521327014215 0.021800947867298578 0.03886255924170616
3 0.27109004739336495 0.6066350710900474 0.04928909952606635 0.034123222748815164
3 0.2919431279620853 0.6587677725118484 0.03886255924170616 0.04454976303317536
9 0.2981042654028436 0.7265402843601896 0.06540284360189573 0.055924170616113746
9 0.318957345971564 0.7677725118483413 0.05687203791469194 0.04739336492890995
9 0.5265402843601896 0.7943127962085308 0.025592417061611375 0.06066350710900474
1 0.5080568720379147 0.818957345971564 0.04265402843601896 0.06255924170616113
6 0.471563981042654 0.8298578199052132 0.04170616113744076 0.07109004739336493
6 0.4374407582938389 0.828436018957346 0.03886255924170616 0.06635071090047394
6 0.4033175355450237 0.8251184834123223 0.03981042654028436 0.06635071090047394
6 0.3767772511848341 0.8127962085308057 0.04075829383886256 0.06255924170616113
1 0.34549763033175357 0.8 0.04928909952606635 0.06540284360189573
8 0.6706161137440758 0.624170616113744 0.07298578199052133 0.06919431279620854
8 0.6867298578199053 0.6900473933649289 0.07772511848341232 0.07867298578199051
8 0.9791469194312796 0.690521327014218 0.04170616113744076 0.07298578199052133
9 0.966824644549763 0.728909952606635 0.06635071090047394 0.06255924170616113
9 0.9488151658767773 0.7687203791469195 0.061611374407582936 0.06350710900473934
9 0.7028436018957346 0.7436018957345971 0.05687203791469194 0.05781990521327014
9 0.7241706161137441 0.7848341232227488 0.05308056872037915 0.05402843601895735
1 0.9175355450236967 0.8042654028436019 0.05687203791469194 0.06445497630331753
1 0.7530805687203791 0.8113744075829384 0.054976303317535544 0.06635071090047394
6 0.8867298578199052 0.8246445497630331 0.03981042654028436 0.05781990521327014
6 0.852132701421801 0.8317535545023697 0.03601895734597156 0.054976303317535544
6 0.818957345971564 0.8336492890995261 0.03601895734597156 0.05402843601895735
6 0.7862559241706161 0.8246445497630331 0.04549763033175355 0.06445497630331753