8 0.26872037914691943 0.15971563981042655 0.0881516587677725 0.08530805687203792
9 0.2943127962085308 0.12369668246445498 0.07109004739336493 0.06919431279620854
9 0.3104265402843602 0.0962085308056872 0.03886255924170616 0.08246445497630332
0 0.671563981042654 0.24454976303317535 0.03981042654028436 0.04549763033175355
0 0.6279620853080569 0.2042654028436019 0.04549763033175355 0.04549763033175355
4 0.5658767772511848 0.17725118483412322 0.037914691943127965 0.03696682464454976
8 0.418957345971564 0.44360189573459713 0.07298578199052133 0.07298578199052133
8 0.3914691943127962 0.4 0.08530805687203792 0.07203791469194312
9 0.3739336492890995 0.35165876777251187 0.07109004739336493 0.061611374407582936
9 0.3639810426540284 0.30995260663507107 0.06824644549763033 0.06066350710900474
1 0.3635071090047393 0.26066350710900477 0.06729857819905213 0.06445497630331753
1 0.5123222748815166 0.14170616113744075 0.06255924170616113 0.07298578199052133
6 0.3630331753554502 0.21516587677725119 0.06635071090047394 0.05308056872037915
6 0.3748815165876777 0.16682464454976303 0.06066350710900474 0.05781990521327014
6 0.4165876777251185 0.13459715639810427 0.06445497630331753 0.06350710900473934
6 0.4658767772511848 0.13459715639810427 0.055924170616113746 0.05781990521327014
3 0.15829383886255924 0.6744075829383887 0.03601895734597156 0.037914691943127965
3 0.14123222748815165 0.623696682464455 0.043601895734597156 0.04928909952606635
9 0.14265402843601896 0.5682464454976304 0.06540284360189573 0.03696682464454976
9 0.7009478672985782 0.5772511848341232 0.05402843601895735 0.052132701421800945
1 0.6843601895734597 0.6156398104265403 0.052132701421800945 0.05023696682464455
6 0.666824644549763 0.6350710900473934 0.05023696682464455 0.04834123222748815
6 0.6345971563981042 0.6436018957345971 0.04739336492890995 0.05308056872037915
6 0.6052132701421801 0.6407582938388625 0.04265402843601896 0.04834123222748815
6 0.5710900473933649 0.6374407582938388 0.04549763033175355 0.04928909952606635
1 0.5450236966824644 0.6170616113744076 0.052132701421800945 0.052132701421800945
3 0.5071090047393365 0.5682464454976304 0.037914691943127965 0.03696682464454976