8 0.21658767772511847 0.15876777251184834 0.07867298578199051 0.08436018957345971
3 0.16303317535545023 0.14360189573459717 0.04265402843601896 0.043601895734597156
9 0.12843601895734597 0.11137440758293839 0.055924170616113746 0.06729857819905213
9 0.09194312796208531 0.0966824644549763 0.05687203791469194 0.06540284360189573
1 0.04881516587677725 0.07725118483412323 0.05971563981042654 0.05971563981042654
6 0.016113744075829384 0.07393364928909953 0.03222748815165877 0.054976303317535544
8 0.976303317535545 0.2616113744075829 0.04739336492890995 0.0947867298578199
8 0.9303317535545024 0.26966824644549764 0.0909952606635071 0.1033175355450237
3 0.8777251184834123 0.2985781990521327 0.04454976303317536 0.04265402843601896
9 0.8312796208530806 0.27582938388625594 0.06824644549763033 0.07203791469194312
1 0.7819905213270142 0.262085308056872 0.06729857819905213 0.07298578199052133
6 0.7535545023696683 0.23127962085308057 0.04928909952606635 0.05687203791469194
6 0.7260663507109004 0.21374407582938387 0.03981042654028436 0.05118483412322275
6 0.7232227488151659 0.1900473933649289 0.05308056872037915 0.04928909952606635
6 0.737914691943128 0.16682464454976303 0.06350710900473934 0.05687203791469194
8 0.04123222748815166 0.566824644549763 0.08246445497630332 0.07393364928909953
8 0.11042654028436019 0.5706161137440758 0.0938388625592417 0.08151658767772511
4 0.16018957345971563 0.5890995260663507 0.03601895734597156 0.034123222748815164
4 0.23601895734597156 0.6151658767772512 0.03981042654028436 0.03696682464454976
3 0.0962085308056872 0.9056872037914692 0.04170616113744076 0.043601895734597156
3 0.15402843601895735 0.8810426540284361 0.043601895734597156 0.043601895734597156
6 0.3184834123222749 0.6317535545023697 0.08720379146919431 0.08056872037914692
6 0.3469194312796208 0.7597156398104266 0.0947867298578199 0.07867298578199051
6 0.35687203791469196 0.7037914691943128 0.08246445497630332 0.07203791469194312
6 0.34739336492890993 0.657345971563981 0.06445497630331753 0.054976303317535544
4 0.28672985781990523 0.8014218009478673 0.04170616113744076 0.03696682464454976
3 0.604739336492891 0.609478672985782 0.04834123222748815 0.04834123222748815
3 0.6369668246445498 0.5758293838862559 0.04739336492890995 0.046445497630331754
8 0.904739336492891 0.7483412322274882 0.09289099526066351 0.09004739336492891
8 0.9118483412322275 0.6819905213270142 0.0947867298578199 0.0938388625592417
9 0.9203791469194312 0.6251184834123222 0.07582938388625593 0.06066350710900474
9 0.9180094786729858 0.5867298578199052 0.06919431279620854 0.05687203791469194
1 0.9123222748815166 0.5587677725118484 0.06919431279620854 0.05781990521327014
6 0.8962085308056872 0.5393364928909953 0.06350710900473934 0.018957345971563982
9 0.662085308056872 0.543127962085308 0.06919431279620854 0.026540284360189573