8 0.06303317535545024 0.13222748815165877 0.06824644549763033 0.07393364928909953
9 0.08909952606635071 0.16303317535545023 0.05402843601895735 0.06445497630331753
9 0.32132701421800947 0.08056872037914692 0.06066350710900474 0.054976303317535544
9 0.3180094786729858 0.11658767772511848 0.054976303317535544 0.054976303317535544
1 0.3009478672985782 0.15545023696682464 0.05023696682464455 0.05781990521327014
9 0.11090047393364928 0.1924170616113744 0.05308056872037915 0.06066350710900474
1 0.14218009478672985 0.2123222748815166 0.05118483412322275 0.054976303317535544
6 0.17867298578199053 0.2104265402843602 0.052132701421800945 0.046445497630331754
6 0.2104265402843602 0.20568720379146918 0.04739336492890995 0.04454976303317536
6 0.24360189573459715 0.1909952606635071 0.04265402843601896 0.04928909952606635
6 0.2725118483412322 0.17725118483412322 0.04170616113744076 0.04834123222748815
8 0.7118483412322275 0.32132701421800947 0.07867298578199051 0.07962085308056872
8 0.7834123222748816 0.3052132701421801 0.07109004739336493 0.07772511848341232
9 0.8364928909952607 0.29289099526066353 0.05308056872037915 0.05687203791469194
9 0.8810426540284361 0.2895734597156398 0.046445497630331754 0.055924170616113746
1 0.9246445497630332 0.2981042654028436 0.04928909952606635 0.05687203791469194
6 0.9587677725118483 0.3123222748815166 0.05023696682464455 0.04834123222748815
6 0.9791469194312796 0.33317535545023697 0.04170616113744076 0.046445497630331754
8 0.4018957345971564 0.5511848341232227 0.08151658767772511 0.07582938388625593
8 0.3360189573459716 0.5625592417061611 0.08056872037914692 0.07772511848341232
8 0.27488151658767773 0.5734597156398105 0.05971563981042654 0.055924170616113746
9 0.22701421800947869 0.5739336492890995 0.05023696682464455 0.054976303317535544
1 0.1819905213270142 0.566350710900474 0.05402843601895735 0.055924170616113746
6 0.14881516587677726 0.5601895734597157 0.04739336492890995 0.05308056872037915
6 0.12654028436018958 0.5303317535545023 0.04739336492890995 0.04265402843601896
6 0.11469194312796209 0.49715639810426543 0.05023696682464455 0.04075829383886256
4 0.8336492890995261 0.771563981042654 0.043601895734597156 0.04170616113744076
4 0.8706161137440759 0.7260663507109004 0.035071090047393366 0.037914691943127965
8 0.6071090047393365 0.5933649289099526 0.08341232227488152 0.0909952606635071
8 0.6545023696682465 0.5516587677725119 0.08720379146919431 0.09573459715639811
9 0.6976303317535545 0.523696682464455 0.05402843601895735 0.07014218009478673
9 0.7388625592417062 0.4990521327014218 0.055924170616113746 0.061611374407582936
9 0.8971563981042654 0.6881516587677725 0.06445497630331753 0.05118483412322275
9 0.9109004739336493 0.6436018957345971 0.06445497630331753 0.05308056872037915
6 0.8734597156398104 0.4886255924170616 0.061611374407582936 0.06445497630331753
6 0.9028436018957346 0.5109004739336492 0.061611374407582936 0.06824644549763033
6 0.9246445497630332 0.5530805687203791 0.05971563981042654 0.058767772511848344
6 0.8270142180094787 0.4834123222748815 0.05023696682464455 0.06540284360189573
1 0.7805687203791469 0.48625592417061614 0.05687203791469194 0.07014218009478673
1 0.9241706161137441 0.5957345971563981 0.058767772511848344 0.058767772511848344