6 0.007582938388625593 0.32606635071090045 0.015165876777251185 0.09289099526066351
6 0.018957345971563982 0.3303317535545024 0.037914691943127965 0.0881516587677725
6 0.04407582938388625 0.3341232227488152 0.05402843601895735 0.08530805687203792
1 0.07582938388625593 0.33270142180094786 0.05687203791469194 0.07867298578199051
9 0.1033175355450237 0.3104265402843602 0.06350710900473934 0.06540284360189573
9 0.11895734597156397 0.2791469194312796 0.07582938388625593 0.06824644549763033
3 0.495260663507109 0.41232227488151657 0.043601895734597156 0.04739336492890995
8 0.5611374407582939 0.4028436018957346 0.09004739336492891 0.0966824644549763
9 0.6175355450236967 0.41184834123222747 0.06350710900473934 0.07772511848341232
9 0.6696682464454976 0.41753554502369666 0.06445497630331753 0.07677725118483412
1 0.7199052132701422 0.42227488151658765 0.06540284360189573 0.07298578199052133
6 0.7568720379146919 0.45071090047393364 0.06066350710900474 0.061611374407582936
6 0.781042654028436 0.48625592417061614 0.06824644549763033 0.06445497630331753
8 0.12274881516587678 0.9308056872037914 0.10426540284360189 0.1004739336492891
9 0.02843601895734597 0.8080568720379147 0.05687203791469194 0.07867298578199051
0 0.4014218009478673 0.671090047393365 0.04739336492890995 0.04928909952606635
0 0.4165876777251185 0.6127962085308057 0.05118483412322275 0.04928909952606635
0 0.4322274881516588 0.5606635071090047 0.04454976303317536 0.04265402843601896
3 0.737914691943128 0.690521327014218 0.037914691943127965 0.03886255924170616
3 0.723696682464455 0.6388625592417062 0.04549763033175355 0.05023696682464455
9 0.7056872037914692 0.5530805687203791 0.07488151658767772 0.027488151658767772
9 0.7279620853080568 0.5710900473933649 0.06824644549763033 0.06350710900473934