6 0.3104265402843602 0.4492890995260663 0.04834123222748815 0.02085308056872038
6 0.33838862559241706 0.45071090047393364 0.037914691943127965 0.01800947867298578
6 0.2777251184834123 0.4492890995260663 0.043601895734597156 0.02085308056872038
1 0.25118483412322273 0.44549763033175355 0.05308056872037915 0.02843601895734597
1 0.3995260663507109 0.45165876777251185 0.05023696682464455 0.016113744075829384
9 0.21990521327014217 0.43838862559241704 0.05308056872037915 0.04265402843601896
9 0.195260663507109 0.4099526066350711 0.05781990521327014 0.061611374407582936
9 0.42369668246445497 0.442654028436019 0.058767772511848344 0.034123222748815164
9 0.4364928909952607 0.42322274881516586 0.07109004739336493 0.06255924170616113
4 0.8109004739336493 0.2127962085308057 0.04454976303317536 0.046445497630331754
4 0.7933649289099526 0.2663507109004739 0.03886255924170616 0.03696682464454976
9 0.7872037914691943 0.3194312796208531 0.06350710900473934 0.06635071090047394
9 0.7744075829383886 0.37203791469194314 0.06255924170616113 0.05781990521327014
1 0.7426540284360189 0.4014218009478673 0.052132701421800945 0.06540284360189573
6 0.7184834123222749 0.42274881516587676 0.05023696682464455 0.061611374407582936
6 0.6900473933649289 0.42796208530805685 0.02085308056872038 0.061611374407582936
8 0.49146919431279623 0.8080568720379147 0.08341232227488152 0.08056872037914692
8 0.45734597156398105 0.7516587677725118 0.08909952606635071 0.0881516587677725
9 0.42748815165876775 0.7033175355450237 0.06255924170616113 0.07393364928909953
3 0.3914691943127962 0.6872037914691943 0.034123222748815164 0.03317535545023697
3 0.3469194312796208 0.6672985781990521 0.046445497630331754 0.043601895734597156
3 0.27109004739336495 0.6630331753554503 0.03886255924170616 0.03886255924170616
6 0.2123222748815166 0.6308056872037915 0.07582938388625593 0.1033175355450237
6 0.17440758293838862 0.6526066350710901 0.07109004739336493 0.08909952606635071
1 0.14454976303317535 0.6815165876777252 0.07772511848341232 0.07962085308056872
9 0.12464454976303317 0.728909952606635 0.07962085308056872 0.06919431279620854
8 0.1014218009478673 0.8265402843601896 0.08436018957345971 0.06350710900473934
9 0.11042654028436019 0.7781990521327015 0.07298578199052133 0.06066350710900474
1 0.9781990521327014 0.8118483412322275 0.043601895734597156 0.05971563981042654
6 0.9383886255924171 0.8180094786729858 0.06255924170616113 0.06255924170616113
6 0.8947867298578199 0.828909952606635 0.07298578199052133 0.06066350710900474