8 0.26540284360189575 0.2886255924170616 0.08056872037914692 0.07772511848341232
9 0.25876777251184835 0.24312796208530807 0.06350710900473934 0.05402843601895735
9 0.2734597156398104 0.2109004739336493 0.06729857819905213 0.06066350710900474
8 0.542654028436019 0.25734597156398104 0.07298578199052133 0.07109004739336493
9 0.5360189573459716 0.21374407582938387 0.06824644549763033 0.05402843601895735
9 0.5099526066350711 0.1872037914691943 0.06540284360189573 0.054976303317535544
1 0.2881516587677725 0.17535545023696683 0.06066350710900474 0.05781990521327014
1 0.4900473933649289 0.15592417061611374 0.06635071090047394 0.06350710900473934
6 0.3118483412322275 0.14502369668246445 0.05687203791469194 0.05402843601895735
6 0.4137440758293839 0.12132701421800948 0.061611374407582936 0.054976303317535544
6 0.46255924170616114 0.12985781990521328 0.05781990521327014 0.058767772511848344
6 0.35592417061611376 0.12796208530805686 0.06445497630331753 0.054976303317535544
8 0.6085308056872037 0.48009478672985784 0.058767772511848344 0.06919431279620854
9 0.6492890995260664 0.49146919431279623 0.061611374407582936 0.07014218009478673
9 0.7 0.4890995260663507 0.06350710900473934 0.061611374407582936
1 0.7360189573459716 0.4729857819905213 0.055924170616113746 0.06350710900473934
6 0.7748815165876777 0.4611374407582938 0.05781990521327014 0.055924170616113746
6 0.7900473933649289 0.4364928909952607 0.05118483412322275 0.05781990521327014
8 0.08104265402843602 0.8753554502369668 0.08720379146919431 0.0909952606635071
8 0.14739336492890995 0.8815165876777251 0.09004739336492891 0.0938388625592417
9 0.2071090047393365 0.8805687203791469 0.055924170616113746 0.06635071090047394
9 0.25165876777251184 0.8815165876777251 0.054976303317535544 0.05971563981042654
1 0.295260663507109 0.8677725118483413 0.05687203791469194 0.05971563981042654
6 0.3180094786729858 0.8398104265402844 0.052132701421800945 0.04739336492890995
6 0.3341232227488152 0.8184834123222748 0.052132701421800945 0.04454976303317536
6 0.8540284360189574 0.6649289099526067 0.07203791469194312 0.031279620853080566
6 0.8165876777251185 0.6838862559241706 0.08625592417061612 0.06919431279620854