5 0.3630331753554502 0.35497630331753555 0.03222748815165877 0.05023696682464455
8 0.7232227488151659 0.5587677725118484 0.08720379146919431 0.061611374407582936
9 0.7218009478672985 0.518957345971564 0.06445497630331753 0.05781990521327014
9 0.7364928909952607 0.47345971563981043 0.06445497630331753 0.05781990521327014
1 0.747867298578199 0.41800947867298577 0.07582938388625593 0.07677725118483412
6 0.7815165876777251 0.376303317535545 0.05402843601895735 0.06066350710900474
6 0.8161137440758294 0.35450236966824644 0.05118483412322275 0.06066350710900474
6 0.8654028436018958 0.33981042654028437 0.06350710900473934 0.06350710900473934
6 0.909478672985782 0.35545023696682465 0.05118483412322275 0.05118483412322275
9 0.9715639810426541 0.4028436018957346 0.05687203791469194 0.06824644549763033
9 0.9933649289099526 0.4213270142180095 0.013270142180094787 0.061611374407582936
9 0.017061611374407582 0.7322274881516587 0.034123222748815164 0.05781990521327014
9 0.04597156398104266 0.74739336492891 0.055924170616113746 0.058767772511848344
1 0.14170616113744075 0.6042654028436019 0.055924170616113746 0.029383886255924172
1 0.0881516587677725 0.7412322274881517 0.055924170616113746 0.06066350710900474
6 0.12274881516587678 0.7208530805687203 0.04739336492890995 0.05023696682464455
6 0.14549763033175356 0.6971563981042654 0.04834123222748815 0.04739336492890995
6 0.15592417061611374 0.666824644549763 0.05023696682464455 0.04739336492890995
6 0.15213270142180094 0.628436018957346 0.046445497630331754 0.04739336492890995
3 0.3881516587677725 0.6895734597156398 0.01800947867298578 0.061611374407582936
3 0.3995260663507109 0.7815165876777251 0.04075829383886256 0.03886255924170616
5 0.43412322274881515 0.8317535545023697 0.04265402843601896 0.04454976303317536
5 0.6336492890995261 0.8175355450236966 0.04170616113744076 0.04265402843601896
3 0.6601895734597156 0.7725118483412322 0.04170616113744076 0.043601895734597156
3 0.6947867298578199 0.6962085308056872 0.03981042654028436 0.03981042654028436
3 0.7161137440758294 0.6421800947867299 0.04549763033175355 0.04549763033175355