9 0.02085308056872038 0.08578199052132701 0.04170616113744076 0.06350710900473934
9 0.05308056872037915 0.09052132701421801 0.055924170616113746 0.06350710900473934
1 0.0962085308056872 0.08293838862559241 0.055924170616113746 0.06255924170616113
6 0.13412322274881516 0.07298578199052133 0.04549763033175355 0.04834123222748815
6 0.16398104265402844 0.05781990521327014 0.04549763033175355 0.05308056872037915
6 0.18388625592417063 0.03838862559241706 0.04739336492890995 0.04739336492890995
6 0.1900473933649289 0.01848341232227488 0.055924170616113746 0.03696682464454976
9 0.7800947867298578 0.014691943127962086 0.05687203791469194 0.029383886255924172
1 0.8004739336492891 0.03175355450236967 0.05781990521327014 0.06350710900473934
6 0.8601895734597157 0.04834123222748815 0.046445497630331754 0.055924170616113746
6 0.8928909952606635 0.04075829383886256 0.04739336492890995 0.05971563981042654
6 0.9241706161137441 0.03364928909952607 0.04739336492890995 0.055924170616113746
1 0.9549763033175356 0.024644549763033177 0.05402843601895735 0.04928909952606635
9 0.975829383886256 0.009478672985781991 0.04834123222748815 0.018957345971563982
6 0.8303317535545024 0.047867298578199054 0.052132701421800945 0.061611374407582936
3 0.27488151658767773 0.6644549763033175 0.04265402843601896 0.043601895734597156
3 0.22796208530805687 0.6796208530805687 0.04834123222748815 0.05308056872037915
3 0.18104265402843603 0.6763033175355451 0.046445497630331754 0.05781990521327014
3 0.11374407582938388 0.6928909952606636 0.04928909952606635 0.05118483412322275
3 0.04407582938388625 0.7260663507109004 0.05118483412322275 0.05402843601895735
3 0.02843601895734597 0.7706161137440758 0.04170616113744076 0.04265402843601896
3 0.04549763033175355 0.7938388625592417 0.04170616113744076 0.04265402843601896
4 0.8928909952606635 0.442654028436019 0.04739336492890995 0.05023696682464455
3 0.8729857819905213 0.4985781990521327 0.05402843601895735 0.054976303317535544
4 0.8540284360189574 0.5592417061611374 0.04454976303317536 0.046445497630331754
3 0.5758293838862559 0.4928909952606635 0.04549763033175355 0.04549763033175355
6 0.7440758293838863 0.6701421800947868 0.07014218009478673 0.07488151658767772
6 0.6914691943127962 0.6881516587677725 0.07677725118483412 0.07582938388625593
6 0.6360189573459716 0.6772511848341233 0.08436018957345971 0.08720379146919431
6 0.6104265402843602 0.6483412322274882 0.07393364928909953 0.07962085308056872
1 0.5796208530805688 0.6123222748815166 0.08625592417061612 0.08056872037914692
9 0.5696682464454976 0.556872037914692 0.08625592417061612 0.08151658767772511
9 0.828436018957346 0.6127962085308057 0.08625592417061612 0.08625592417061612