8 0.12274881516587678 0.04597156398104266 0.08341232227488152 0.08625592417061612
8 0.06303317535545024 0.06966824644549763 0.08530805687203792 0.0909952606635071
9 0.02037914691943128 0.08862559241706161 0.04075829383886256 0.06350710900473934
8 0.4933649289099526 0.34360189573459715 0.08056872037914692 0.08056872037914692
8 0.5170616113744075 0.3900473933649289 0.08056872037914692 0.05971563981042654
8 0.7943127962085308 0.3042654028436019 0.06729857819905213 0.06445497630331753
9 0.8023696682464455 0.34265402843601894 0.05971563981042654 0.05118483412322275
9 0.8066350710900474 0.385781990521327 0.07677725118483412 0.06066350710900474
1 0.7966824644549763 0.4099526066350711 0.06350710900473934 0.01990521327014218
6 0.06208530805687204 0.9265402843601895 0.055924170616113746 0.06635071090047394
6 0.03033175355450237 0.9383886255924171 0.05023696682464455 0.06919431279620854
6 0.00995260663507109 0.9374407582938389 0.01990521327014218 0.06066350710900474
1 0.0995260663507109 0.9123222748815166 0.06350710900473934 0.06445497630331753
9 0.12085308056872038 0.8824644549763033 0.058767772511848344 0.05971563981042654
9 0.13270142180094788 0.8393364928909952 0.07109004739336493 0.06540284360189573
8 0.15308056872037915 0.7796208530805687 0.0985781990521327 0.1033175355450237
8 0.17677725118483412 0.7109004739336493 0.0881516587677725 0.08720379146919431
8 0.6341232227488152 0.42843601895734595 0.07962085308056872 0.017061611374407582
8 0.6279620853080569 0.4611374407582938 0.08246445497630332 0.08246445497630332
9 0.6208530805687204 0.5151658767772512 0.05971563981042654 0.055924170616113746
9 0.6099526066350711 0.557345971563981 0.06066350710900474 0.061611374407582936
1 0.45023696682464454 0.6218009478672986 0.04170616113744076 0.06635071090047394
1 0.5995260663507109 0.5947867298578199 0.054976303317535544 0.05781990521327014
6 0.5748815165876777 0.6203791469194313 0.05118483412322275 0.05023696682464455
6 0.542654028436019 0.6350710900473934 0.04834123222748815 0.04834123222748815
6 0.5090047393364929 0.6402843601895735 0.04834123222748815 0.04928909952606635
6 0.4729857819905213 0.6417061611374407 0.04928909952606635 0.05308056872037915