8 0.22559241706161137 0.3800947867298578 0.07203791469194312 0.08151658767772511
8 0.27630331753554505 0.4085308056872038 0.07014218009478673 0.08056872037914692
9 0.3635071090047393 0.43838862559241704 0.05781990521327014 0.07014218009478673
1 0.4080568720379147 0.44360189573459713 0.054976303317535544 0.06729857819905213
6 0.45308056872037916 0.43554502369668247 0.05023696682464455 0.06350710900473934
6 0.4933649289099526 0.418957345971564 0.06445497630331753 0.06350710900473934
4 0.3227488151658768 0.4203791469194313 0.037914691943127965 0.04075829383886256
8 0.9710900473933649 0.3009478672985782 0.05781990521327014 0.0976303317535545
3 0.9303317535545024 0.3293838862559242 0.03601895734597156 0.037914691943127965
9 0.8725118483412322 0.33933649289099527 0.06635071090047394 0.07298578199052133
9 0.8232227488151659 0.35260663507109 0.06445497630331753 0.06729857819905213
1 0.7682464454976303 0.35355450236966823 0.07109004739336493 0.07014218009478673
6 0.7369668246445498 0.3355450236966825 0.08341232227488152 0.05402843601895735
6 0.7132701421800948 0.3085308056872038 0.08341232227488152 0.05118483412322275
6 0.6971563981042654 0.27630331753554505 0.07582938388625593 0.05118483412322275
6 0.6938388625592417 0.24218009478672986 0.07203791469194312 0.04739336492890995
2 0.36729857819905215 0.7777251184834123 0.06919431279620854 0.07203791469194312
2 0.43317535545023694 0.814218009478673 0.07298578199052133 0.07109004739336493
9 0.4838862559241706 0.8549763033175355 0.05687203791469194 0.054976303317535544
9 0.5260663507109005 0.8848341232227488 0.05308056872037915 0.05308056872037915
6 0.5540284360189573 0.9895734597156398 0.06729857819905213 0.02085308056872038
6 0.5582938388625592 0.966824644549763 0.06540284360189573 0.05023696682464455
1 0.5507109004739337 0.9251184834123223 0.06919431279620854 0.061611374407582936
8 0.8725118483412322 0.7270142180094786 0.07203791469194312 0.06919431279620854
8 0.9066350710900474 0.6914691943127962 0.07677725118483412 0.06350710900473934
9 0.9355450236966825 0.6682464454976303 0.06635071090047394 0.017061611374407582