4 0.33080568720379144 0.22748815165876776 0.046445497630331754 0.04739336492890995
4 0.36635071090047394 0.25971563981042656 0.04549763033175355 0.04454976303317536
9 0.4037914691943128 0.3 0.07014218009478673 0.06824644549763033
9 0.4374407582938389 0.32654028436018956 0.061611374407582936 0.07014218009478673
1 0.47345971563981043 0.34218009478672984 0.05023696682464455 0.061611374407582936
6 0.4938388625592417 0.36018957345971564 0.03222748815165877 0.05308056872037915
8 0.7791469194312797 0.024170616113744076 0.1023696682464455 0.04834123222748815
1 0.9691943127962085 0.16729857819905214 0.061611374407582936 0.08436018957345971
1 0.8080568720379147 0.12701421800947868 0.06729857819905213 0.08341232227488152
3 0.9303317535545024 0.14170616113744075 0.03981042654028436 0.04170616113744076
3 0.8535545023696682 0.11848341232227488 0.03886255924170616 0.04265402843601896
9 0.9872037914691943 0.14170616113744075 0.025592417061611375 0.06919431279620854
9 0.7777251184834123 0.05118483412322275 0.06824644549763033 0.06445497630331753
9 0.7886255924170616 0.0924170616113744 0.06824644549763033 0.06824644549763033
6 0.4791469194312796 0.5540284360189573 0.061611374407582936 0.061611374407582936
2 0.4270142180094787 0.5355450236966824 0.05308056872037915 0.055924170616113746
2 0.376303317535545 0.543127962085308 0.054976303317535544 0.05781990521327014
6 0.3345971563981043 0.5710900473933649 0.061611374407582936 0.06066350710900474
1 0.3113744075829384 0.6118483412322275 0.05781990521327014 0.06445497630331753
1 0.4957345971563981 0.5829383886255924 0.02843601895734597 0.06445497630331753
9 0.30379146919431277 0.6601895734597156 0.07109004739336493 0.061611374407582936
8 0.2971563981042654 0.7118483412322275 0.08625592417061612 0.07867298578199051
8 0.6592417061611374 0.8279620853080568 0.08246445497630332 0.0881516587677725
8 0.723696682464455 0.8227488151658767 0.08436018957345971 0.0947867298578199
9 0.7758293838862559 0.8156398104265403 0.05971563981042654 0.07582938388625593
9 0.8184834123222748 0.8208530805687204 0.06445497630331753 0.08151658767772511
1 0.8649289099526066 0.828909952606635 0.06919431279620854 0.07203791469194312
6 0.9042654028436019 0.8483412322274881 0.06824644549763033 0.07109004739336493
6 0.9327014218009478 0.8748815165876778 0.07867298578199051 0.07203791469194312