9 0.23127962085308057 0.43933649289099524 0.054976303317535544 0.05023696682464455
9 0.490521327014218 0.44123222748815166 0.06824644549763033 0.05402843601895735
9 0.46824644549763034 0.4090047393364929 0.06919431279620854 0.058767772511848344
1 0.24597156398104264 0.4 0.058767772511848344 0.054976303317535544
1 0.44170616113744077 0.36492890995260663 0.05687203791469194 0.05402843601895735
6 0.26919431279620853 0.36066350710900474 0.04834123222748815 0.04834123222748815
6 0.3123222748815166 0.3402843601895735 0.061611374407582936 0.06445497630331753
6 0.36255924170616116 0.32748815165876777 0.061611374407582936 0.07109004739336493
3 0.3990521327014218 0.35260663507109 0.03317535545023697 0.035071090047393366
9 0.22227488151658767 0.45876777251184836 0.06919431279620854 0.02085308056872038
8 0.5009478672985782 0.45876777251184836 0.05781990521327014 0.02085308056872038
8 0.6374407582938388 0.02890995260663507 0.07677725118483412 0.05781990521327014
8 0.6426540284360189 0.08909952606635071 0.07772511848341232 0.07962085308056872
9 0.6488151658767772 0.14597156398104266 0.05971563981042654 0.05402843601895735
9 0.6407582938388625 0.19146919431279621 0.05781990521327014 0.06066350710900474
1 0.6289099526066351 0.23649289099526066 0.05402843601895735 0.058767772511848344
6 0.5445497630331754 0.2981042654028436 0.029383886255924172 0.052132701421800945
6 0.5720379146919431 0.2862559241706161 0.04265402843601896 0.05023696682464455
6 0.6023696682464454 0.26872037914691943 0.04454976303317536 0.05402843601895735
8 0.4990521327014218 0.5184834123222749 0.061611374407582936 0.06255924170616113
8 0.4900473933649289 0.5701421800947867 0.07109004739336493 0.07298578199052133
9 0.4767772511848341 0.6213270142180095 0.061611374407582936 0.05687203791469194
8 0.1966824644549763 0.5706161137440758 0.06066350710900474 0.06255924170616113
8 0.21706161137440758 0.6137440758293838 0.06540284360189573 0.06445497630331753
9 0.24123222748815165 0.6549763033175355 0.06255924170616113 0.06066350710900474
9 0.26919431279620853 0.6947867298578199 0.06445497630331753 0.061611374407582936
1 0.45118483412322274 0.695260663507109 0.05308056872037915 0.061611374407582936
0 0.4137440758293839 0.7071090047393365 0.02085308056872038 0.02843601895734597
6 0.3914691943127962 0.7222748815165877 0.034123222748815164 0.058767772511848344
6 0.3639810426540284 0.7260663507109004 0.035071090047393366 0.05971563981042654
6 0.33317535545023697 0.7312796208530805 0.05023696682464455 0.06255924170616113
1 0.2995260663507109 0.718957345971564 0.05687203791469194 0.06350710900473934
8 0.6502369668246446 0.6350710900473934 0.06824644549763033 0.06445497630331753
8 0.6744075829383887 0.6981042654028436 0.06919431279620854 0.07109004739336493
8 0.9625592417061611 0.6052132701421801 0.058767772511848344 0.05971563981042654
9 0.9654028436018958 0.6563981042654028 0.055924170616113746 0.05118483412322275
9 0.9654028436018958 0.6981042654028436 0.06350710900473934 0.04834123222748815
9 0.6933649289099526 0.7488151658767772 0.05781990521327014 0.04834123222748815
1 0.9507109004739337 0.7450236966824645 0.05971563981042654 0.054976303317535544
9 0.7265402843601896 0.7772511848341233 0.05781990521327014 0.04928909952606635
6 0.9308056872037914 0.7966824644549763 0.058767772511848344 0.06729857819905213
6 0.8990521327014218 0.8222748815165877 0.06255924170616113 0.06729857819905213
6 0.8488151658767773 0.8388625592417062 0.06350710900473934 0.07772511848341232
6 0.7985781990521327 0.8383886255924171 0.05687203791469194 0.06540284360189573
1 0.7668246445497631 0.8066350710900474 0.055924170616113746 0.05687203791469194