8 0.34881516587677724 0.18293838862559242 0.08625592417061612 0.08909952606635071
8 0.290521327014218 0.2099526066350711 0.08909952606635071 0.0938388625592417
9 0.24265402843601896 0.23222748815165878 0.054976303317535544 0.06540284360189573
9 0.2014218009478673 0.23696682464454977 0.058767772511848344 0.06540284360189573
1 0.15308056872037915 0.23838862559241705 0.061611374407582936 0.05971563981042654
6 0.11800947867298578 0.22748815165876776 0.04928909952606635 0.04549763033175355
6 0.1004739336492891 0.2104265402843602 0.05118483412322275 0.04265402843601896
6 0.09052132701421801 0.1895734597156398 0.054976303317535544 0.04454976303317536
9 0.6355450236966824 0.2739336492890995 0.052132701421800945 0.07772511848341232
1 0.6748815165876777 0.26255924170616113 0.07014218009478673 0.07677725118483412
6 0.7227488151658767 0.25971563981042656 0.07393364928909953 0.07677725118483412
6 0.7649289099526067 0.271563981042654 0.08530805687203792 0.08246445497630332
8 0.5815165876777251 0.8028436018957346 0.055924170616113746 0.07203791469194312
8 0.542654028436019 0.7890995260663507 0.06540284360189573 0.07393364928909953
8 0.4895734597156398 0.7895734597156399 0.06919431279620854 0.07393364928909953
9 0.44407582938388623 0.7886255924170616 0.05308056872037915 0.05687203791469194
9 0.4052132701421801 0.7900473933649289 0.054976303317535544 0.061611374407582936
1 0.36113744075829385 0.7962085308056872 0.05687203791469194 0.05687203791469194
6 0.32559241706161135 0.8113744075829384 0.052132701421800945 0.05308056872037915
6 0.3033175355450237 0.8445497630331753 0.06350710900473934 0.061611374407582936
9 0.9535545023696682 0.714218009478673 0.05308056872037915 0.05402843601895735
9 0.9796208530805687 0.7436018957345971 0.04075829383886256 0.052132701421800945