8 0.24407582938388625 0.07251184834123223 0.06729857819905213 0.08056872037914692
2 0.1881516587677725 0.061611374407582936 0.061611374407582936 0.07867298578199051
9 0.14312796208530806 0.037914691943127965 0.052132701421800945 0.06635071090047394
9 0.10426540284360189 0.034123222748815164 0.05308056872037915 0.06824644549763033
1 0.058767772511848344 0.027488151658767772 0.058767772511848344 0.054976303317535544
6 0.01848341232227488 0.026540284360189573 0.03696682464454976 0.05308056872037915
3 0.9886255924170616 0.15213270142180094 0.022748815165876776 0.04454976303317536
8 0.6900473933649289 0.25450236966824646 0.07582938388625593 0.05023696682464455
8 0.262085308056872 0.37725118483412323 0.06635071090047394 0.06824644549763033
8 0.26255924170616113 0.43933649289099524 0.06824644549763033 0.07109004739336493
8 0.5502369668246445 0.4549763033175355 0.07203791469194312 0.07298578199052133
8 0.5137440758293839 0.5037914691943128 0.07393364928909953 0.07867298578199051
9 0.4767772511848341 0.5402843601895735 0.052132701421800945 0.05023696682464455
9 0.45545023696682463 0.5729857819905213 0.04834123222748815 0.04834123222748815
9 0.27014218009478674 0.4876777251184834 0.04928909952606635 0.046445497630331754
9 0.2786729857819905 0.5270142180094787 0.04834123222748815 0.04739336492890995
1 0.2943127962085308 0.5658767772511848 0.04454976303317536 0.046445497630331754
1 0.4246445497630332 0.595260663507109 0.043601895734597156 0.04739336492890995
6 0.3938388625592417 0.6009478672985782 0.03886255924170616 0.043601895734597156
6 0.3630331753554502 0.5995260663507109 0.03601895734597156 0.043601895734597156
6 0.3345971563981043 0.5995260663507109 0.03696682464454976 0.04549763033175355
6 0.3180094786729858 0.580568720379147 0.037914691943127965 0.04454976303317536
8 0.7028436018957346 0.7767772511848341 0.0966824644549763 0.07962085308056872
8 0.6981042654028436 0.7085308056872038 0.09289099526066351 0.08341232227488152
9 0.7 0.6511848341232227 0.07582938388625593 0.06255924170616113
9 0.6791469194312796 0.614218009478673 0.06635071090047394 0.06255924170616113
1 0.6663507109004739 0.5682464454976304 0.06540284360189573 0.06635071090047394
6 0.6440758293838863 0.5350710900473934 0.04834123222748815 0.05402843601895735