8 0.5549763033175356 0.13080568720379146 0.04834123222748815 0.08530805687203792
9 0.543127962085308 0.1848341232227488 0.054976303317535544 0.05781990521327014
9 0.5260663507109005 0.22843601895734597 0.05308056872037915 0.05118483412322275
2 0.33838862559241706 0.18104265402843603 0.04928909952606635 0.03981042654028436
1 0.4933649289099526 0.24881516587677724 0.04549763033175355 0.05781990521327014
1 0.35450236966824644 0.2241706161137441 0.04454976303317536 0.05402843601895735
6 0.471563981042654 0.26445497630331755 0.04170616113744076 0.06066350710900474
6 0.4374407582938389 0.26540284360189575 0.03981042654028436 0.058767772511848344
6 0.4042654028436019 0.26018957345971566 0.043601895734597156 0.05781990521327014
6 0.37772511848341234 0.24502369668246446 0.04265402843601896 0.054976303317535544
3 0.3341232227488152 0.13459715639810427 0.025592417061611375 0.029383886255924172
8 0.8208530805687204 0.4895734597156398 0.08341232227488152 0.01990521327014218
1 0.8677725118483413 0.3886255924170616 0.06445497630331753 0.05971563981042654
6 0.9071090047393365 0.35308056872037913 0.04739336492890995 0.04739336492890995
6 0.9582938388625593 0.34786729857819904 0.055924170616113746 0.06540284360189573
6 0.9933649289099526 0.35308056872037913 0.013270142180094787 0.05781990521327014
2 0.04170616113744076 0.5630331753554503 0.058767772511848344 0.07109004739336493
8 0.1843601895734597 0.8502369668246446 0.08341232227488152 0.07867298578199051
8 0.22748815165876776 0.8156398104265403 0.08530805687203792 0.07962085308056872
9 0.26587677725118486 0.7876777251184834 0.06255924170616113 0.05781990521327014
9 0.2900473933649289 0.7502369668246446 0.061611374407582936 0.06066350710900474
1 0.3161137440758294 0.7175355450236967 0.05971563981042654 0.055924170616113746
6 0.33317535545023697 0.6767772511848341 0.058767772511848344 0.05402843601895735
6 0.3303317535545024 0.6260663507109004 0.06635071090047394 0.061611374407582936
6 0.31516587677725116 0.5786729857819906 0.06824644549763033 0.06445497630331753
6 0.27488151658767773 0.5530805687203791 0.052132701421800945 0.05402843601895735
1 0.23270142180094786 0.5379146919431279 0.05402843601895735 0.06066350710900474
9 0.1909952606635071 0.5450236966824644 0.05402843601895735 0.06729857819905213
9 0.14644549763033177 0.547867298578199 0.05023696682464455 0.06255924170616113
7 0.0947867298578199 0.5611374407582939 0.055924170616113746 0.05118483412322275
2 0.7781990521327015 0.8293838862559242 0.058767772511848344 0.07109004739336493
6 0.9924170616113744 0.819431279620853 0.015165876777251185 0.05402843601895735
1 0.9691943127962085 0.8042654028436019 0.05402843601895735 0.06066350710900474
9 0.9274881516587677 0.8113744075829384 0.05402843601895735 0.06729857819905213
9 0.8829383886255924 0.814218009478673 0.05023696682464455 0.06255924170616113
7 0.8312796208530806 0.8274881516587678 0.055924170616113746 0.05118483412322275