8 0.2213270142180095 0.2947867298578199 0.08246445497630332 0.08530805687203792
8 0.4947867298578199 0.35118483412322277 0.08436018957345971 0.08341232227488152
8 0.45639810426540284 0.4090047393364929 0.08341232227488152 0.07488151658767772
8 0.22796208530805687 0.36255924170616116 0.08530805687203792 0.08530805687203792
9 0.4369668246445498 0.45876777251184836 0.06066350710900474 0.055924170616113746
9 0.21800947867298578 0.4213270142180095 0.06350710900473934 0.05687203791469194
9 0.2213270142180095 0.46492890995260666 0.05687203791469194 0.05687203791469194
9 0.41706161137440756 0.4985781990521327 0.052132701421800945 0.05308056872037915
1 0.38436018957345974 0.5222748815165876 0.05023696682464455 0.054976303317535544
1 0.23507109004739338 0.5042654028436019 0.04739336492890995 0.05781990521327014
6 0.35260663507109 0.5251184834123223 0.04928909952606635 0.04928909952606635
6 0.323696682464455 0.5322274881516588 0.04454976303317536 0.035071090047393366
6 0.2900473933649289 0.5279620853080569 0.04549763033175355 0.043601895734597156
6 0.2677725118483412 0.5127962085308057 0.04739336492890995 0.05971563981042654
8 0.7464454976303317 0.11990521327014218 0.06824644549763033 0.06635071090047394
8 0.7222748815165877 0.16635071090047393 0.07488151658767772 0.07677725118483412
9 0.6957345971563981 0.21184834123222748 0.06445497630331753 0.06066350710900474
1 0.6691943127962086 0.27582938388625594 0.018957345971563982 0.06445497630331753
5 0.25355450236966826 0.985781990521327 0.04265402843601896 0.02843601895734597
8 0.1843601895734597 0.9691943127962085 0.09194312796208531 0.061611374407582936
8 0.11232227488151658 0.9767772511848342 0.09004739336492891 0.046445497630331754
9 0.30995260663507107 0.9753554502369668 0.06824644549763033 0.04928909952606635
9 0.36066350710900474 0.9781990521327014 0.05781990521327014 0.043601895734597156
1 0.4071090047393365 0.9838862559241706 0.06350710900473934 0.03222748815165877
8 0.9706161137440759 0.9559241706161138 0.058767772511848344 0.0881516587677725
8 0.9454976303317536 0.9104265402843602 0.08625592417061612 0.08530805687203792
9 0.9165876777251185 0.8582938388625593 0.07582938388625593 0.07203791469194312
9 0.9052132701421801 0.8132701421800947 0.08341232227488152 0.07488151658767772
1 0.8881516587677725 0.762085308056872 0.07393364928909953 0.06350710900473934
6 0.9772511848341232 0.6004739336492891 0.04549763033175355 0.05971563981042654
6 0.9327014218009478 0.6090047393364929 0.08151658767772511 0.07109004739336493
6 0.8966824644549763 0.6530805687203791 0.08246445497630332 0.07393364928909953
6 0.8848341232227488 0.7071090047393365 0.06919431279620854 0.05971563981042654