2 0.05023696682464455 0.16161137440758294 0.08341232227488152 0.08056872037914692
8 0.018957345971563982 0.2080568720379147 0.037914691943127965 0.0976303317535545
8 0.6981042654028436 0.2843601895734597 0.07014218009478673 0.07109004739336493
8 0.7545023696682465 0.2800947867298578 0.07582938388625593 0.08151658767772511
9 0.8023696682464455 0.28672985781990523 0.05023696682464455 0.05971563981042654
9 0.8507109004739336 0.2781990521327014 0.06255924170616113 0.07582938388625593
1 0.8966824644549763 0.26255924170616113 0.06445497630331753 0.06729857819905213
6 0.9303317535545024 0.24502369668246446 0.05687203791469194 0.05308056872037915
6 0.9563981042654028 0.21469194312796208 0.07488151658767772 0.07014218009478673
8 0.14028436018957346 0.5995260663507109 0.08056872037914692 0.08246445497630332
9 0.14312796208530806 0.6511848341232227 0.06255924170616113 0.06066350710900474
9 0.13507109004739337 0.6924170616113744 0.055924170616113746 0.06729857819905213
1 0.11374407582938388 0.7274881516587678 0.046445497630331754 0.06066350710900474
6 0.08246445497630332 0.7511848341232228 0.04549763033175355 0.054976303317535544
6 0.05402843601895735 0.7672985781990521 0.04834123222748815 0.05402843601895735
6 0.01943127962085308 0.7767772511848341 0.03886255924170616 0.05402843601895735
3 0.9881516587677726 0.4976303317535545 0.023696682464454975 0.05687203791469194
3 0.9398104265402843 0.7568720379146919 0.04075829383886256 0.04170616113744076
3 0.904739336492891 0.771563981042654 0.04075829383886256 0.043601895734597156
3 0.7838862559241706 0.70521327014218 0.05402843601895735 0.05687203791469194
3 0.8236966824644549 0.7322274881516587 0.03981042654028436 0.04170616113744076