9 0.16729857819905214 0.22037914691943128 0.07393364928909953 0.06635071090047394
9 0.1815165876777251 0.25924170616113745 0.07109004739336493 0.06445497630331753
9 0.414218009478673 0.26919431279620853 0.07488151658767772 0.07014218009478673
9 0.3962085308056872 0.3028436018957346 0.07677725118483412 0.06824644549763033
1 0.3796208530805687 0.34407582938388626 0.054976303317535544 0.05781990521327014
1 0.1933649289099526 0.3018957345971564 0.052132701421800945 0.052132701421800945
6 0.34360189573459715 0.37203791469194314 0.05402843601895735 0.07867298578199051
6 0.3004739336492891 0.36161137440758295 0.05971563981042654 0.06540284360189573
6 0.25213270142180094 0.34834123222748814 0.05687203791469194 0.06255924170616113
6 0.22322274881516588 0.323696682464455 0.05118483412322275 0.05687203791469194
8 0.7682464454976303 0.5644549763033175 0.08909952606635071 0.0881516587677725
8 0.7995260663507109 0.5056872037914691 0.0909952606635071 0.09289099526066351
9 0.8279620853080568 0.4545023696682464 0.07582938388625593 0.06729857819905213
9 0.8511848341232228 0.4109004739336493 0.08151658767772511 0.06445497630331753
1 0.8800947867298579 0.36824644549763036 0.06635071090047394 0.06445497630331753
6 0.9146919431279621 0.3402843601895735 0.05687203791469194 0.06445497630331753
6 0.9644549763033176 0.33127962085308055 0.06540284360189573 0.07772511848341232
3 0.01800947867298578 0.8682464454976303 0.03601895734597156 0.05118483412322275
9 0.190521327014218 0.9649289099526066 0.07772511848341232 0.07014218009478673
9 0.16018957345971563 0.9270142180094787 0.07203791469194312 0.06635071090047394
1 0.14312796208530806 0.8819905213270142 0.05971563981042654 0.06824644549763033
6 0.06587677725118483 0.842654028436019 0.07298578199052133 0.08530805687203792
6 0.11374407582938388 0.8545023696682464 0.054976303317535544 0.05971563981042654