8 0.3805687203791469 0.41753554502369666 0.07298578199052133 0.06350710900473934
2 0.4099526066350711 0.3687203791469194 0.07298578199052133 0.07488151658767772
8 0.6663507109004739 0.42274881516587676 0.07014218009478673 0.05308056872037915
9 0.6606635071090048 0.3853080568720379 0.05687203791469194 0.05023696682464455
9 0.6516587677725119 0.3459715639810427 0.04928909952606635 0.04928909952606635
9 0.44075829383886256 0.3298578199052133 0.052132701421800945 0.05308056872037915
9 0.4658767772511848 0.3004739336492891 0.04928909952606635 0.04549763033175355
1 0.6345971563981042 0.3127962085308057 0.046445497630331754 0.05023696682464455
1 0.4943127962085308 0.27582938388625594 0.04454976303317536 0.052132701421800945
6 0.5284360189573459 0.26966824644549764 0.04075829383886256 0.04928909952606635
6 0.557345971563981 0.26492890995260665 0.04075829383886256 0.054976303317535544
6 0.5838862559241706 0.27677725118483415 0.04075829383886256 0.04928909952606635
6 0.6156398104265403 0.28720379146919434 0.037914691943127965 0.05118483412322275
6 0.2672985781990521 0.9341232227488152 0.024644549763033177 0.06350710900473934
1 0.23744075829383887 0.9213270142180094 0.04549763033175355 0.06824644549763033
9 0.21469194312796208 0.8919431279620853 0.04549763033175355 0.04739336492890995
2 0.5165876777251185 0.7976303317535545 0.07014218009478673 0.08246445497630332
2 0.5654028436018957 0.7658767772511849 0.07488151658767772 0.08720379146919431
9 0.604739336492891 0.7350710900473933 0.06729857819905213 0.06919431279620854
2 0.747867298578199 0.985781990521327 0.07772511848341232 0.02843601895734597
2 0.79478672985782 0.918957345971564 0.05687203791469194 0.04265402843601896
3 0.7729857819905214 0.9549763033175356 0.037914691943127965 0.03886255924170616
5 0.8113744075829384 0.8824644549763033 0.03601895734597156 0.034123222748815164
1 0.8265402843601896 0.8473933649289099 0.06919431279620854 0.05971563981042654
1 0.6819905213270142 0.7118483412322275 0.06066350710900474 0.06919431279620854
6 0.7293838862559242 0.70521327014218 0.05687203791469194 0.06445497630331753
6 0.7767772511848341 0.7241706161137441 0.061611374407582936 0.06729857819905213
6 0.814218009478673 0.7582938388625592 0.06255924170616113 0.06919431279620854
6 0.8260663507109005 0.8004739336492891 0.055924170616113746 0.054976303317535544