9 0.2071090047393365 0.13696682464454976 0.06540284360189573 0.05971563981042654
9 0.1876777251184834 0.0966824644549763 0.06729857819905213 0.058767772511848344
1 0.16635071090047393 0.057345971563981045 0.05781990521327014 0.05971563981042654
6 0.12654028436018958 0.03838862559241706 0.052132701421800945 0.05118483412322275
3 0.08767772511848342 0.04928909952606635 0.04170616113744076 0.043601895734597156
6 0.03981042654028436 0.045023696682464455 0.05971563981042654 0.05402843601895735
6 0.013744075829383886 0.06492890995260664 0.027488151658767772 0.05023696682464455
6 0.8971563981042654 0.37725118483412323 0.07298578199052133 0.08909952606635071
6 0.8473933649289099 0.3900473933649289 0.07772511848341232 0.0966824644549763
6 0.8066350710900474 0.3985781990521327 0.06635071090047394 0.09194312796208531
6 0.9317535545023696 0.37867298578199055 0.06919431279620854 0.08625592417061612
1 0.7687203791469195 0.4203791469194313 0.07014218009478673 0.07867298578199051
1 0.9677725118483412 0.3862559241706161 0.06445497630331753 0.08436018957345971
9 0.7545023696682465 0.43886255924170614 0.07962085308056872 0.04170616113744076
9 0.9800947867298578 0.409478672985782 0.03981042654028436 0.08341232227488152
3 0.02037914691943128 0.9023696682464455 0.04075829383886256 0.04549763033175355
3 0.5274881516587677 0.8734597156398104 0.04265402843601896 0.04170616113744076
3 0.7748815165876777 0.7099526066350711 0.04170616113744076 0.043601895734597156
3 0.790521327014218 0.7635071090047393 0.04075829383886256 0.04170616113744076
5 0.5535545023696683 0.9014218009478673 0.04549763033175355 0.04454976303317536
9 0.8061611374407583 0.7990521327014218 0.06350710900473934 0.05781990521327014
9 0.6075829383886255 0.9293838862559242 0.06540284360189573 0.06729857819905213
9 0.6417061611374407 0.9606635071090047 0.061611374407582936 0.06255924170616113
9 0.8180094786729858 0.8402843601895734 0.05971563981042654 0.05687203791469194
1 0.8104265402843602 0.8805687203791469 0.05971563981042654 0.058767772511848344
1 0.6834123222748815 0.9658767772511848 0.05687203791469194 0.06350710900473934
6 0.7246445497630332 0.957345971563981 0.052132701421800945 0.05308056872037915
6 0.7516587677725118 0.9516587677725118 0.054976303317535544 0.061611374407582936
6 0.7781990521327015 0.9393364928909953 0.05687203791469194 0.06350710900473934
6 0.8028436018957346 0.9123222748815166 0.058767772511848344 0.05687203791469194