8 0.35165876777251187 0.1009478672985782 0.07109004739336493 0.07867298578199051
9 0.4018957345971564 0.0924170616113744 0.04739336492890995 0.06255924170616113
9 0.44407582938388623 0.0962085308056872 0.05023696682464455 0.06729857819905213
7 0.28672985781990523 0.11421800947867299 0.05781990521327014 0.06635071090047394
8 0.54739336492891 0.016587677725118485 0.09004739336492891 0.03317535545023697
8 0.5203791469194313 0.05071090047393365 0.0985781990521327 0.08246445497630332
9 0.5056872037914691 0.1018957345971564 0.07298578199052133 0.055924170616113746
8 0.8374407582938389 0.1938388625592417 0.07488151658767772 0.07298578199052133
8 0.7990521327014218 0.22843601895734597 0.09194312796208531 0.09289099526066351
9 0.7658767772511849 0.26445497630331755 0.06540284360189573 0.07014218009478673
9 0.723696682464455 0.2966824644549763 0.07962085308056872 0.08720379146919431
9 0.5023696682464455 0.16587677725118483 0.06635071090047394 0.07962085308056872
1 0.5014218009478673 0.22701421800947869 0.06445497630331753 0.08056872037914692
1 0.6729857819905213 0.323696682464455 0.06729857819905213 0.0909952606635071
6 0.6232227488151659 0.3298578199052133 0.05687203791469194 0.07298578199052133
6 0.5753554502369668 0.3303317535545024 0.07014218009478673 0.07109004739336493
6 0.5260663507109005 0.3127962085308057 0.07014218009478673 0.07677725118483412
6 0.4909952606635071 0.2777251184834123 0.043601895734597156 0.06635071090047394
9 0.6208530805687204 0.7232227488151659 0.05781990521327014 0.06255924170616113
1 0.6829383886255924 0.7270142180094786 0.04928909952606635 0.055924170616113746
6 0.7265402843601896 0.7331753554502369 0.046445497630331754 0.05781990521327014
6 0.7587677725118483 0.752132701421801 0.05023696682464455 0.054976303317535544
6 0.7777251184834123 0.776303317535545 0.052132701421800945 0.05687203791469194
7 0.4985781990521327 0.7540284360189573 0.058767772511848344 0.04834123222748815
7 0.5592417061611374 0.737914691943128 0.07014218009478673 0.06919431279620854