8 0.05829383886255924 0.4184834123222749 0.07203791469194312 0.07393364928909953
8 0.05924170616113744 0.35023696682464456 0.07203791469194312 0.07962085308056872
9 0.054502369668246446 0.2995260663507109 0.05687203791469194 0.05023696682464455
9 0.04597156398104266 0.26018957345971566 0.05023696682464455 0.05023696682464455
1 0.029383886255924172 0.22654028436018958 0.046445497630331754 0.05023696682464455
6 0.015165876777251185 0.2 0.03033175355450237 0.05118483412322275
3 0.5033175355450237 0.15355450236966825 0.03601895734597156 0.03981042654028436
6 0.5545023696682464 0.15308056872037915 0.06635071090047394 0.061611374407582936
6 0.6014218009478673 0.17061611374407584 0.05687203791469194 0.05781990521327014
1 0.638388625592417 0.19478672985781992 0.06066350710900474 0.06635071090047394
6 0.4545023696682464 0.15450236966824646 0.054976303317535544 0.05402843601895735
1 0.41753554502369666 0.17251184834123223 0.06066350710900474 0.06255924170616113
9 0.39478672985781993 0.20853080568720378 0.07109004739336493 0.06350710900473934
9 0.657345971563981 0.23175355450236967 0.07298578199052133 0.06824644549763033
3 0.7279620853080568 0.8345971563981043 0.05118483412322275 0.046445497630331754
8 0.6530805687203791 0.8407582938388626 0.0947867298578199 0.09194312796208531
9 0.5924170616113744 0.8554502369668247 0.058767772511848344 0.058767772511848344
9 0.5507109004739337 0.8639810426540284 0.06255924170616113 0.061611374407582936
1 0.5028436018957346 0.8606635071090047 0.054976303317535544 0.052132701421800945
6 0.47393364928909953 0.8421800947867298 0.05118483412322275 0.043601895734597156
6 0.45734597156398105 0.8175355450236966 0.052132701421800945 0.04454976303317536
6 0.43838862559241704 0.79478672985782 0.06919431279620854 0.037914691943127965