8 0.035071090047393366 0.2066350710900474 0.07014218009478673 0.0985781990521327
9 0.08388625592417062 0.2127962085308057 0.07109004739336493 0.0938388625592417
9 0.13364928909952606 0.21516587677725119 0.06919431279620854 0.08341232227488152
1 0.1876777251184834 0.22227488151658767 0.06540284360189573 0.07014218009478673
6 0.22890995260663508 0.24218009478672986 0.06445497630331753 0.06445497630331753
6 0.25687203791469193 0.2720379146919431 0.08151658767772511 0.07488151658767772
8 0.8976303317535546 0.21469194312796208 0.0976303317535545 0.1023696682464455
8 0.8308056872037914 0.23270142180094786 0.1061611374407583 0.11090047393364928
9 0.5928909952606635 0.03744075829383886 0.0881516587677725 0.07488151658767772
9 0.7781990521327015 0.24312796208530807 0.07203791469194312 0.08341232227488152
9 0.7317535545023697 0.24454976303317535 0.07867298578199051 0.0881516587677725
1 0.6758293838862559 0.24502369668246446 0.07393364928909953 0.07582938388625593
1 0.566350710900474 0.07488151658767772 0.08246445497630332 0.07014218009478673
6 0.5549763033175356 0.12274881516587678 0.07393364928909953 0.06635071090047394
6 0.5606635071090047 0.16919431279620853 0.08246445497630332 0.06919431279620854
6 0.5819905213270142 0.20900473933649288 0.06635071090047394 0.07109004739336493
6 0.6222748815165877 0.23412322274881517 0.06919431279620854 0.07393364928909953
3 0.6260663507109004 0.011374407582938388 0.04834123222748815 0.022748815165876776
8 0.05639810426540284 0.6625592417061611 0.09289099526066351 0.0985781990521327
8 0.035545023696682464 0.7298578199052133 0.07109004739336493 0.08151658767772511
9 0.027014218009478674 0.7848341232227488 0.05402843601895735 0.07014218009478673
3 0.31563981042654027 0.9014218009478673 0.04739336492890995 0.06066350710900474
3 0.2213270142180095 0.9398104265402843 0.04454976303317536 0.052132701421800945
3 0.17014218009478674 0.95260663507109 0.03886255924170616 0.04454976303317536
1 0.11753554502369669 0.9635071090047393 0.061611374407582936 0.06729857819905213
9 0.017061611374407582 0.8317535545023697 0.034123222748815164 0.06540284360189573
1 0.01990521327014218 0.875829383886256 0.03981042654028436 0.06824644549763033
6 0.07298578199052133 0.9654028436018958 0.05402843601895735 0.061611374407582936
6 0.04597156398104266 0.9469194312796209 0.052132701421800945 0.06824644549763033
6 0.025592417061611375 0.9293838862559242 0.05118483412322275 0.06540284360189573
6 0.01990521327014218 0.9080568720379147 0.03981042654028436 0.06445497630331753
3 0.718957345971564 0.6838862559241706 0.04075829383886256 0.04075829383886256
3 0.6417061611374407 0.7454976303317535 0.03696682464454976 0.03601895734597156
3 0.6056872037914692 0.7691943127962085 0.03601895734597156 0.035071090047393366
4 0.5672985781990522 0.7843601895734598 0.03981042654028436 0.03886255924170616
4 0.4919431279620853 0.7687203791469195 0.04075829383886256 0.037914691943127965
3 0.46161137440758293 0.7483412322274882 0.034123222748815164 0.03601895734597156
3 0.44075829383886256 0.7090047393364929 0.03601895734597156 0.03696682464454976