8 0.25971563981042656 0.15402843601895735 0.07488151658767772 0.07488151658767772
9 0.3957345971563981 0.1981042654028436 0.054976303317535544 0.052132701421800945
8 0.30947867298578197 0.4255924170616114 0.06540284360189573 0.06540284360189573
9 0.35355450236966823 0.4127962085308057 0.058767772511848344 0.061611374407582936
9 0.38909952606635073 0.395260663507109 0.055924170616113746 0.052132701421800945
1 0.4203791469194313 0.3753554502369668 0.052132701421800945 0.04928909952606635
1 0.43033175355450237 0.22890995260663508 0.05402843601895735 0.05118483412322275
6 0.43981042654028435 0.25924170616113745 0.03981042654028436 0.04265402843601896
6 0.43981042654028435 0.32085308056872036 0.03981042654028436 0.03886255924170616
6 0.43412322274881515 0.35071090047393366 0.05118483412322275 0.04170616113744076
6 0.442654028436019 0.2900473933649289 0.034123222748815164 0.037914691943127965
8 0.5881516587677725 0.010900473933649289 0.0995260663507109 0.021800947867298578
9 0.5672985781990522 0.031279620853080566 0.08436018957345971 0.05781990521327014
8 0.9023696682464455 0.12938388625592417 0.07582938388625593 0.07393364928909953
8 0.8635071090047394 0.16350710900473933 0.09289099526066351 0.0938388625592417
9 0.8298578199052132 0.1985781990521327 0.06635071090047394 0.07109004739336493
9 0.7867298578199052 0.23033175355450236 0.08151658767772511 0.08909952606635071
9 0.5530805687203791 0.09573459715639811 0.0966824644549763 0.08151658767772511
1 0.5526066350710901 0.15592417061611374 0.09289099526066351 0.08151658767772511
1 0.7360189573459716 0.2559241706161137 0.06919431279620854 0.09194312796208531
6 0.685781990521327 0.2611374407582938 0.05781990521327014 0.07393364928909953
6 0.638388625592417 0.2611374407582938 0.07109004739336493 0.07203791469194312
6 0.5890995260663507 0.24265402843601896 0.07203791469194312 0.07772511848341232
6 0.5492890995260663 0.2066350710900474 0.055924170616113746 0.06729857819905213
3 0.38293838862559243 0.6616113744075829 0.04265402843601896 0.043601895734597156
3 0.3355450236966825 0.6720379146919432 0.04265402843601896 0.043601895734597156
9 0.2829383886255924 0.6763033175355451 0.06729857819905213 0.08436018957345971
9 0.23412322274881517 0.671090047393365 0.06255924170616113 0.08056872037914692
1 0.190521327014218 0.662085308056872 0.05971563981042654 0.06445497630331753
6 0.16066350710900473 0.6431279620853081 0.05971563981042654 0.052132701421800945
6 0.13554502369668248 0.6151658767772512 0.06066350710900474 0.05023696682464455
6 0.12559241706161137 0.580568720379147 0.06066350710900474 0.05023696682464455
3 0.6890995260663507 0.6938388625592417 0.043601895734597156 0.04549763033175355
8 0.6123222748815166 0.6824644549763034 0.08246445497630332 0.07867298578199051
9 0.556872037914692 0.680568720379147 0.05118483412322275 0.07014218009478673
9 0.5161137440758294 0.6696682464454976 0.05402843601895735 0.06445497630331753
1 0.4838862559241706 0.6682464454976303 0.04834123222748815 0.058767772511848344
6 0.47535545023696685 0.704739336492891 0.031279620853080566 0.04265402843601896