8 0.1943127962085308 0.4909952606635071 0.07772511848341232 0.09573459715639811
3 0.23601895734597156 0.4890995260663507 0.04549763033175355 0.04265402843601896
9 0.27109004739336495 0.42938388625592416 0.06540284360189573 0.07298578199052133
9 0.3061611374407583 0.4042654028436019 0.06635071090047394 0.06445497630331753
3 0.4767772511848341 0.6706161137440758 0.05118483412322275 0.046445497630331754
3 0.4938388625592417 0.6180094786729858 0.046445497630331754 0.04265402843601896
9 0.5156398104265403 0.5649289099526066 0.07203791469194312 0.06350710900473934
9 0.5161137440758294 0.5222748815165876 0.06824644549763033 0.055924170616113746
1 0.34265402843601894 0.3872037914691943 0.05781990521327014 0.06729857819905213
1 0.5199052132701422 0.4772511848341232 0.05971563981042654 0.06066350710900474
6 0.43317535545023694 0.3909952606635071 0.06445497630331753 0.06729857819905213
6 0.4791469194312796 0.409478672985782 0.06350710900473934 0.07393364928909953
6 0.5085308056872038 0.43981042654028435 0.05402843601895735 0.058767772511848344
6 0.3848341232227488 0.38436018957345974 0.052132701421800945 0.058767772511848344
4 0.1985781990521327 0.8236966824644549 0.04739336492890995 0.04549763033175355
4 0.1791469194312796 0.9203791469194312 0.04265402843601896 0.043601895734597156
4 0.17725118483412322 0.976303317535545 0.04075829383886256 0.043601895734597156
3 0.4872037914691943 0.904739336492891 0.04265402843601896 0.04454976303317536
4 0.45213270142180095 0.9853080568720379 0.04928909952606635 0.029383886255924172
8 0.8203791469194313 0.8682464454976303 0.08625592417061612 0.08341232227488152
8 0.8165876777251185 0.9374407582938389 0.0938388625592417 0.08530805687203792
9 0.8161137440758294 0.9805687203791469 0.07014218009478673 0.03886255924170616