9 0.4364928909952607 0.02085308056872038 0.052132701421800945 0.04170616113744076
9 0.2156398104265403 0.012796208530805687 0.05402843601895735 0.025592417061611375
9 0.23222748815165878 0.036492890995260666 0.04928909952606635 0.052132701421800945
1 0.4109004739336493 0.042180094786729856 0.04739336492890995 0.06066350710900474
1 0.2616113744075829 0.05687203791469194 0.04834123222748815 0.06066350710900474
6 0.38436018957345974 0.061611374407582936 0.043601895734597156 0.058767772511848344
6 0.352132701421801 0.07440758293838863 0.04075829383886256 0.06350710900473934
6 0.3251184834123223 0.07203791469194312 0.04170616113744076 0.06066350710900474
6 0.2971563981042654 0.06682464454976303 0.043601895734597156 0.054976303317535544
3 0.9611374407582939 0.08578199052132701 0.04739336492890995 0.03981042654028436
3 0.9127962085308057 0.0990521327014218 0.04928909952606635 0.04075829383886256
3 0.8658767772511848 0.11232227488151658 0.04454976303317536 0.03981042654028436
3 0.8279620853080568 0.12843601895734597 0.03886255924170616 0.034123222748815164
3 0.790521327014218 0.14218009478672985 0.03886255924170616 0.03601895734597156
3 0.7218009478672985 0.15924170616113745 0.037914691943127965 0.03222748815165877
3 0.6549763033175355 0.1791469194312796 0.07582938388625593 0.08720379146919431
3 0.7568720379146919 0.2919431279620853 0.05781990521327014 0.061611374407582936
3 0.7156398104265402 0.27677725118483415 0.055924170616113746 0.05687203791469194
3 0.6933649289099526 0.26587677725118486 0.046445497630331754 0.05023696682464455
8 0.1995260663507109 0.5379146919431279 0.08436018957345971 0.06919431279620854
8 0.1933649289099526 0.5928909952606635 0.09004739336492891 0.07298578199052133
9 0.19194312796208532 0.6412322274881517 0.07203791469194312 0.05971563981042654
9 0.176303317535545 0.6862559241706161 0.07677725118483412 0.061611374407582936
1 0.15687203791469195 0.7298578199052133 0.06445497630331753 0.06066350710900474
6 0.13222748815165877 0.7511848341232228 0.05402843601895735 0.04928909952606635
6 0.09194312796208531 0.7682464454976303 0.06635071090047394 0.05781990521327014
6 0.03886255924170616 0.7734597156398104 0.06635071090047394 0.06445497630331753
6 0.01800947867298578 0.7530805687203791 0.03601895734597156 0.06919431279620854
3 0.8535545023696682 0.6587677725118484 0.04170616113744076 0.04454976303317536
6 0.8137440758293839 0.6938388625592417 0.06255924170616113 0.07298578199052133
6 0.7663507109004739 0.685781990521327 0.054976303317535544 0.06635071090047394
6 0.8990521327014218 0.6663507109004739 0.05687203791469194 0.07014218009478673
1 0.7184834123222749 0.6734597156398104 0.05781990521327014 0.06729857819905213
1 0.9156398104265403 0.6279620853080569 0.05781990521327014 0.05971563981042654
9 0.6909952606635071 0.6355450236966824 0.06919431279620854 0.06540284360189573
9 0.9260663507109005 0.5890995260663507 0.07014218009478673 0.06255924170616113
9 0.9393364928909953 0.5497630331753555 0.07109004739336493 0.06255924170616113