4 0.25734597156398104 0.05545023696682464 0.04454976303317536 0.046445497630331754
4 0.2796208530805687 0.12274881516587678 0.04454976303317536 0.043601895734597156
0 0.3971563981042654 0.26018957345971566 0.03886255924170616 0.055924170616113746
0 0.36161137440758295 0.24123222748815165 0.03886255924170616 0.04834123222748815
0 0.33270142180094786 0.209478672985782 0.03601895734597156 0.043601895734597156
8 0.8687203791469195 0.23270142180094786 0.08530805687203792 0.08720379146919431
8 0.8042654028436019 0.21469194312796208 0.08151658767772511 0.08720379146919431
9 0.7582938388625592 0.19146919431279621 0.05308056872037915 0.06255924170616113
9 0.7170616113744076 0.17962085308056872 0.055924170616113746 0.061611374407582936
1 0.6786729857819905 0.18056872037914692 0.061611374407582936 0.05971563981042654
6 0.6464454976303318 0.2052132701421801 0.061611374407582936 0.043601895734597156
6 0.6170616113744076 0.2123222748815166 0.03981042654028436 0.037914691943127965
3 0.23933649289099526 0.8753554502369668 0.05308056872037915 0.05118483412322275
2 0.20853080568720378 0.9161137440758294 0.04834123222748815 0.055924170616113746
9 0.17962085308056872 0.9540284360189574 0.06635071090047394 0.07203791469194312
1 0.14549763033175356 0.9734597156398104 0.05781990521327014 0.05308056872037915
6 0.017061611374407582 0.9492890995260663 0.034123222748815164 0.05402843601895735
6 0.04265402843601896 0.9635071090047393 0.04834123222748815 0.05971563981042654
6 0.07725118483412323 0.9706161137440759 0.05118483412322275 0.05687203791469194
6 0.11042654028436019 0.9767772511848342 0.046445497630331754 0.046445497630331754
8 0.723696682464455 0.8208530805687204 0.08720379146919431 0.09573459715639811
3 0.7729857819905214 0.8677725118483413 0.04739336492890995 0.04549763033175355
9 0.8412322274881516 0.8687203791469195 0.06635071090047394 0.08151658767772511
9 0.885781990521327 0.8862559241706162 0.06445497630331753 0.08246445497630332
1 0.9241706161137441 0.9184834123222749 0.07109004739336493 0.06824644549763033
6 0.956872037914692 0.9033175355450237 0.06635071090047394 0.06066350710900474
6 0.9800947867298578 0.8928909952606635 0.03981042654028436 0.07203791469194312