6 0.49146919431279623 0.025118483412322274 0.04170616113744076 0.04549763033175355
6 0.4611374407582938 0.030805687203791468 0.04170616113744076 0.04834123222748815
6 0.5270142180094787 0.029383886255924172 0.04454976303317536 0.046445497630331754
6 0.4270142180094787 0.02085308056872038 0.046445497630331754 0.04170616113744076
1 0.3957345971563981 0.02843601895734597 0.05118483412322275 0.055924170616113746
1 0.5545023696682464 0.04691943127962085 0.04739336492890995 0.05687203791469194
9 0.376303317535545 0.06018957345971564 0.05402843601895735 0.05402843601895735
9 0.36824644549763036 0.0867298578199052 0.058767772511848344 0.04834123222748815
9 0.5720379146919431 0.07725118483412323 0.05402843601895735 0.055924170616113746
9 0.5710900473933649 0.10284360189573459 0.05687203791469194 0.04739336492890995
8 0.5815165876777251 0.4843601895734597 0.08246445497630332 0.03033175355450237
9 0.5924170616113744 0.5251184834123223 0.06255924170616113 0.06066350710900474
9 0.6028436018957346 0.566824644549763 0.04739336492890995 0.054976303317535544
1 0.6327014218009479 0.595260663507109 0.04454976303317536 0.04928909952606635
6 0.6630331753554503 0.6246445497630332 0.04075829383886256 0.05402843601895735
6 0.6957345971563981 0.6312796208530805 0.03222748815165877 0.04454976303317536
6 0.7322274881516587 0.6402843601895735 0.04075829383886256 0.04739336492890995
6 0.7658767772511849 0.6345971563981042 0.04549763033175355 0.04928909952606635
1 0.8009478672985783 0.6208530805687204 0.04928909952606635 0.058767772511848344
9 0.8312796208530806 0.5914691943127962 0.052132701421800945 0.05687203791469194
3 0.8459715639810427 0.5511848341232227 0.03317535545023697 0.034123222748815164
3 0.8957345971563981 0.5033175355450237 0.03317535545023697 0.035071090047393366