4 0.14881516587677726 0.01848341232227488 0.043601895734597156 0.03696682464454976
4 0.17393364928909952 0.08104265402843602 0.043601895734597156 0.04265402843601896
9 0.43033175355450237 0.14028436018957346 0.037914691943127965 0.06445497630331753
9 0.41706161137440756 0.17677725118483412 0.06445497630331753 0.06540284360189573
0 0.3706161137440758 0.20900473933649288 0.04170616113744076 0.05971563981042654
0 0.2957345971563981 0.21421800947867298 0.03696682464454976 0.055924170616113746
0 0.25971563981042656 0.1966824644549763 0.03696682464454976 0.04739336492890995
0 0.22938388625592418 0.16587677725118483 0.035071090047393366 0.043601895734597156
8 0.6592417061611374 0.13459715639810427 0.0938388625592417 0.1052132701421801
9 0.7099526066350711 0.10568720379146919 0.06635071090047394 0.07014218009478673
9 0.75260663507109 0.1009478672985782 0.07298578199052133 0.07772511848341232
9 0.9578199052132701 0.2777251184834123 0.08436018957345971 0.07014218009478673
9 0.9644549763033176 0.23981042654028437 0.07109004739336493 0.06445497630331753
1 0.9687203791469194 0.2023696682464455 0.06255924170616113 0.05971563981042654
5 0.8052132701421801 0.1066350710900474 0.04170616113744076 0.043601895734597156
5 0.8777251184834123 0.11895734597156397 0.04170616113744076 0.04739336492890995
5 0.9398104265402843 0.17962085308056872 0.043601895734597156 0.04739336492890995
9 0.02085308056872038 0.833175355450237 0.04170616113744076 0.06255924170616113
2 0.17440758293838862 0.9748815165876777 0.05023696682464455 0.04454976303317536
2 0.16966824644549763 0.933175355450237 0.061611374407582936 0.05402843601895735
1 0.05829383886255924 0.8308056872037914 0.061611374407582936 0.07393364928909953
6 0.0895734597156398 0.8473933649289099 0.05308056872037915 0.06066350710900474
6 0.12559241706161137 0.8573459715639811 0.054976303317535544 0.06635071090047394
6 0.15165876777251186 0.875829383886256 0.05402843601895735 0.06066350710900474
6 0.15971563981042655 0.8976303317535546 0.06066350710900474 0.06824644549763033
9 0.45639810426540284 0.6274881516587678 0.014218009478672985 0.06445497630331753
9 0.466824644549763 0.6682464454976303 0.035071090047393366 0.05687203791469194
6 0.4919431279620853 0.7028436018957346 0.05308056872037915 0.06729857819905213
6 0.5203791469194313 0.7322274881516587 0.04928909952606635 0.06824644549763033
6 0.5582938388625592 0.7469194312796209 0.046445497630331754 0.07298578199052133
6 0.624170616113744 0.7421800947867299 0.04928909952606635 0.07298578199052133
6 0.6654028436018957 0.7232227488151659 0.06255924170616113 0.07582938388625593
9 0.6981042654028436 0.7 0.05781990521327014 0.05402843601895735
9 0.7146919431279621 0.656872037914692 0.06350710900473934 0.061611374407582936
0 0.5909952606635072 0.7255924170616114 0.03886255924170616 0.06635071090047394