4 0.19478672985781992 0.28720379146919434 0.035071090047393366 0.03601895734597156
4 0.24407582938388625 0.3184834123222749 0.03033175355450237 0.03033175355450237
9 0.2777251184834123 0.33838862559241706 0.05118483412322275 0.05308056872037915
1 0.32180094786729857 0.34976303317535545 0.05023696682464455 0.052132701421800945
6 0.35687203791469196 0.34502369668246446 0.05023696682464455 0.04075829383886256
6 0.3815165876777251 0.328436018957346 0.03696682464454976 0.03696682464454976
8 0.41232227488151657 0.35355450236966823 0.024644549763033177 0.06255924170616113
8 0.4199052132701422 0.3009478672985782 0.03981042654028436 0.07109004739336493
9 0.42417061611374407 0.24881516587677724 0.04834123222748815 0.055924170616113746
9 0.42985781990521327 0.20900473933649288 0.05971563981042654 0.055924170616113746
8 0.7151658767772512 0.35260663507109 0.07298578199052133 0.06445497630331753
8 0.7071090047393365 0.3004739336492891 0.07772511848341232 0.07488151658767772
9 0.6914691943127962 0.25402843601895736 0.07203791469194312 0.055924170616113746
9 0.6777251184834123 0.21658767772511847 0.06919431279620854 0.06066350710900474
1 0.4431279620853081 0.16445497630331754 0.06540284360189573 0.06255924170616113
1 0.6578199052132702 0.176303317535545 0.06445497630331753 0.07109004739336493
6 0.5284360189573459 0.13838862559241707 0.06255924170616113 0.07867298578199051
6 0.5843601895734597 0.13981042654028436 0.06255924170616113 0.07772511848341232
6 0.6293838862559241 0.15023696682464455 0.04834123222748815 0.06635071090047394
6 0.48530805687203793 0.15023696682464455 0.05781990521327014 0.07488151658767772
3 0.7672985781990521 0.685781990521327 0.03317535545023697 0.012322274881516588
3 0.7364928909952607 0.70521327014218 0.03222748815165877 0.031279620853080566
4 0.7004739336492891 0.7260663507109004 0.035071090047393366 0.034123222748815164
4 0.624170616113744 0.7227488151658767 0.03601895734597156 0.03317535545023697
3 0.5909952606635072 0.7071090047393365 0.029383886255924172 0.03222748815165877
3 0.5639810426540285 0.6838862559241706 0.03222748815165877 0.008530805687203791