8 0.013744075829383886 0.08530805687203792 0.027488151658767772 0.07393364928909953
2 0.04265402843601896 0.11516587677725118 0.05971563981042654 0.06445497630331753
8 0.09146919431279621 0.12322274881516587 0.05402843601895735 0.054976303317535544
2 0.13222748815165877 0.14454976303317535 0.03886255924170616 0.05118483412322275
9 0.17251184834123223 0.14834123222748816 0.04739336492890995 0.05118483412322275
1 0.21706161137440758 0.14834123222748816 0.04928909952606635 0.05402843601895735
6 0.25165876777251184 0.13459715639810427 0.04739336492890995 0.04170616113744076
6 0.2786729857819905 0.11753554502369669 0.04549763033175355 0.04075829383886256
6 0.2985781990521327 0.0895734597156398 0.04834123222748815 0.03981042654028436
2 0.690521327014218 0.2720379146919431 0.05971563981042654 0.04739336492890995
2 0.709478672985782 0.3123222748815166 0.05402843601895735 0.03981042654028436
2 0.7298578199052133 0.3578199052132701 0.03981042654028436 0.043601895734597156
2 0.7611374407582938 0.37867298578199055 0.035071090047393366 0.04739336492890995
8 0.9781990521327014 0.23696682464454977 0.043601895734597156 0.1023696682464455
9 0.9753554502369668 0.2909952606635071 0.04928909952606635 0.08341232227488152
9 0.9639810426540284 0.3350710900473934 0.07203791469194312 0.08246445497630332
2 0.9317535545023696 0.36635071090047394 0.043601895734597156 0.06066350710900474
6 0.9071090047393365 0.4056872037914692 0.05023696682464455 0.08909952606635071
6 0.8587677725118483 0.4090047393364929 0.07014218009478673 0.11848341232227488
6 0.7976303317535545 0.4099526066350711 0.07298578199052133 0.09573459715639811
4 0.6957345971563981 0.21421800947867298 0.03601895734597156 0.03886255924170616
8 0.22938388625592418 0.6824644549763034 0.07298578199052133 0.08151658767772511
8 0.26587677725118486 0.7459715639810427 0.07677725118483412 0.08151658767772511
8 0.5383886255924171 0.6066350710900474 0.022748815165876776 0.07393364928909953
8 0.533175355450237 0.6777251184834123 0.03317535545023697 0.07772511848341232
9 0.5312796208530806 0.7345971563981043 0.03696682464454976 0.05118483412322275
9 0.5289099526066351 0.7781990521327015 0.04170616113744076 0.04739336492890995
1 0.5218009478672986 0.8180094786729858 0.052132701421800945 0.052132701421800945
6 0.4990521327014218 0.8459715639810427 0.054976303317535544 0.05687203791469194
6 0.46872037914691944 0.8644549763033176 0.03886255924170616 0.05781990521327014
6 0.43033175355450237 0.871563981042654 0.04454976303317536 0.061611374407582936
6 0.3933649289099526 0.8672985781990521 0.04170616113744076 0.05402843601895735
1 0.3578199052132701 0.8530805687203792 0.043601895734597156 0.05308056872037915
9 0.32796208530805687 0.8227488151658767 0.054976303317535544 0.058767772511848344
9 0.3014218009478673 0.7890995260663507 0.05781990521327014 0.061611374407582936
2 0.6090047393364929 0.8454976303317535 0.05971563981042654 0.04739336492890995
2 0.6279620853080569 0.885781990521327 0.05402843601895735 0.03981042654028436
2 0.6483412322274882 0.9312796208530806 0.03981042654028436 0.043601895734597156
2 0.6796208530805687 0.952132701421801 0.035071090047393366 0.04739336492890995
8 0.9241706161137441 0.8104265402843602 0.0976303317535545 0.1023696682464455
9 0.909952606635071 0.8644549763033176 0.08151658767772511 0.08341232227488152
9 0.8872037914691943 0.9090047393364928 0.08056872037914692 0.08246445497630332
2 0.8502369668246446 0.9398104265402843 0.043601895734597156 0.06066350710900474
6 0.8251184834123223 0.9672985781990522 0.05023696682464455 0.06540284360189573
6 0.7772511848341233 0.9616113744075829 0.07014218009478673 0.07677725118483412
6 0.7161137440758294 0.9677725118483412 0.07298578199052133 0.06445497630331753
4 0.614218009478673 0.7876777251184834 0.03601895734597156 0.03886255924170616