2 0.03696682464454976 0.047867298578199054 0.034123222748815164 0.037914691943127965
2 0.07251184834123223 0.05781990521327014 0.03601895734597156 0.03696682464454976
8 0.16066350710900473 0.2161137440758294 0.07014218009478673 0.06824644549763033
9 0.13981042654028436 0.15260663507109004 0.05781990521327014 0.05118483412322275
9 0.11990521327014218 0.11706161137440758 0.05971563981042654 0.04834123222748815
1 0.1018957345971564 0.08009478672985781 0.05118483412322275 0.052132701421800945
2 0.6360189573459716 0.018957345971563982 0.06445497630331753 0.037914691943127965
2 0.6042654028436019 0.04407582938388625 0.07014218009478673 0.07677725118483412
9 0.5815165876777251 0.08530805687203792 0.06350710900473934 0.06540284360189573
5 0.5398104265402843 0.1023696682464455 0.04170616113744076 0.04549763033175355
1 0.5028436018957346 0.12985781990521328 0.046445497630331754 0.06445497630331753
3 0.32037914691943126 0.6976303317535545 0.05402843601895735 0.054976303317535544
3 0.3748815165876777 0.704739336492891 0.052132701421800945 0.05308056872037915
0 0.45071090047393364 0.4312796208530806 0.052132701421800945 0.022748815165876776
9 0.42748815165876775 0.7118483412322275 0.05687203791469194 0.06824644549763033
9 0.46208530805687204 0.7080568720379147 0.035071090047393366 0.07393364928909953
8 0.6345971563981042 0.6838862559241706 0.07867298578199051 0.08151658767772511
8 0.647867298578199 0.6165876777251185 0.08151658767772511 0.08151658767772511
9 0.6625592417061611 0.5559241706161138 0.07298578199052133 0.05781990521327014
9 0.6800947867298578 0.514218009478673 0.06540284360189573 0.06066350710900474
9 0.9672985781990522 0.5691943127962086 0.06540284360189573 0.06350710900473934
9 0.9530805687203792 0.5222748815165876 0.07203791469194312 0.06729857819905213
2 0.9232227488151659 0.48578199052132703 0.05402843601895735 0.05308056872037915
2 0.8398104265402844 0.45118483412322274 0.043601895734597156 0.054976303317535544
5 0.7886255924170616 0.45876777251184836 0.037914691943127965 0.037914691943127965
1 0.7023696682464455 0.47345971563981043 0.06255924170616113 0.06824644549763033
6 0.7450236966824645 0.45071090047393364 0.05687203791469194 0.061611374407582936