8 0.2080568720379147 0.22654028436018958 0.07677725118483412 0.08436018957345971
8 0.25213270142180094 0.26445497630331755 0.06729857819905213 0.06729857819905213
2 0.29241706161137443 0.2848341232227488 0.05023696682464455 0.07298578199052133
9 0.33696682464454975 0.2909952606635071 0.05781990521327014 0.07867298578199051
1 0.3805687203791469 0.3080568720379147 0.06255924170616113 0.07203791469194312
1 0.42274881516587676 0.3061611374407583 0.04928909952606635 0.04739336492890995
1 0.4606635071090047 0.2966824644549763 0.05781990521327014 0.06255924170616113
9 0.8829383886255924 0.37772511848341234 0.08056872037914692 0.06350710900473934
9 0.14691943127962084 0.5587677725118484 0.06540284360189573 0.06255924170616113
9 0.16729857819905214 0.5938388625592417 0.06350710900473934 0.06824644549763033
1 0.1928909952606635 0.6246445497630332 0.054976303317535544 0.058767772511848344
6 0.23127962085308057 0.64739336492891 0.05402843601895735 0.055924170616113746
6 0.2772511848341232 0.6587677725118484 0.054976303317535544 0.06066350710900474
6 0.32180094786729857 0.6516587677725119 0.06255924170616113 0.07203791469194312
6 0.36018957345971564 0.6369668246445498 0.058767772511848344 0.058767772511848344
1 0.3876777251184834 0.6042654028436019 0.06540284360189573 0.06255924170616113
3 0.9251184834123223 0.4985781990521327 0.04928909952606635 0.04739336492890995
3 0.995260663507109 0.442654028436019 0.009478672985781991 0.043601895734597156