8 0.16018957345971563 0.1023696682464455 0.07772511848341232 0.0938388625592417
8 0.10568720379146919 0.07298578199052133 0.08341232227488152 0.09289099526066351
9 0.06445497630331753 0.05402843601895735 0.055924170616113746 0.07393364928909953
9 0.031279620853080566 0.04028436018957346 0.05971563981042654 0.07867298578199051
1 0.008056872037914692 0.030805687203791468 0.016113744075829384 0.061611374407582936
8 0.6497630331753554 0.34739336492890993 0.08151658767772511 0.07488151658767772
9 0.7071090047393365 0.35402843601895734 0.05781990521327014 0.06350710900473934
9 0.747867298578199 0.36729857819905215 0.05308056872037915 0.061611374407582936
1 0.7867298578199052 0.3767772511848341 0.054976303317535544 0.05402843601895735
6 0.8052132701421801 0.4071090047393365 0.052132701421800945 0.04739336492890995
8 0.1933649289099526 0.9582938388625593 0.07677725118483412 0.07393364928909953
8 0.1881516587677725 0.895260663507109 0.09289099526066351 0.0938388625592417
9 0.16445497630331754 0.8383886255924171 0.07393364928909953 0.07109004739336493
9 0.15924170616113745 0.7890995260663507 0.07014218009478673 0.06255924170616113
1 0.017535545023696683 0.7009478672985782 0.035071090047393366 0.06729857819905213
1 0.14881516587677726 0.7459715639810427 0.06255924170616113 0.06729857819905213
6 0.03601895734597156 0.6895734597156398 0.04549763033175355 0.05687203791469194
6 0.06872037914691943 0.6890995260663507 0.04928909952606635 0.06540284360189573
6 0.1018957345971564 0.6985781990521327 0.05402843601895735 0.06635071090047394
6 0.13175355450236967 0.7132701421800948 0.052132701421800945 0.05971563981042654
8 0.5687203791469194 0.614218009478673 0.09289099526066351 0.0881516587677725
8 0.8867298578199052 0.6739336492890995 0.0909952606635071 0.08720379146919431
9 0.5843601895734597 0.5644549763033175 0.07488151658767772 0.05023696682464455
8 0.8791469194312796 0.6137440758293838 0.09194312796208531 0.0947867298578199
9 0.8706161137440759 0.5682464454976304 0.07109004739336493 0.05781990521327014
9 0.85260663507109 0.5469194312796208 0.07677725118483412 0.015165876777251185