8 0.10900473933649289 0.1033175355450237 0.07772511848341232 0.08341232227488152
8 0.13317535545023695 0.04407582938388625 0.08056872037914692 0.0881516587677725
8 0.45402843601895737 0.08625592417061612 0.06919431279620854 0.06350710900473934
8 0.43933649289099524 0.03601895734597156 0.07582938388625593 0.07109004739336493
9 0.4218009478672986 0.011374407582938388 0.06635071090047394 0.022748815165876776
9 0.14834123222748816 0.008530805687203791 0.055924170616113746 0.017061611374407582
4 0.5947867298578199 0.09004739336492891 0.03601895734597156 0.037914691943127965
4 0.6364928909952606 0.07393364928909953 0.03981042654028436 0.04454976303317536
3 0.7639810426540284 0.3739336492890995 0.04739336492890995 0.04834123222748815
4 0.8203791469194313 0.3014218009478673 0.04075829383886256 0.04265402843601896
4 0.8303317535545024 0.23791469194312795 0.03886255924170616 0.03696682464454976
1 0.6957345971563981 0.04312796208530806 0.06919431279620854 0.06919431279620854
6 0.7492890995260664 0.04454976303317536 0.06824644549763033 0.06445497630331753
6 0.795734597156398 0.06255924170616113 0.07582938388625593 0.07109004739336493
6 0.8345971563981043 0.095260663507109 0.06445497630331753 0.06445497630331753
6 0.8507109004739336 0.14218009478672985 0.06540284360189573 0.05687203791469194
1 0.8597156398104265 0.1895734597156398 0.06350710900473934 0.05687203791469194
3 0.26966824644549764 0.685781990521327 0.03886255924170616 0.04170616113744076
9 0.2729857819905213 0.6251184834123222 0.07488151658767772 0.06824644549763033
1 0.2895734597156398 0.5862559241706161 0.06350710900473934 0.06066350710900474
6 0.3085308056872038 0.5445497630331754 0.055924170616113746 0.06255924170616113
6 0.34881516587677724 0.5222748815165876 0.06635071090047394 0.07298578199052133
6 0.4023696682464455 0.5113744075829384 0.06350710900473934 0.07203791469194312
6 0.44218009478672987 0.5260663507109005 0.055924170616113746 0.06445497630331753
1 0.4781990521327014 0.5440758293838862 0.06255924170616113 0.06635071090047394
9 0.5085308056872038 0.5687203791469194 0.06729857819905213 0.06729857819905213
9 0.5270142180094787 0.5962085308056873 0.06350710900473934 0.061611374407582936
8 0.533175355450237 0.6402843601895735 0.052132701421800945 0.07867298578199051
9 0.8753554502369668 0.7938388625592417 0.06635071090047394 0.05402843601895735
9 0.8805687203791469 0.7459715639810427 0.06919431279620854 0.06255924170616113
6 0.9862559241706161 0.6118483412322275 0.027488151658767772 0.06350710900473934
6 0.9559241706161138 0.6303317535545023 0.06919431279620854 0.06540284360189573
6 0.9161137440758294 0.656872037914692 0.06445497630331753 0.06540284360189573
1 0.8957345971563981 0.6966824644549763 0.06729857819905213 0.06635071090047394