8 0.2014218009478673 0.08862559241706161 0.0881516587677725 0.0881516587677725
8 0.27109004739336495 0.07014218009478673 0.07962085308056872 0.08530805687203792
9 0.32796208530805687 0.06398104265402843 0.04834123222748815 0.061611374407582936
3 0.3578199052132701 0.07109004739336493 0.024644549763033177 0.034123222748815164
1 0.4037914691943128 0.07345971563981042 0.055924170616113746 0.06255924170616113
6 0.4312796208530806 0.10758293838862559 0.05687203791469194 0.05402843601895735
6 0.45545023696682463 0.12654028436018958 0.008530805687203791 0.046445497630331754
6 0.43933649289099524 0.15450236966824646 0.04075829383886256 0.04739336492890995
8 0.7023696682464455 0.2080568720379147 0.07677725118483412 0.07109004739336493
8 0.7421800947867299 0.16445497630331754 0.08530805687203792 0.07677725118483412
4 0.7606635071090048 0.11232227488151658 0.03696682464454976 0.037914691943127965
6 0.8042654028436019 0.008056872037914692 0.05402843601895735 0.016113744075829384
1 0.8 0.03886255924170616 0.06255924170616113 0.054976303317535544
9 0.7800947867298578 0.07677725118483412 0.06255924170616113 0.05971563981042654
8 0.437914691943128 0.9658767772511848 0.043601895734597156 0.06824644549763033
8 0.3985781990521327 0.9720379146919431 0.06540284360189573 0.055924170616113746
8 0.35545023696682465 0.9687203791469194 0.04549763033175355 0.04928909952606635
9 0.32132701421800947 0.9706161137440759 0.04928909952606635 0.058767772511848344
9 0.28104265402843603 0.9649289099526066 0.05118483412322275 0.05781990521327014
1 0.24123222748815165 0.9616113744075829 0.043601895734597156 0.05308056872037915
6 0.21374407582938387 0.9654028436018958 0.046445497630331754 0.06635071090047394
6 0.1815165876777251 0.9635071090047393 0.04170616113744076 0.05781990521327014
9 0.7194312796208531 0.9142180094786729 0.061611374407582936 0.055924170616113746
9 0.9222748815165877 0.9312796208530806 0.06350710900473934 0.054976303317535544
9 0.728436018957346 0.9554502369668246 0.05118483412322275 0.05308056872037915
9 0.9146919431279621 0.9734597156398104 0.05118483412322275 0.05308056872037915
1 0.8876777251184834 0.9886255924170616 0.05023696682464455 0.022748815165876776
1 0.7436018957345971 0.9834123222748815 0.052132701421800945 0.03317535545023697
6 0.7701421800947867 0.9938388625592417 0.046445497630331754 0.012322274881516588