3 0.24218009478672986 0.32037914691943126 0.014218009478672985 0.043601895734597156
9 0.2014218009478673 0.3175355450236967 0.05781990521327014 0.07203791469194312
9 0.15545023696682464 0.3137440758293839 0.06350710900473934 0.06824644549763033
1 0.109478672985782 0.3061611374407583 0.06445497630331753 0.06350710900473934
6 0.07677725118483412 0.2843601895734597 0.05687203791469194 0.052132701421800945
6 0.053554502369668244 0.25734597156398104 0.054976303317535544 0.04834123222748815
6 0.05165876777251185 0.22227488151658767 0.05118483412322275 0.046445497630331754
6 0.03886255924170616 0.1990521327014218 0.054976303317535544 0.052132701421800945
8 0.7853080568720379 0.44691943127962086 0.08246445497630332 0.04454976303317536
8 0.7246445497630332 0.4327014218009479 0.08625592417061612 0.07298578199052133
9 0.6639810426540285 0.43317535545023694 0.05971563981042654 0.07203791469194312
2 0.6189573459715639 0.4137440758293839 0.05971563981042654 0.07393364928909953
1 0.5616113744075829 0.3962085308056872 0.07488151658767772 0.07677725118483412
6 0.5061611374407583 0.3990521327014218 0.058767772511848344 0.05781990521327014
6 0.4777251184834123 0.4208530805687204 0.08436018957345971 0.07298578199052133
6 0.12085308056872038 0.952132701421801 0.06445497630331753 0.07867298578199051
6 0.07298578199052133 0.9421800947867298 0.06255924170616113 0.07677725118483412
6 0.04170616113744076 0.9184834123222749 0.05781990521327014 0.06540284360189573
6 0.15592417061611374 0.9450236966824644 0.055924170616113746 0.06729857819905213
1 0.1995260663507109 0.9364928909952607 0.061611374407582936 0.07298578199052133
9 0.21753554502369668 0.9080568720379147 0.06350710900473934 0.07014218009478673
9 0.024170616113744076 0.8483412322274881 0.04834123222748815 0.06445497630331753
9 0.015165876777251185 0.8109004739336493 0.03033175355450237 0.06540284360189573
9 0.23317535545023696 0.890521327014218 0.03222748815165877 0.05971563981042654
1 0.02227488151658768 0.8872037914691943 0.04454976303317536 0.06824644549763033
8 0.6914691943127962 0.495260663507109 0.08056872037914692 0.052132701421800945
8 0.9246445497630332 0.6777251184834123 0.08720379146919431 0.08625592417061612
8 0.6639810426540285 0.5454976303317536 0.07867298578199051 0.07962085308056872
8 0.8701421800947867 0.7184834123222749 0.09289099526066351 0.0909952606635071
9 0.6469194312796208 0.6018957345971564 0.05971563981042654 0.055924170616113746
9 0.637914691943128 0.6426540284360189 0.05402843601895735 0.054976303317535544
9 0.8175355450236966 0.7450236966824645 0.054976303317535544 0.05781990521327014
9 0.7829383886255924 0.7630331753554502 0.04928909952606635 0.054976303317535544
1 0.7459715639810427 0.761611374407583 0.04928909952606635 0.058767772511848344
1 0.647867298578199 0.6824644549763034 0.05402843601895735 0.052132701421800945
6 0.7075829383886256 0.7502369668246446 0.04739336492890995 0.06635071090047394
6 0.680568720379147 0.738388625592417 0.05023696682464455 0.054976303317535544
6 0.6587677725118484 0.7161137440758294 0.05023696682464455 0.054976303317535544