8 0.13364928909952606 0.46824644549763034 0.08341232227488152 0.08341232227488152
9 0.14928909952606634 0.5208530805687204 0.06350710900473934 0.05781990521327014
9 0.011374407582938388 0.7004739336492891 0.022748815165876776 0.06824644549763033
9 0.16303317535545023 0.5744075829383887 0.07298578199052133 0.06540284360189573
1 0.16208530805687205 0.6189573459715639 0.05781990521327014 0.06255924170616113
1 0.03033175355450237 0.7246445497630332 0.054976303317535544 0.05971563981042654
6 0.07345971563981042 0.7203791469194313 0.05687203791469194 0.06540284360189573
6 0.109478672985782 0.7123222748815166 0.052132701421800945 0.05971563981042654
6 0.13412322274881516 0.6947867298578199 0.05023696682464455 0.06066350710900474
6 0.15260663507109004 0.6677725118483412 0.05118483412322275 0.061611374407582936
5 0.7412322274881517 0.5862559241706161 0.04739336492890995 0.043601895734597156
4 0.8549763033175355 0.5895734597156398 0.04739336492890995 0.05118483412322275
4 0.6601895734597156 0.5635071090047393 0.04075829383886256 0.03981042654028436
4 0.6535545023696683 0.533649289099526 0.03886255924170616 0.03601895734597156
4 0.9303317535545024 0.5203791469194313 0.04170616113744076 0.04075829383886256
4 0.919431279620853 0.557345971563981 0.04075829383886256 0.03981042654028436
3 0.9364928909952607 0.54739336492891 0.024644549763033177 0.03317535545023697
3 0.6407582938388625 0.5127962085308057 0.037914691943127965 0.03222748815165877