8 0.05402843601895735 0.3933649289099526 0.08341232227488152 0.07203791469194312
2 0.11658767772511848 0.404739336492891 0.07582938388625593 0.04928909952606635
3 0.6004739336492891 0.1928909952606635 0.05308056872037915 0.052132701421800945
3 0.6663507109004739 0.12985781990521328 0.04834123222748815 0.05023696682464455
8 0.833175355450237 0.3966824644549763 0.08530805687203792 0.06540284360189573
8 0.8658767772511848 0.36208530805687206 0.08909952606635071 0.08436018957345971
9 0.8805687203791469 0.314218009478673 0.07014218009478673 0.06066350710900474
9 0.8914691943127963 0.27014218009478674 0.07109004739336493 0.06255924170616113
1 0.9056872037914692 0.22559241706161137 0.07203791469194312 0.06824644549763033
9 0.7199052132701422 0.11753554502369669 0.07203791469194312 0.07109004739336493
1 0.7582938388625592 0.09336492890995261 0.06445497630331753 0.06824644549763033
6 0.804739336492891 0.0924170616113744 0.05971563981042654 0.06066350710900474
6 0.8554502369668247 0.1014218009478673 0.07488151658767772 0.07298578199052133
6 0.8928909952606635 0.13791469194312797 0.06919431279620854 0.07488151658767772
6 0.9071090047393365 0.17962085308056872 0.06919431279620854 0.06445497630331753
8 0.32748815165876777 0.9208530805687204 0.08625592417061612 0.08246445497630332
9 0.3848341232227488 0.9289099526066351 0.061611374407582936 0.07014218009478673
9 0.4246445497630332 0.9483412322274881 0.05781990521327014 0.061611374407582936
1 0.46161137440758293 0.9677725118483412 0.05971563981042654 0.05781990521327014
6 0.4786729857819905 0.9843601895734597 0.06066350710900474 0.031279620853080566
1 0.5933649289099526 0.5412322274881517 0.06066350710900474 0.06919431279620854
6 0.6308056872037915 0.556872037914692 0.05781990521327014 0.05971563981042654
6 0.6616113744075829 0.5853080568720379 0.08246445497630332 0.07582938388625593
9 0.5706161137440758 0.5289099526066351 0.022748815165876776 0.07014218009478673
6 0.6853080568720379 0.6317535545023697 0.06919431279620854 0.06066350710900474