9 0.195260663507109 0.012322274881516588 0.05687203791469194 0.024644549763033177
1 0.15545023696682464 0.02037914691943128 0.05308056872037915 0.04075829383886256
6 0.0981042654028436 0.016113744075829384 0.04075829383886256 0.03222748815165877
6 0.12322274881516587 0.017535545023696683 0.05308056872037915 0.035071090047393366
3 0.6464454976303318 0.13601895734597155 0.03981042654028436 0.04170616113744076
8 0.7388625592417062 0.13696682464454976 0.1004739336492891 0.0995260663507109
9 0.8 0.14028436018957346 0.06824644549763033 0.07772511848341232
9 0.85260663507109 0.13554502369668248 0.06824644549763033 0.07582938388625593
1 0.8981042654028436 0.12274881516587678 0.05781990521327014 0.06066350710900474
6 0.9251184834123223 0.09194312796208531 0.05781990521327014 0.05023696682464455
6 0.9492890995260663 0.06540284360189573 0.07393364928909953 0.05308056872037915
8 0.14549763033175356 0.4720379146919431 0.08436018957345971 0.06445497630331753
8 0.15639810426540285 0.5379146919431279 0.08530805687203792 0.09194312796208531
9 0.16255924170616115 0.5981042654028436 0.07393364928909953 0.06445497630331753
9 0.16018957345971563 0.6445497630331753 0.06255924170616113 0.05971563981042654
1 0.14881516587677726 0.6876777251184835 0.05687203791469194 0.06255924170616113
6 0.12180094786729857 0.7184834123222749 0.04928909952606635 0.06635071090047394
6 0.0976303317535545 0.7355450236966825 0.05308056872037915 0.06255924170616113
6 0.06635071090047394 0.7488151658767772 0.05023696682464455 0.06066350710900474
6 0.02985781990521327 0.747867298578199 0.054976303317535544 0.06255924170616113
1 0.00900473933649289 0.7355450236966825 0.01800947867298578 0.06066350710900474
3 0.45545023696682463 0.70521327014218 0.052132701421800945 0.058767772511848344
3 0.5061611374407583 0.704265402843602 0.054976303317535544 0.05687203791469194
0 0.6364928909952606 0.45260663507109006 0.052132701421800945 0.025592417061611375
0 0.5578199052132702 0.6957345971563981 0.05308056872037915 0.06255924170616113
0 0.6018957345971564 0.6886255924170616 0.05402843601895735 0.061611374407582936
1 0.6559241706161137 0.6781990521327014 0.07393364928909953 0.07488151658767772
1 0.6853080568720379 0.46777251184834123 0.08151658767772511 0.055924170616113746
6 0.6962085308056872 0.6535545023696683 0.07488151658767772 0.06919431279620854
6 0.7165876777251184 0.6113744075829384 0.08151658767772511 0.07582938388625593
6 0.7213270142180095 0.5540284360189573 0.08246445497630332 0.07582938388625593
6 0.7123222748815166 0.5014218009478673 0.07298578199052133 0.06729857819905213