8 0.21990521327014217 0.35924170616113743 0.07109004739336493 0.08246445497630332
8 0.2834123222748815 0.33649289099526064 0.07677725118483412 0.08056872037914692
9 0.33886255924170616 0.32654028436018956 0.04928909952606635 0.06540284360189573
1 0.385781990521327 0.3165876777251185 0.06255924170616113 0.06635071090047394
6 0.43412322274881515 0.3180094786729858 0.05687203791469194 0.06066350710900474
6 0.47962085308056873 0.3341232227488152 0.07488151658767772 0.07582938388625593
8 0.9549763033175356 0.06682464454976303 0.06729857819905213 0.061611374407582936
9 0.9018957345971564 0.07867298578199051 0.052132701421800945 0.055924170616113746
1 0.8298578199052132 0.1037914691943128 0.04834123222748815 0.055924170616113746
6 0.7995260663507109 0.0995260663507109 0.04739336492890995 0.04834123222748815
6 0.7772511848341233 0.08483412322274882 0.04265402843601896 0.043601895734597156
6 0.7625592417061612 0.058767772511848344 0.03981042654028436 0.043601895734597156
6 0.7464454976303317 0.03886255924170616 0.04454976303317536 0.04928909952606635
9 0.8682464454976303 0.1033175355450237 0.04834123222748815 0.05308056872037915
3 0.11279620853080569 0.5943127962085308 0.043601895734597156 0.043601895734597156
8 0.06872037914691943 0.6933649289099526 0.0995260663507109 0.08341232227488152
1 0.11753554502369669 0.5379146919431279 0.08341232227488152 0.07677725118483412
9 0.43933649289099524 0.6459715639810426 0.0881516587677725 0.06919431279620854
9 0.4208530805687204 0.5976303317535545 0.08530805687203792 0.07298578199052133
1 0.3928909952606635 0.5388625592417061 0.07677725118483412 0.07867298578199051
6 0.34407582938388626 0.5104265402843602 0.06635071090047394 0.021800947867298578
6 0.16492890995260664 0.5123222748815166 0.07014218009478673 0.025592417061611375
9 0.07677725118483412 0.6364928909952606 0.08436018957345971 0.07393364928909953