4 0.006161137440758294 0.42748815165876775 0.012322274881516588 0.03981042654028436
9 0.04739336492890995 0.409478672985782 0.06066350710900474 0.07393364928909953
1 0.0995260663507109 0.3928909952606635 0.06540284360189573 0.07014218009478673
6 0.14691943127962084 0.3909952606635071 0.05781990521327014 0.061611374407582936
6 0.1881516587677725 0.4104265402843602 0.06445497630331753 0.06255924170616113
8 0.8943127962085308 0.2900473933649289 0.08056872037914692 0.08056872037914692
8 0.8895734597156398 0.35971563981042654 0.07867298578199051 0.07867298578199051
8 0.8886255924170616 0.42890995260663506 0.07772511848341232 0.07677725118483412
9 0.8744075829383886 0.4611374407582938 0.055924170616113746 0.016113744075829384
4 0.6109004739336493 0.4606635071090047 0.035071090047393366 0.017061611374407582
3 0.5725118483412323 0.4265402843601896 0.03981042654028436 0.03696682464454976
8 0.18104265402843603 0.6308056872037915 0.07867298578199051 0.07772511848341232
8 0.2023696682464455 0.695260663507109 0.08151658767772511 0.07962085308056872
9 0.2184834123222749 0.7549763033175355 0.07867298578199051 0.06919431279620854
9 0.23649289099526066 0.8118483412322275 0.08056872037914692 0.07203791469194312
9 0.017061611374407582 0.9374407582938389 0.034123222748815164 0.07203791469194312
9 0.05071090047393365 0.956872037914692 0.06919431279620854 0.08625592417061612
1 0.23175355450236967 0.8663507109004739 0.07203791469194312 0.06540284360189573
1 0.1009478672985782 0.966350710900474 0.06540284360189573 0.06729857819905213
6 0.22511848341232227 0.9071090047393365 0.05308056872037915 0.055924170616113746
6 0.2071090047393365 0.933649289099526 0.05308056872037915 0.06066350710900474
6 0.1815165876777251 0.9559241706161138 0.052132701421800945 0.06540284360189573
6 0.15071090047393365 0.9701421800947867 0.05308056872037915 0.05971563981042654
4 0.8218009478672986 0.4815165876777251 0.043601895734597156 0.024644549763033177
8 0.5587677725118484 0.4815165876777251 0.06540284360189573 0.024644549763033177
9 0.5843601895734597 0.5042654028436019 0.05781990521327014 0.05687203791469194
9 0.5976303317535545 0.5440758293838862 0.05781990521327014 0.055924170616113746
9 0.781042654028436 0.5578199052132702 0.055924170616113746 0.058767772511848344
1 0.623696682464455 0.5791469194312796 0.06729857819905213 0.06635071090047394
1 0.7492890995260664 0.5886255924170616 0.052132701421800945 0.07109004739336493
6 0.7274881516587678 0.609478672985782 0.04739336492890995 0.07488151658767772
6 0.6919431279620853 0.6137440758293838 0.052132701421800945 0.06729857819905213
6 0.6677725118483412 0.6052132701421801 0.05402843601895735 0.06635071090047394
6 0.6464454976303318 0.6071090047393365 0.052132701421800945 0.06540284360189573