8 0.34170616113744073 0.4165876777251185 0.06919431279620854 0.025592417061611375
8 0.3881516587677725 0.4052132701421801 0.06919431279620854 0.04834123222748815
9 0.4327014218009479 0.4014218009478673 0.05971563981042654 0.055924170616113746
9 0.47535545023696685 0.3966824644549763 0.05687203791469194 0.058767772511848344
1 0.5218009478672986 0.4018957345971564 0.05971563981042654 0.054976303317535544
6 0.5601895734597157 0.4127962085308057 0.05118483412322275 0.03317535545023697
6 0.5725118483412323 0.4208530805687204 0.054976303317535544 0.017061611374407582
3 0.7071090047393365 0.024644549763033177 0.04549763033175355 0.046445497630331754
8 0.981042654028436 0.07345971563981042 0.037914691943127965 0.1033175355450237
2 0.7331753554502369 0.08199052132701422 0.07962085308056872 0.08246445497630332
9 0.9715639810426541 0.12985781990521328 0.05687203791469194 0.07203791469194312
9 0.7611374407582938 0.14218009478672985 0.07109004739336493 0.07488151658767772
9 0.771563981042654 0.1900473933649289 0.06445497630331753 0.07014218009478673
1 0.9587677725118483 0.2080568720379147 0.06350710900473934 0.06445497630331753
1 0.8023696682464455 0.22369668246445498 0.061611374407582936 0.07867298578199051
6 0.843127962085308 0.23364928909952606 0.054976303317535544 0.07109004739336493
6 0.8753554502369668 0.24123222748815165 0.052132701421800945 0.07298578199052133
6 0.9018957345971564 0.24597156398104264 0.04834123222748815 0.061611374407582936
6 0.933175355450237 0.22985781990521326 0.06350710900473934 0.07109004739336493
8 0.037914691943127965 0.6701421800947868 0.07582938388625593 0.0947867298578199
2 0.2109004739336493 0.6113744075829384 0.04834123222748815 0.058767772511848344
2 0.3464454976303318 0.7270142180094786 0.04928909952606635 0.046445497630331754
2 0.33981042654028437 0.7744075829383886 0.06350710900473934 0.05023696682464455
3 0.3066350710900474 0.8109004739336493 0.034123222748815164 0.03601895734597156
8 0.9156398104265403 0.6341232227488152 0.09573459715639811 0.11563981042654028
8 0.9710900473933649 0.628436018957346 0.05781990521327014 0.11184834123222749