9 0.015165876777251185 0.3587677725118483 0.03033175355450237 0.061611374407582936
9 0.04739336492890995 0.3469194312796208 0.061611374407582936 0.061611374407582936
1 0.0867298578199052 0.32701421800947866 0.07203791469194312 0.06350710900473934
6 0.10758293838862559 0.2995260663507109 0.06824644549763033 0.05402843601895735
6 0.12417061611374408 0.262085308056872 0.06729857819905213 0.05402843601895735
6 0.12654028436018958 0.23080568720379147 0.06635071090047394 0.05118483412322275
9 0.6156398104265403 0.17061611374407584 0.07867298578199051 0.08530805687203792
9 0.557345971563981 0.17725118483412322 0.07488151658767772 0.08909952606635071
1 0.4933649289099526 0.1909952606635071 0.08720379146919431 0.09573459715639811
6 0.43459715639810426 0.21800947867298578 0.09004739336492891 0.0976303317535545
6 0.4132701421800948 0.2563981042654028 0.04739336492890995 0.10900473933649289
8 0.6976303317535545 0.18293838862559242 0.13175355450236967 0.12890995260663507
2 0.5364928909952607 0.9497630331753555 0.08625592417061612 0.07488151658767772
2 0.5639810426540285 0.9815165876777251 0.08530805687203792 0.03696682464454976
8 0.8805687203791469 0.8630331753554502 0.1052132701421801 0.1004739336492891
8 0.8815165876777251 0.928436018957346 0.0995260663507109 0.0995260663507109
9 0.8810426540284361 0.9753554502369668 0.08056872037914692 0.04928909952606635