8 0.025118483412322274 0.15071090047393365 0.05023696682464455 0.08720379146919431
8 0.06966824644549763 0.1848341232227488 0.08530805687203792 0.08530805687203792
9 0.12369668246445498 0.2037914691943128 0.061611374407582936 0.06635071090047394
9 0.16587677725118483 0.22464454976303316 0.054976303317535544 0.06066350710900474
1 0.20900473933649288 0.23317535545023696 0.05402843601895735 0.05687203791469194
6 0.24170616113744076 0.22085308056872038 0.06350710900473934 0.052132701421800945
6 0.27061611374407585 0.21137440758293838 0.06540284360189573 0.052132701421800945
6 0.2881516587677725 0.18862559241706162 0.07962085308056872 0.06066350710900474
6 0.3052132701421801 0.16303317535545023 0.06540284360189573 0.04265402843601896
6 0.9767772511848342 0.318957345971564 0.046445497630331754 0.07488151658767772
6 0.9360189573459715 0.3080568720379147 0.07109004739336493 0.07488151658767772
1 0.8924170616113745 0.28056872037914693 0.07109004739336493 0.07772511848341232
9 0.85260663507109 0.23222748815165878 0.07772511848341232 0.07772511848341232
8 0.814218009478673 0.16966824644549763 0.0976303317535545 0.0966824644549763
8 0.7872037914691943 0.11042654028436019 0.06635071090047394 0.07393364928909953
8 0.24170616113744076 0.49715639810426543 0.08530805687203792 0.035071090047393366
9 0.21943127962085307 0.5393364928909953 0.06255924170616113 0.06540284360189573
1 0.1924170616113744 0.5781990521327014 0.05308056872037915 0.055924170616113746
1 0.00900473933649289 0.5696682464454976 0.01800947867298578 0.05687203791469194
6 0.15497630331753554 0.5971563981042654 0.04834123222748815 0.05308056872037915
6 0.11563981042654028 0.6090047393364929 0.04454976303317536 0.055924170616113746
6 0.07535545023696683 0.609478672985782 0.046445497630331754 0.054976303317535544
6 0.03364928909952607 0.5943127962085308 0.04454976303317536 0.052132701421800945
8 0.7739336492890996 0.728436018957346 0.12322274881516587 0.11848341232227488
8 0.8791469194312796 0.7350710900473933 0.12037914691943127 0.11374407582938388
9 0.9639810426540284 0.7497630331753554 0.07203791469194312 0.0909952606635071