8 0.25450236966824646 0.27014218009478674 0.07772511848341232 0.0881516587677725
9 0.2066350710900474 0.25260663507109005 0.05687203791469194 0.06824644549763033
9 0.16540284360189572 0.23649289099526066 0.061611374407582936 0.06729857819905213
1 0.11800947867298578 0.23222748815165878 0.05781990521327014 0.05971563981042654
6 0.07440758293838863 0.24928909952606634 0.05118483412322275 0.04928909952606635
6 0.04549763033175355 0.27677725118483415 0.07109004739336493 0.061611374407582936
6 0.024170616113744076 0.32085308056872036 0.04834123222748815 0.05971563981042654
8 0.933649289099526 0.3582938388625592 0.13270142180094788 0.195260663507109
9 0.8322274881516588 0.4014218009478673 0.12701421800947868 0.15071090047393365
9 0.7535545023696683 0.4184834123222749 0.08720379146919431 0.15260663507109004
8 0.14075829383886257 0.5630331753554503 0.1033175355450237 0.04739336492890995
9 0.15071090047393365 0.6014218009478673 0.07582938388625593 0.06729857819905213
9 0.16255924170616115 0.657345971563981 0.06729857819905213 0.07298578199052133
1 0.18388625592417063 0.7009478672985782 0.05687203791469194 0.06635071090047394
8 0.47962085308056873 0.5981042654028436 0.07298578199052133 0.07393364928909953
9 0.44549763033175355 0.6469194312796208 0.06066350710900474 0.06729857819905213
9 0.4104265402843602 0.6886255924170616 0.058767772511848344 0.06919431279620854
1 0.3696682464454976 0.7165876777251184 0.054976303317535544 0.06729857819905213
6 0.33080568720379144 0.7265402843601896 0.05118483412322275 0.06729857819905213
6 0.29241706161137443 0.7350710900473933 0.04454976303317536 0.06255924170616113
6 0.25687203791469193 0.7327014218009479 0.04265402843601896 0.061611374407582936
6 0.21706161137440758 0.7227488151658767 0.046445497630331754 0.06066350710900474
8 0.8800947867298579 0.8459715639810427 0.07962085308056872 0.08246445497630332
8 0.8488151658767773 0.7748815165876777 0.08625592417061612 0.08909952606635071
9 0.8208530805687204 0.7194312796208531 0.06445497630331753 0.05781990521327014
9 0.7928909952606635 0.6786729857819905 0.05687203791469194 0.054976303317535544
1 0.7568720379146919 0.6454976303317536 0.05118483412322275 0.058767772511848344
6 0.7265402843601896 0.6289099526066351 0.03317535545023697 0.052132701421800945