8 0.3303317535545024 0.4037914691943128 0.07867298578199051 0.07772511848341232
8 0.385781990521327 0.4308056872037915 0.08341232227488152 0.0881516587677725
9 0.43886255924170614 0.4260663507109005 0.05023696682464455 0.058767772511848344
9 0.476303317535545 0.4270142180094787 0.046445497630331754 0.05781990521327014
9 0.7421800947867299 0.4090047393364929 0.06255924170616113 0.05781990521327014
9 0.7530805687203791 0.45402843601895737 0.06350710900473934 0.06255924170616113
1 0.7819905213270142 0.4976303317535545 0.05971563981042654 0.06066350710900474
1 0.933649289099526 0.5213270142180095 0.06919431279620854 0.06445497630331753
9 0.9725118483412323 0.476303317535545 0.054976303317535544 0.05971563981042654
9 0.9791469194312796 0.42890995260663506 0.04170616113744076 0.05971563981042654
6 0.3241706161137441 0.9867298578199052 0.0985781990521327 0.026540284360189573
9 0.5113744075829384 0.7331753554502369 0.023696682464454975 0.07867298578199051
1 0.5355450236966824 0.7696682464454976 0.06729857819905213 0.07582938388625593
6 0.5819905213270142 0.771563981042654 0.05687203791469194 0.07203791469194312
6 0.6203791469194313 0.7654028436018957 0.054976303317535544 0.06066350710900474
6 0.6516587677725119 0.752132701421801 0.055924170616113746 0.058767772511848344
6 0.6791469194312796 0.7308056872037915 0.06635071090047394 0.06350710900473934
1 0.6947867298578199 0.695260663507109 0.07677725118483412 0.06824644549763033
9 0.7180094786729858 0.6630331753554503 0.08436018957345971 0.046445497630331754