8 0.2132701421800948 0.1971563981042654 0.05308056872037915 0.06066350710900474
8 0.2042654028436019 0.15497630331753554 0.07109004739336493 0.061611374407582936
8 0.21137440758293838 0.11090047393364928 0.05687203791469194 0.05308056872037915
9 0.2080568720379147 0.07725118483412323 0.06350710900473934 0.04834123222748815
1 0.18009478672985782 0.013744075829383886 0.05308056872037915 0.027488151658767772
9 0.1943127962085308 0.04170616113744076 0.058767772511848344 0.04834123222748815
3 0.8810426540284361 0.12417061611374408 0.05308056872037915 0.06255924170616113
8 0.8151658767772512 0.18246445497630331 0.06729857819905213 0.07867298578199051
9 0.7663507109004739 0.2184834123222749 0.046445497630331754 0.052132701421800945
9 0.7151658767772512 0.2241706161137441 0.04739336492890995 0.052132701421800945
1 0.6729857819905213 0.23933649289099526 0.04834123222748815 0.05023696682464455
6 0.624170616113744 0.23886255924170616 0.05118483412322275 0.04834123222748815
6 0.5909952606635072 0.22274881516587677 0.04739336492890995 0.04454976303317536
6 0.5587677725118484 0.2009478672985782 0.046445497630331754 0.043601895734597156
6 0.5279620853080569 0.1815165876777251 0.04834123222748815 0.04928909952606635
1 0.5137440758293839 0.14265402843601896 0.058767772511848344 0.04928909952606635
9 0.5028436018957346 0.0995260663507109 0.05402843601895735 0.05308056872037915
9 0.533649289099526 0.06066350710900474 0.052132701421800945 0.05781990521327014
1 0.022748815165876776 0.8511848341232228 0.04549763033175355 0.054976303317535544
6 0.05118483412322275 0.8402843601895734 0.05781990521327014 0.03886255924170616
6 0.07535545023696683 0.8180094786729858 0.046445497630331754 0.03033175355450237
8 0.8909952606635071 0.9625592417061611 0.08341232227488152 0.07488151658767772
8 0.4725118483412322 0.9677725118483412 0.07867298578199051 0.06445497630331753
8 0.4928909952606635 0.9014218009478673 0.07582938388625593 0.06824644549763033
8 0.8729857819905213 0.8966824644549763 0.07109004739336493 0.07203791469194312
9 0.8388625592417062 0.8464454976303317 0.07772511848341232 0.07772511848341232
2 0.8037914691943128 0.7928909952606635 0.06066350710900474 0.07014218009478673
2 0.7061611374407583 0.7431279620853081 0.054976303317535544 0.06255924170616113
2 0.647867298578199 0.7369668246445498 0.052132701421800945 0.06635071090047394
2 0.5886255924170616 0.7644549763033175 0.046445497630331754 0.058767772511848344
2 0.5469194312796208 0.8023696682464455 0.06255924170616113 0.05402843601895735
2 0.5341232227488152 0.8516587677725118 0.06919431279620854 0.058767772511848344