6 0.35497630331753555 0.4246445497630332 0.04928909952606635 0.06350710900473934
6 0.3123222748815166 0.43554502369668247 0.06255924170616113 0.07203791469194312
6 0.2616113744075829 0.4369668246445498 0.05971563981042654 0.07488151658767772
6 0.22274881516587677 0.43507109004739336 0.05118483412322275 0.058767772511848344
1 0.390521327014218 0.4014218009478673 0.058767772511848344 0.06919431279620854
9 0.4151658767772512 0.3687203791469194 0.06729857819905213 0.06824644549763033
9 0.4260663507109005 0.3298578199052133 0.06635071090047394 0.06919431279620854
1 0.1876777251184834 0.4132701421800948 0.05781990521327014 0.06255924170616113
9 0.16161137440758294 0.3824644549763033 0.07109004739336493 0.05781990521327014
9 0.14597156398104266 0.34360189573459715 0.06919431279620854 0.06255924170616113
9 0.714218009478673 0.16255924170616115 0.08720379146919431 0.07393364928909953
1 0.7037914691943128 0.21706161137440758 0.07393364928909953 0.07488151658767772
6 0.6853080568720379 0.26303317535545023 0.07014218009478673 0.08246445497630332
6 0.6374407582938388 0.2796208530805687 0.07488151658767772 0.08436018957345971
6 0.5876777251184834 0.2981042654028436 0.05687203791469194 0.08436018957345971
6 0.7014218009478673 0.9886255924170616 0.05118483412322275 0.022748815165876776
6 0.7265402843601896 0.9872037914691943 0.05023696682464455 0.025592417061611375
6 0.7454976303317535 0.9777251184834124 0.055924170616113746 0.04454976303317536
6 0.7559241706161137 0.9507109004739337 0.06540284360189573 0.06635071090047394
1 0.7691943127962085 0.9213270142180094 0.06350710900473934 0.05781990521327014
9 0.5857819905213271 0.9900473933649289 0.05308056872037915 0.01990521327014218