0 0.5791469194312796 0.02227488151658768 0.054976303317535544 0.04454976303317536
8 0.9118483412322275 0.01848341232227488 0.0966824644549763 0.03696682464454976
9 0.8696682464454977 0.037914691943127965 0.0881516587677725 0.07582938388625593
9 0.8398104265402844 0.07772511848341232 0.09004739336492891 0.0909952606635071
1 0.6118483412322275 0.06729857819905213 0.08151658767772511 0.11279620853080569
1 0.8052132701421801 0.11374407582938388 0.07867298578199051 0.08909952606635071
6 0.6459715639810426 0.10853080568720379 0.06919431279620854 0.0947867298578199
6 0.6853080568720379 0.12559241706161137 0.06445497630331753 0.08246445497630332
6 0.7241706161137441 0.12890995260663507 0.061611374407582936 0.08151658767772511
6 0.7677725118483413 0.12369668246445498 0.07298578199052133 0.08720379146919431
8 0.12796208530805686 0.6218009478672986 0.06540284360189573 0.07298578199052133
8 0.18293838862559242 0.6161137440758294 0.07203791469194312 0.08530805687203792
3 0.23507109004739338 0.6033175355450237 0.04834123222748815 0.04834123222748815
9 0.2834123222748815 0.5985781990521327 0.06255924170616113 0.07203791469194312
9 0.32796208530805687 0.6028436018957346 0.054976303317535544 0.06635071090047394
1 0.3701421800947867 0.609478672985782 0.05687203791469194 0.05971563981042654
6 0.41137440758293836 0.6312796208530805 0.054976303317535544 0.04928909952606635
6 0.437914691943128 0.6644549763033175 0.06445497630331753 0.06350710900473934
6 0.45023696682464454 0.7113744075829384 0.06445497630331753 0.06350710900473934
8 0.7876777251184834 0.37251184834123224 0.07962085308056872 0.08720379146919431
8 0.7900473933649289 0.44549763033175355 0.07677725118483412 0.08530805687203792
9 0.9914691943127962 0.6170616113744076 0.017061611374407582 0.06255924170616113
9 0.7971563981042654 0.5009478672985782 0.06540284360189573 0.06350710900473934
9 0.8037914691943128 0.54739336492891 0.06540284360189573 0.06919431279620854
1 0.9734597156398104 0.6398104265402843 0.05308056872037915 0.07014218009478673
6 0.9402843601895735 0.6507109004739337 0.04834123222748815 0.05308056872037915
6 0.9066350710900474 0.6507109004739337 0.05402843601895735 0.054976303317535544
6 0.8710900473933649 0.6421800947867299 0.052132701421800945 0.04928909952606635
6 0.8407582938388626 0.6222748815165877 0.055924170616113746 0.054976303317535544
1 0.8203791469194313 0.590521327014218 0.06635071090047394 0.07298578199052133