6 0.3355450236966825 0.025118483412322274 0.02843601895734597 0.05023696682464455
6 0.3071090047393365 0.025118483412322274 0.04549763033175355 0.05023696682464455
1 0.27677725118483415 0.011848341232227487 0.04928909952606635 0.023696682464454975
4 0.5327014218009478 0.24976303317535545 0.05781990521327014 0.05781990521327014
8 0.8199052132701422 0.1962085308056872 0.07582938388625593 0.07772511848341232
9 0.8028436018957346 0.24360189573459715 0.06445497630331753 0.06350710900473934
9 0.7867298578199052 0.28104265402843603 0.06255924170616113 0.05781990521327014
9 0.5687203791469194 0.2943127962085308 0.06824644549763033 0.031279620853080566
8 0.14218009478672985 0.6962085308056872 0.07203791469194312 0.0881516587677725
8 0.08341232227488152 0.6881516587677725 0.08056872037914692 0.08909952606635071
9 0.034123222748815164 0.6824644549763034 0.05402843601895735 0.06824644549763033
9 0.00900473933649289 0.6876777251184835 0.01800947867298578 0.06919431279620854
8 0.7748815165876777 0.6729857819905213 0.07203791469194312 0.07772511848341232
8 0.7146919431279621 0.6677725118483412 0.07393364928909953 0.07962085308056872
8 0.6540284360189573 0.6701421800947868 0.08056872037914692 0.08151658767772511
9 0.6014218009478673 0.6758293838862559 0.054976303317535544 0.06729857819905213
9 0.5601895734597157 0.6753554502369669 0.05971563981042654 0.06729857819905213
1 0.5151658767772512 0.6815165876777252 0.05971563981042654 0.06255924170616113
6 0.4767772511848341 0.7061611374407583 0.05781990521327014 0.05781990521327014
6 0.437914691943128 0.7246445497630332 0.07203791469194312 0.06824644549763033