8 0.3355450236966825 0.34218009478672984 0.07582938388625593 0.0976303317535545
8 0.3819905213270142 0.31469194312796206 0.06729857819905213 0.08341232227488152
9 0.4184834123222749 0.295260663507109 0.05781990521327014 0.07582938388625593
9 0.45355450236966827 0.2734597156398104 0.06824644549763033 0.08246445497630332
1 0.4976303317535545 0.24881516587677724 0.06445497630331753 0.07393364928909953
6 0.5369668246445498 0.23744075829383887 0.04454976303317536 0.06540284360189573
9 0.5895734597156398 0.4080568720379147 0.06066350710900474 0.07109004739336493
9 0.6374407582938388 0.4 0.06445497630331753 0.07014218009478673
1 0.6791469194312796 0.38293838862559243 0.06066350710900474 0.05971563981042654
6 0.7175355450236967 0.36066350710900474 0.04834123222748815 0.052132701421800945
6 0.7218009478672985 0.33127962085308055 0.054976303317535544 0.04170616113744076
9 0.24786729857819906 0.6630331753554503 0.07298578199052133 0.046445497630331754
9 0.010900473933649289 0.7303317535545024 0.021800947867298578 0.07109004739336493
9 0.23222748815165878 0.7004739336492891 0.07109004739336493 0.06729857819905213
1 0.2071090047393365 0.738388625592417 0.05781990521327014 0.06350710900473934
1 0.026066350710900472 0.7630331753554502 0.052132701421800945 0.06635071090047394
6 0.17440758293838862 0.7644549763033175 0.05687203791469194 0.061611374407582936
6 0.13601895734597155 0.7758293838862559 0.05781990521327014 0.06729857819905213
6 0.0985781990521327 0.7786729857819905 0.05971563981042654 0.07109004739336493
6 0.05924170616113744 0.7777251184834123 0.06066350710900474 0.06445497630331753
1 0.9146919431279621 0.6587677725118484 0.054976303317535544 0.037914691943127965
6 0.8838862559241706 0.6563981042654028 0.052132701421800945 0.03317535545023697
6 0.8597156398104265 0.6497630331753554 0.04739336492890995 0.01990521327014218
9 0.95260663507109 0.6549763033175355 0.054976303317535544 0.03033175355450237