8 0.3909952606635071 0.45118483412322274 0.07488151658767772 0.07582938388625593
9 0.3796208530805687 0.4042654028436019 0.05687203791469194 0.061611374407582936
1 0.36255924170616116 0.36066350710900474 0.05308056872037915 0.05308056872037915
6 0.33886255924170616 0.3251184834123223 0.04739336492890995 0.04170616113744076
6 0.2971563981042654 0.314218009478673 0.05402843601895735 0.05118483412322275
6 0.25071090047393363 0.3085308056872038 0.05402843601895735 0.05781990521327014
6 0.2109004739336493 0.3075829383886256 0.04170616113744076 0.04170616113744076
1 0.18909952606635072 0.33270142180094786 0.05781990521327014 0.054976303317535544
9 0.16303317535545023 0.3739336492890995 0.06540284360189573 0.05687203791469194
8 0.13601895734597155 0.42227488151658765 0.07488151658767772 0.07962085308056872
8 0.7511848341232228 0.5407582938388625 0.1061611374407583 0.1014218009478673
3 0.7990521327014218 0.4890995260663507 0.06255924170616113 0.04549763033175355
9 0.8123222748815165 0.42796208530805685 0.07677725118483412 0.07014218009478673
9 0.8440758293838863 0.3919431279620853 0.08246445497630332 0.06540284360189573
1 0.8805687203791469 0.35260663507109 0.07488151658767772 0.07298578199052133
6 0.9232227488151659 0.32085308056872036 0.06919431279620854 0.07772511848341232
6 0.9710900473933649 0.3104265402843602 0.05781990521327014 0.08436018957345971
8 0.16208530805687205 0.7739336492890996 0.06540284360189573 0.07014218009478673
8 0.13175355450236967 0.8161137440758294 0.07109004739336493 0.06919431279620854
9 0.10900473933649289 0.8587677725118483 0.06540284360189573 0.05308056872037915
9 0.07914691943127962 0.8957345971563981 0.05781990521327014 0.05118483412322275
1 0.06635071090047394 0.9369668246445497 0.054976303317535544 0.05023696682464455
6 0.06682464454976303 0.9933649289099526 0.052132701421800945 0.013270142180094787
6 0.06208530805687204 0.9767772511848342 0.055924170616113746 0.046445497630331754
4 0.6151658767772512 0.75260663507109 0.04075829383886256 0.03981042654028436
3 0.6691943127962086 0.7402843601895734 0.03981042654028436 0.03886255924170616
9 0.7227488151658767 0.728909952606635 0.054976303317535544 0.07109004739336493
9 0.7654028436018957 0.7327014218009479 0.05308056872037915 0.06445497630331753
1 0.8080568720379147 0.728909952606635 0.055924170616113746 0.06729857819905213
6 0.8469194312796209 0.7440758293838863 0.05781990521327014 0.05971563981042654
6 0.8786729857819905 0.7720379146919432 0.07298578199052133 0.06540284360189573