8 0.5203791469194313 0.35071090047393366 0.07203791469194312 0.017061611374407582
8 0.46208530805687204 0.33933649289099527 0.07298578199052133 0.03981042654028436
9 0.418957345971564 0.33175355450236965 0.05308056872037915 0.054976303317535544
9 0.3819905213270142 0.32701421800947866 0.05118483412322275 0.06445497630331753
1 0.34360189573459715 0.3227488151658768 0.05402843601895735 0.06445497630331753
6 0.3028436018957346 0.3246445497630332 0.054976303317535544 0.05781990521327014
6 0.2616113744075829 0.33127962085308055 0.07203791469194312 0.055924170616113746
3 0.36492890995260663 0.8815165876777251 0.05308056872037915 0.054976303317535544
3 0.21706161137440758 0.8829383886255924 0.052132701421800945 0.04928909952606635
3 0.15260663507109004 0.861611374407583 0.02843601895734597 0.03222748815165877
3 0.11943127962085308 0.8706161137440759 0.05118483412322275 0.05402843601895735
8 0.9601895734597157 0.5137440758293839 0.07962085308056872 0.0909952606635071