3 0.07109004739336493 0.03981042654028436 0.04454976303317536 0.04265402843601896
8 0.14549763033175356 0.06018957345971564 0.08720379146919431 0.08530805687203792
9 0.1985781990521327 0.08246445497630332 0.05402843601895735 0.06066350710900474
9 0.24075829383886255 0.095260663507109 0.05781990521327014 0.06255924170616113
1 0.2848341232227488 0.1014218009478673 0.05687203791469194 0.055924170616113746
6 0.3104265402843602 0.08625592417061612 0.05402843601895735 0.04549763033175355
6 0.3355450236966825 0.06966824644549763 0.05687203791469194 0.04265402843601896
6 0.3469194312796208 0.047867298578199054 0.04928909952606635 0.027488151658767772
6 0.9696682464454977 0.11327014218009479 0.04739336492890995 0.04739336492890995
6 0.9909952606635071 0.12085308056872038 0.01800947867298578 0.05402843601895735
6 0.9345971563981043 0.1014218009478673 0.04549763033175355 0.05118483412322275
6 0.9033175355450237 0.08767772511848342 0.04739336492890995 0.05118483412322275
1 0.890521327014218 0.061611374407582936 0.052132701421800945 0.058767772511848344
9 0.8800947867298579 0.027962085308056873 0.054976303317535544 0.04928909952606635
9 0.8753554502369668 0.00995260663507109 0.052132701421800945 0.01990521327014218
2 0.21800947867298578 0.8071090047393364 0.05118483412322275 0.046445497630331754
8 0.5132701421800948 0.7317535545023697 0.08436018957345971 0.09004739336492891
8 0.48104265402843605 0.7966824644549763 0.0909952606635071 0.09289099526066351
9 0.4483412322274882 0.8492890995260663 0.06824644549763033 0.06919431279620854
1 0.4199052132701422 0.8881516587677725 0.06540284360189573 0.058767772511848344
6 0.381042654028436 0.9090047393364928 0.05023696682464455 0.05687203791469194
6 0.34739336492890993 0.919431279620853 0.046445497630331754 0.055924170616113746
6 0.3109004739336493 0.9156398104265403 0.04739336492890995 0.055924170616113746
6 0.2734597156398104 0.8971563981042654 0.05023696682464455 0.05971563981042654
1 0.24123222748815165 0.8706161137440759 0.061611374407582936 0.06445497630331753
2 0.19146919431279621 0.7454976303317535 0.0909952606635071 0.08530805687203792
0 0.8270142180094787 0.5957345971563981 0.06635071090047394 0.06729857819905213
0 0.8502369668246446 0.6507109004739337 0.06255924170616113 0.06919431279620854
0 0.895260663507109 0.7431279620853081 0.05308056872037915 0.06540284360189573
1 0.9293838862559242 0.7985781990521327 0.07867298578199051 0.11184834123222749
6 0.9649289099526066 0.8383886255924171 0.06729857819905213 0.09289099526066351
6 0.9867298578199052 0.8540284360189574 0.026540284360189573 0.08151658767772511