9 0.2559241706161137 0.013270142180094787 0.05687203791469194 0.026540284360189573
9 0.2834123222748815 0.03222748815165877 0.052132701421800945 0.05402843601895735
1 0.314218009478673 0.05545023696682464 0.04454976303317536 0.05118483412322275
1 0.4725118483412322 0.017535545023696683 0.04454976303317536 0.035071090047393366
6 0.35308056872037913 0.06398104265402843 0.043601895734597156 0.046445497630331754
6 0.3886255924170616 0.06255924170616113 0.03981042654028436 0.043601895734597156
6 0.41800947867298577 0.05402843601895735 0.03886255924170616 0.04170616113744076
6 0.44691943127962086 0.03744075829383886 0.04075829383886256 0.04265402843601896
1 0.9611374407582939 0.26255924170616113 0.05687203791469194 0.05308056872037915
6 0.9080568720379147 0.2672985781990521 0.04928909952606635 0.043601895734597156
6 0.8625592417061612 0.27582938388625594 0.06445497630331753 0.026540284360189573
8 0.31469194312796206 0.4720379146919431 0.09289099526066351 0.1052132701421801
8 0.24360189573459715 0.5156398104265403 0.0947867298578199 0.1052132701421801
2 0.1843601895734597 0.5445497630331754 0.05023696682464455 0.06635071090047394
9 0.13080568720379146 0.5530805687203791 0.06540284360189573 0.07677725118483412
1 0.08246445497630332 0.5720379146919431 0.05687203791469194 0.05687203791469194
6 0.03886255924170616 0.5559241706161138 0.055924170616113746 0.055924170616113746
6 0.013744075829383886 0.533175355450237 0.027488151658767772 0.06729857819905213
0 0.5862559241706161 0.6502369668246446 0.03317535545023697 0.04549763033175355
0 0.6251184834123222 0.6957345971563981 0.04739336492890995 0.052132701421800945
0 0.70521327014218 0.7625592417061612 0.04170616113744076 0.04549763033175355
8 0.8943127962085308 0.5151658767772512 0.06445497630331753 0.06635071090047394
8 0.8995260663507109 0.576303317535545 0.06919431279620854 0.06540284360189573
9 0.9 0.6293838862559241 0.06445497630331753 0.058767772511848344
9 0.9 0.680568720379147 0.05781990521327014 0.05308056872037915
1 0.7454976303317535 0.79478672985782 0.05971563981042654 0.06919431279620854
1 0.8909952606635071 0.7251184834123223 0.05971563981042654 0.06729857819905213
6 0.8767772511848341 0.7630331753554502 0.05781990521327014 0.06445497630331753
6 0.8545023696682464 0.7843601895734598 0.04928909952606635 0.06255924170616113
6 0.8227488151658767 0.7985781990521327 0.05118483412322275 0.07109004739336493
6 0.7914691943127962 0.8042654028436019 0.04834123222748815 0.06350710900473934