8 0.262085308056872 0.3796208530805687 0.08625592417061612 0.05971563981042654
9 0.29241706161137443 0.34976303317535545 0.07298578199052133 0.06635071090047394
9 0.3184834123222749 0.31516587677725116 0.07393364928909953 0.06540284360189573
3 0.35071090047393366 0.2890995260663507 0.037914691943127965 0.03886255924170616
3 0.4037914691943128 0.27061611374407585 0.03981042654028436 0.04170616113744076
3 0.47014218009478675 0.2824644549763033 0.018957345971563982 0.043601895734597156
8 0.795734597156398 0.2881516587677725 0.0995260663507109 0.1023696682464455
8 0.8772511848341232 0.2663507109004739 0.0985781990521327 0.0947867298578199
9 0.9421800947867298 0.25071090047393363 0.06350710900473934 0.06445497630331753
9 0.981042654028436 0.22890995260663508 0.037914691943127965 0.05971563981042654
6 0.006635071090047393 0.8985781990521327 0.013270142180094787 0.054976303317535544
6 0.023696682464454975 0.9037914691943127 0.04739336492890995 0.05402843601895735
6 0.057345971563981045 0.9037914691943127 0.052132701421800945 0.054976303317535544
6 0.09146919431279621 0.8933649289099526 0.05118483412322275 0.05781990521327014
1 0.11516587677725118 0.8597156398104265 0.07677725118483412 0.07867298578199051
5 0.14454976303317535 0.776303317535545 0.046445497630331754 0.04265402843601896
5 0.17488151658767773 0.7341232227488151 0.04170616113744076 0.046445497630331754
5 0.19478672985781992 0.671090047393365 0.04834123222748815 0.05023696682464455
8 0.4957345971563981 0.904739336492891 0.03222748815165877 0.07867298578199051
8 0.5388625592417061 0.9 0.08246445497630332 0.0947867298578199
9 0.590047393364929 0.8838862559241706 0.058767772511848344 0.06729857819905213
9 0.6322274881516587 0.8895734597156398 0.061611374407582936 0.07298578199052133
1 0.6781990521327014 0.8928909952606635 0.06255924170616113 0.06919431279620854
6 0.718957345971564 0.9042654028436019 0.05781990521327014 0.05971563981042654
6 0.7502369668246446 0.9298578199052133 0.07109004739336493 0.07014218009478673