9 0.016113744075829384 0.1990521327014218 0.03222748815165877 0.07014218009478673
9 0.04691943127962085 0.1933649289099526 0.054976303317535544 0.06066350710900474
1 0.08199052132701422 0.2156398104265403 0.055924170616113746 0.05971563981042654
6 0.10853080568720379 0.22843601895734597 0.04739336492890995 0.046445497630331754
6 0.12464454976303317 0.24834123222748816 0.04928909952606635 0.03601895734597156
6 0.13270142180094788 0.27061611374407585 0.05402843601895735 0.03696682464454976
2 0.4601895734597156 0.09289099526066351 0.04075829383886256 0.13649289099526066
8 0.5208530805687204 0.06872037914691943 0.12322274881516587 0.12511848341232226
9 0.6052132701421801 0.05639810426540284 0.08246445497630332 0.0995260663507109
9 0.6725118483412322 0.05687203791469194 0.08341232227488152 0.10426540284360189
1 0.7450236966824645 0.06729857819905213 0.08530805687203792 0.11279620853080569
6 0.7971563981042654 0.08199052132701422 0.07109004739336493 0.08436018957345971
6 0.8450236966824645 0.11990521327014218 0.1023696682464455 0.0966824644549763
8 0.3165876777251185 0.8203791469194313 0.07582938388625593 0.08151658767772511
8 0.37109004739336493 0.8009478672985783 0.07962085308056872 0.08909952606635071
9 0.4156398104265403 0.7824644549763033 0.04834123222748815 0.06919431279620854
9 0.43317535545023694 0.7720379146919432 0.013270142180094787 0.06350710900473934
3 0.4819905213270142 0.74739336492891 0.043601895734597156 0.04170616113744076
8 0.557345971563981 0.7649289099526067 0.08530805687203792 0.08341232227488152
9 0.6109004739336493 0.7853080568720379 0.052132701421800945 0.05971563981042654
9 0.6535545023696683 0.7966824644549763 0.055924170616113746 0.061611374407582936
1 0.6981042654028436 0.8014218009478673 0.054976303317535544 0.054976303317535544
6 0.7227488151658767 0.7853080568720379 0.05308056872037915 0.043601895734597156
6 0.74739336492891 0.7682464454976303 0.055924170616113746 0.04075829383886256
6 0.7582938388625592 0.7459715639810427 0.04928909952606635 0.026540284360189573