8 0.013744075829383886 0.24218009478672986 0.027488151658767772 0.08056872037914692
9 0.03744075829383886 0.25876777251184835 0.046445497630331754 0.061611374407582936
9 0.08246445497630332 0.25781990521327014 0.04928909952606635 0.06255924170616113
1 0.12654028436018958 0.25924170616113745 0.052132701421800945 0.05308056872037915
6 0.16966824644549763 0.25165876777251184 0.054976303317535544 0.05118483412322275
6 0.2042654028436019 0.22985781990521326 0.07298578199052133 0.052132701421800945
8 0.6649289099526067 0.5862559241706161 0.10900473933649289 0.046445497630331754
8 0.7004739336492891 0.54739336492891 0.11563981042654028 0.1014218009478673
2 0.738388625592417 0.4900473933649289 0.0985781990521327 0.06729857819905213
9 0.7274881516587678 0.4312796208530806 0.0938388625592417 0.07867298578199051
1 0.747867298578199 0.37203791469194314 0.08909952606635071 0.07298578199052133
6 0.7426540284360189 0.3113744075829384 0.08151658767772511 0.07677725118483412
6 0.7184834123222749 0.25071090047393363 0.09194312796208531 0.09194312796208531
8 0.376303317535545 0.956872037914692 0.07109004739336493 0.07962085308056872
8 0.3118483412322275 0.9464454976303317 0.07677725118483412 0.08909952606635071
3 0.26540284360189575 0.9312796208530806 0.03601895734597156 0.031279620853080566
9 0.2156398104265403 0.9151658767772511 0.055924170616113746 0.07298578199052133
1 0.16919431279620853 0.8909952606635071 0.06066350710900474 0.05971563981042654
6 0.12274881516587678 0.9075829383886256 0.04739336492890995 0.05023696682464455
6 0.08151658767772511 0.923696682464455 0.06635071090047394 0.06635071090047394
6 0.05260663507109005 0.9483412322274881 0.03696682464454976 0.04834123222748815