8 0.18056872037914692 0.14218009478672985 0.07014218009478673 0.08056872037914692
8 0.24123222748815165 0.14739336492890995 0.07582938388625593 0.08341232227488152
9 0.2886255924170616 0.15687203791469195 0.04928909952606635 0.06350710900473934
9 0.33270142180094786 0.14881516587677726 0.052132701421800945 0.06445497630331753
1 0.3767772511848341 0.14312796208530806 0.05402843601895735 0.054976303317535544
6 0.41800947867298577 0.12890995260663507 0.05687203791469194 0.05308056872037915
6 0.44502369668246444 0.1018957345971564 0.06919431279620854 0.055924170616113746
8 0.5156398104265403 0.03886255924170616 0.07203791469194312 0.07772511848341232
8 0.5545023696682464 0.09004739336492891 0.08246445497630332 0.08341232227488152
8 0.8080568720379147 0.046445497630331754 0.07772511848341232 0.08151658767772511
9 0.5767772511848341 0.14170616113744075 0.06445497630331753 0.054976303317535544
9 0.8028436018957346 0.1018957345971564 0.06066350710900474 0.05308056872037915
9 0.7962085308056872 0.14597156398104266 0.055924170616113746 0.054976303317535544
3 0.6033175355450237 0.16777251184834124 0.035071090047393366 0.03601895734597156
1 0.6393364928909953 0.1966824644549763 0.046445497630331754 0.05402843601895735
1 0.7753554502369668 0.1791469194312796 0.05023696682464455 0.05687203791469194
6 0.6677725118483412 0.21469194312796208 0.04075829383886256 0.054976303317535544
6 0.6976303317535545 0.22037914691943128 0.03601895734597156 0.05118483412322275
6 0.7270142180094786 0.21421800947867298 0.04075829383886256 0.052132701421800945
6 0.7530805687203791 0.1990521327014218 0.04549763033175355 0.052132701421800945
9 0.013270142180094787 0.8260663507109005 0.026540284360189573 0.07109004739336493
9 0.03459715639810427 0.8104265402843602 0.055924170616113746 0.07298578199052133
1 0.07630331753554502 0.8033175355450237 0.05402843601895735 0.06824644549763033
6 0.11800947867298578 0.809478672985782 0.04928909952606635 0.054976303317535544
6 0.15308056872037915 0.8251184834123223 0.06919431279620854 0.06919431279620854
8 0.4976303317535545 0.5829383886255924 0.03601895734597156 0.0909952606635071
9 0.5071090047393365 0.6402843601895735 0.054976303317535544 0.06350710900473934
9 0.5232227488151658 0.6786729857819905 0.07109004739336493 0.06919431279620854
1 0.5516587677725119 0.7232227488151659 0.06919431279620854 0.07014218009478673
8 0.8322274881516588 0.5383886255924171 0.08151658767772511 0.07772511848341232
9 0.8241706161137441 0.5919431279620853 0.07014218009478673 0.061611374407582936
9 0.8014218009478673 0.6345971563981042 0.07109004739336493 0.06824644549763033
1 0.7853080568720379 0.6853080568720379 0.06066350710900474 0.06540284360189573
6 0.7516587677725118 0.7199052132701422 0.06540284360189573 0.07298578199052133
6 0.7056872037914692 0.7440758293838863 0.07203791469194312 0.08530805687203792
6 0.6426540284360189 0.7488151658767772 0.08151658767772511 0.09194312796208531
2 0.5928909952606635 0.737914691943128 0.03696682464454976 0.043601895734597156