8 0.3004739336492891 0.15308056872037915 0.07298578199052133 0.08151658767772511
8 0.33838862559241706 0.18388625592417063 0.07772511848341232 0.09289099526066351
8 0.3981042654028436 0.2071090047393365 0.07677725118483412 0.09004739336492891
9 0.44597156398104265 0.21706161137440758 0.052132701421800945 0.07014218009478673
9 0.4729857819905213 0.22606635071090048 0.03222748815165877 0.06919431279620854
8 0.8995260663507109 0.18909952606635072 0.09194312796208531 0.09573459715639811
8 0.8753554502369668 0.13364928909952606 0.1014218009478673 0.1061611374407583
9 0.8582938388625593 0.08151658767772511 0.07393364928909953 0.07677725118483412
9 0.8322274881516588 0.04739336492890995 0.08530805687203792 0.08341232227488152
9 0.7985781990521327 0.018957345971563982 0.06729857819905213 0.037914691943127965
6 0.6014218009478673 0.010900473933649289 0.061611374407582936 0.021800947867298578
1 0.5739336492890995 0.03459715639810427 0.07677725118483412 0.06919431279620854
9 0.5582938388625592 0.08720379146919431 0.0881516587677725 0.07677725118483412
9 0.5545023696682464 0.14075829383886257 0.0938388625592417 0.06729857819905213
8 0.5492890995260663 0.2037914691943128 0.1061611374407583 0.0938388625592417
8 0.5492890995260663 0.27630331753554505 0.1061611374407583 0.08909952606635071
8 0.24360189573459715 0.6184834123222749 0.0995260663507109 0.09573459715639811
9 0.2720379146919431 0.6786729857819905 0.07867298578199051 0.08056872037914692
9 0.2938388625592417 0.7265402843601896 0.06350710900473934 0.06824644549763033
1 0.4777251184834123 0.7606635071090048 0.022748815165876776 0.07109004739336493
6 0.46161137440758293 0.7872037914691943 0.054976303317535544 0.07298578199052133
6 0.4308056872037915 0.8004739336492891 0.05118483412322275 0.08056872037914692
6 0.3985781990521327 0.7867298578199052 0.05687203791469194 0.08436018957345971
6 0.36682464454976305 0.781042654028436 0.05687203791469194 0.08530805687203792
1 0.3251184834123223 0.75260663507109 0.058767772511848344 0.07772511848341232
9 0.7203791469194313 0.47393364928909953 0.07582938388625593 0.02843601895734597
9 0.7023696682464455 0.5 0.07867298578199051 0.06635071090047394
1 0.6729857819905213 0.542654028436019 0.06255924170616113 0.06350710900473934
6 0.5137440758293839 0.5753554502369668 0.04928909952606635 0.06066350710900474
6 0.6322274881516587 0.571563981042654 0.06919431279620854 0.05781990521327014