8 0.3350710900473934 0.24928909952606634 0.07298578199052133 0.06824644549763033
9 0.2838862559241706 0.2672985781990521 0.05781990521327014 0.061611374407582936
1 0.2156398104265403 0.3009478672985782 0.054976303317535544 0.06066350710900474
6 0.1848341232227488 0.3009478672985782 0.052132701421800945 0.05308056872037915
6 0.16113744075829384 0.2890995260663507 0.04739336492890995 0.04739336492890995
6 0.14312796208530806 0.26492890995260665 0.04454976303317536 0.04739336492890995
6 0.12464454976303317 0.24691943127962085 0.05023696682464455 0.05402843601895735
9 0.25355450236966826 0.2957345971563981 0.05402843601895735 0.05781990521327014
8 0.6995260663507109 0.38341232227488153 0.06350710900473934 0.07298578199052133
8 0.6511848341232227 0.41232227488151657 0.07488151658767772 0.08436018957345971
8 0.5957345971563981 0.44502369668246444 0.07962085308056872 0.0881516587677725
9 0.5436018957345972 0.4606635071090047 0.05781990521327014 0.06919431279620854
9 0.5085308056872038 0.46777251184834123 0.03886255924170616 0.06919431279620854
8 0.05023696682464455 0.7962085308056872 0.08341232227488152 0.0947867298578199
8 0.1066350710900474 0.7668246445497631 0.07677725118483412 0.08909952606635071
9 0.15402843601895735 0.7469194312796209 0.06445497630331753 0.07867298578199051
9 0.1957345971563981 0.7350710900473933 0.06066350710900474 0.07393364928909953
1 0.23838862559241705 0.7222748815165877 0.06066350710900474 0.06919431279620854
6 0.2777251184834123 0.7255924170616114 0.06919431279620854 0.06540284360189573
6 0.31563981042654027 0.7431279620853081 0.07867298578199051 0.07393364928909953
8 0.5274881516587677 0.8037914691943128 0.07677725118483412 0.0947867298578199
9 0.5834123222748815 0.8052132701421801 0.05781990521327014 0.05971563981042654
9 0.6308056872037915 0.795734597156398 0.05971563981042654 0.05971563981042654
1 0.671090047393365 0.7781990521327015 0.07014218009478673 0.061611374407582936
6 0.6933649289099526 0.752132701421801 0.06635071090047394 0.05118483412322275
6 0.7123222748815166 0.7151658767772512 0.06540284360189573 0.052132701421800945
6 0.7161137440758294 0.6843601895734597 0.06445497630331753 0.04834123222748815