8 0.32559241706161135 0.24502369668246446 0.06540284360189573 0.06729857819905213
8 0.3687203791469194 0.2957345971563981 0.07203791469194312 0.07393364928909953
9 0.4246445497630332 0.3800947867298578 0.05308056872037915 0.04928909952606635
9 0.44597156398104265 0.4151658767772512 0.05023696682464455 0.04549763033175355
8 0.9872037914691943 0.3881516587677725 0.025592417061611375 0.08056872037914692
9 0.7364928909952607 0.44028436018957345 0.05308056872037915 0.01800947867298578
8 0.9644549763033176 0.3691943127962085 0.058767772511848344 0.06445497630331753
9 0.9208530805687204 0.35071090047393366 0.055924170616113746 0.06255924170616113
9 0.8800947867298579 0.32654028436018956 0.05118483412322275 0.05118483412322275
1 0.7260663507109004 0.4146919431279621 0.04739336492890995 0.04834123222748815
1 0.837914691943128 0.30995260663507107 0.043601895734597156 0.055924170616113746
6 0.7298578199052133 0.3706161137440758 0.04265402843601896 0.046445497630331754
6 0.7431279620853081 0.34218009478672984 0.04739336492890995 0.05023696682464455
6 0.7701421800947867 0.318957345971564 0.046445497630331754 0.05308056872037915
6 0.8014218009478673 0.3184834123222749 0.04834123222748815 0.05118483412322275
8 0.11469194312796209 0.6928909952606636 0.08530805687203792 0.1004739336492891
8 0.1990521327014218 0.6985781990521327 0.0909952606635071 0.0976303317535545
9 0.2682464454976303 0.7028436018957346 0.06066350710900474 0.07582938388625593
9 0.32606635071090045 0.7009478672985782 0.05781990521327014 0.07867298578199051
1 0.3819905213270142 0.6890995260663507 0.06066350710900474 0.06729857819905213
1 0.45118483412322274 0.46255924170616114 0.06824644549763033 0.026540284360189573
6 0.4322274881516588 0.6649289099526067 0.06066350710900474 0.06066350710900474
6 0.4781990521327014 0.4947867298578199 0.052132701421800945 0.06066350710900474
6 0.46824644549763034 0.6180094786729858 0.06445497630331753 0.07203791469194312
6 0.4824644549763033 0.5563981042654028 0.05971563981042654 0.06824644549763033
8 0.8255924170616113 0.9322274881516588 0.07582938388625593 0.08436018957345971
8 0.7876777251184834 0.8890995260663507 0.08436018957345971 0.08530805687203792
9 0.7535545023696683 0.8445497630331753 0.06255924170616113 0.06066350710900474
3 0.7170616113744076 0.8222748815165877 0.03222748815165877 0.031279620853080566
1 0.6796208530805687 0.7862559241706161 0.052132701421800945 0.05971563981042654
6 0.6417061611374407 0.7672985781990521 0.052132701421800945 0.06635071090047394
6 0.5881516587677725 0.7649289099526067 0.05971563981042654 0.05971563981042654
6 0.5445497630331754 0.7876777251184834 0.029383886255924172 0.06066350710900474