9 0.46966824644549765 0.02890995260663507 0.05971563981042654 0.05781990521327014
6 0.4004739336492891 0.07014218009478673 0.04928909952606635 0.05023696682464455
6 0.36824644549763036 0.07772511848341232 0.04549763033175355 0.04454976303317536
6 0.33933649289099527 0.07345971563981042 0.05118483412322275 0.046445497630331754
6 0.3127962085308057 0.05971563981042654 0.05687203791469194 0.04549763033175355
1 0.2943127962085308 0.032701421800947865 0.058767772511848344 0.04834123222748815
3 0.6554502369668247 0.3796208530805687 0.031279620853080566 0.07488151658767772
3 0.6696682464454976 0.32559241706161135 0.05971563981042654 0.06540284360189573
3 0.8270142180094787 0.32559241706161135 0.06919431279620854 0.07393364928909953
3 0.8658767772511848 0.3748815165876777 0.06445497630331753 0.07298578199052133
3 0.9398104265402843 0.442654028436019 0.06919431279620854 0.034123222748815164
8 0.18293838862559242 0.6639810426540285 0.07109004739336493 0.07867298578199051
8 0.46824644549763034 0.6104265402843602 0.07582938388625593 0.07677725118483412
8 0.2 0.614218009478673 0.08151658767772511 0.09573459715639811
9 0.21469194312796208 0.5677725118483412 0.055924170616113746 0.06729857819905213
9 0.23507109004739338 0.5407582938388625 0.05308056872037915 0.061611374407582936
9 0.45118483412322274 0.5682464454976304 0.06350710900473934 0.055924170616113746
9 0.43459715639810426 0.5298578199052133 0.061611374407582936 0.05781990521327014
1 0.25213270142180094 0.5127962085308057 0.055924170616113746 0.055924170616113746
1 0.4075829383886256 0.5033175355450237 0.05781990521327014 0.055924170616113746
6 0.2791469194312796 0.4919431279620853 0.05118483412322275 0.05402843601895735
6 0.3132701421800948 0.4848341232227488 0.04454976303317536 0.05023696682464455
6 0.3469194312796208 0.4843601895734597 0.04739336492890995 0.04928909952606635
6 0.37819905213270144 0.490521327014218 0.05308056872037915 0.05687203791469194
3 0.4725118483412322 0.6540284360189573 0.03981042654028436 0.035071090047393366
9 0.8829383886255924 0.7900473933649289 0.06350710900473934 0.07109004739336493
9 0.9156398104265403 0.8232227488151659 0.05971563981042654 0.06824644549763033
1 0.9535545023696682 0.8450236966824645 0.05781990521327014 0.07109004739336493
6 0.981042654028436 0.8559241706161137 0.037914691943127965 0.06824644549763033