8 0.03981042654028436 0.1924170616113744 0.07962085308056872 0.08720379146919431
8 0.06919431279620854 0.14218009478672985 0.08625592417061612 0.09194312796208531
9 0.1004739336492891 0.0938388625592417 0.06255924170616113 0.06445497630331753
1 0.15734597156398103 0.021800947867298578 0.05687203791469194 0.043601895734597156
6 0.2127962085308057 0.01042654028436019 0.06729857819905213 0.02085308056872038
6 0.2791469194312796 0.01042654028436019 0.06729857819905213 0.02085308056872038
6 0.318957345971564 0.02227488151658768 0.04075829383886256 0.04454976303317536
8 0.36492890995260663 0.3113744075829384 0.05118483412322275 0.07298578199052133
8 0.3872037914691943 0.37298578199052135 0.07582938388625593 0.07962085308056872
9 0.4137440758293839 0.4255924170616114 0.05402843601895735 0.06350710900473934
9 0.442654028436019 0.4597156398104265 0.055924170616113746 0.06445497630331753
1 0.4791469194312796 0.4791469194312796 0.05023696682464455 0.04075829383886256
6 0.5104265402843602 0.4895734597156398 0.04265402843601896 0.01990521327014218
6 0.5421800947867299 0.4924170616113744 0.03981042654028436 0.014218009478672985
6 0.5796208530805688 0.4881516587677725 0.04454976303317536 0.022748815165876776
6 0.6090047393364929 0.4838862559241706 0.046445497630331754 0.031279620853080566
1 0.6398104265402843 0.47345971563981043 0.05118483412322275 0.052132701421800945
9 0.671090047393365 0.4431279620853081 0.054976303317535544 0.058767772511848344
9 0.6758293838862559 0.3924170616113744 0.05971563981042654 0.054976303317535544
8 0.06113744075829384 0.70521327014218 0.07488151658767772 0.07488151658767772
8 0.03744075829383886 0.7668246445497631 0.07203791469194312 0.07298578199052133
9 0.02227488151658768 0.8165876777251185 0.04454976303317536 0.04834123222748815
9 0.00900473933649289 0.85260663507109 0.01800947867298578 0.046445497630331754
8 0.476303317535545 0.5317535545023697 0.07677725118483412 0.06445497630331753
9 0.5947867298578199 0.5393364928909953 0.04549763033175355 0.055924170616113746
9 0.6350710900473934 0.5436018957345972 0.04454976303317536 0.054976303317535544
1 0.6734597156398104 0.5440758293838862 0.04834123222748815 0.052132701421800945
6 0.7004739336492891 0.514218009478673 0.05308056872037915 0.029383886255924172
7 0.5393364928909953 0.5232227488151658 0.05687203791469194 0.04739336492890995