8 0.45308056872037916 0.2990521327014218 0.09289099526066351 0.08056872037914692
9 0.3928909952606635 0.2995260663507109 0.06919431279620854 0.07962085308056872
9 0.33981042654028437 0.2838862559241706 0.08056872037914692 0.09004739336492891
8 0.2957345971563981 0.5104265402843602 0.0938388625592417 0.0985781990521327
8 0.33317535545023697 0.5753554502369668 0.09004739336492891 0.0938388625592417
9 0.35497630331753555 0.6345971563981042 0.06066350710900474 0.06445497630331753
9 0.3748815165876777 0.6829383886255924 0.05781990521327014 0.058767772511848344
1 0.41137440758293836 0.7137440758293839 0.06066350710900474 0.06255924170616113
6 0.48578199052132703 0.7336492890995261 0.027488151658767772 0.05687203791469194
6 0.4549763033175355 0.7255924170616114 0.054976303317535544 0.055924170616113746
4 0.8213270142180095 0.6165876777251185 0.04834123222748815 0.04549763033175355
3 0.8663507109004739 0.5824644549763033 0.052132701421800945 0.04834123222748815
4 0.9260663507109005 0.557345971563981 0.03981042654028436 0.03981042654028436
9 0.9616113744075829 0.5284360189573459 0.07677725118483412 0.08056872037914692
1 0.9876777251184834 0.5132701421800948 0.024644549763033177 0.06729857819905213