3 0.06777251184834124 0.27109004739336495 0.05308056872037915 0.05118483412322275
3 0.08009478672985781 0.3289099526066351 0.04454976303317536 0.04265402843601896
9 0.0867298578199052 0.3739336492890995 0.06635071090047394 0.06540284360189573
1 0.1080568720379147 0.4260663507109005 0.06635071090047394 0.05781990521327014
3 0.13601895734597155 0.44075829383886256 0.029383886255924172 0.03696682464454976
3 0.1943127962085308 0.4606635071090047 0.037914691943127965 0.043601895734597156
3 0.23744075829383887 0.4218009478672986 0.034123222748815164 0.03696682464454976
8 0.2881516587677725 0.3701421800947867 0.07298578199052133 0.07109004739336493
9 0.26966824644549764 0.40616113744075827 0.06919431279620854 0.06445497630331753
1 0.23554502369668245 0.45545023696682463 0.06350710900473934 0.05687203791469194
9 0.9767772511848342 0.195260663507109 0.046445497630331754 0.07393364928909953
1 0.9421800947867298 0.17962085308056872 0.061611374407582936 0.058767772511848344
6 0.8990521327014218 0.17867298578199053 0.05971563981042654 0.055924170616113746
6 0.8530805687203792 0.1848341232227488 0.06540284360189573 0.06350710900473934
3 0.47535545023696685 0.7161137440758294 0.04549763033175355 0.046445497630331754
0 0.4085308056872038 0.7118483412322275 0.05023696682464455 0.04834123222748815
9 0.34312796208530805 0.7066350710900474 0.06066350710900474 0.06635071090047394
9 0.3 0.7080568720379147 0.054976303317535544 0.06066350710900474
1 0.26018957345971566 0.6933649289099526 0.05781990521327014 0.061611374407582936
6 0.22796208530805687 0.6777251184834123 0.061611374407582936 0.05402843601895735
6 0.21184834123222748 0.6606635071090048 0.061611374407582936 0.05118483412322275
6 0.2014218009478673 0.6412322274881517 0.05971563981042654 0.023696682464454975
8 0.6919431279620853 0.9611374407582939 0.10426540284360189 0.07772511848341232
8 0.9876777251184834 0.8132701421800947 0.024644549763033177 0.1023696682464455
8 0.7260663507109004 0.9014218009478673 0.0995260663507109 0.0985781990521327
8 0.7483412322274882 0.8274881516587678 0.0938388625592417 0.0938388625592417
9 0.7677725118483413 0.7654028436018957 0.07109004739336493 0.06919431279620854
9 0.9824644549763033 0.7559241706161137 0.035071090047393366 0.07298578199052133
1 0.7962085308056872 0.7265402843601896 0.06540284360189573 0.06540284360189573
1 0.966350710900474 0.7227488151658767 0.06066350710900474 0.06919431279620854
6 0.9317535545023696 0.704265402843602 0.05781990521327014 0.06635071090047394
6 0.8957345971563981 0.6933649289099526 0.05781990521327014 0.06635071090047394
6 0.8563981042654029 0.6947867298578199 0.054976303317535544 0.06255924170616113
6 0.8279620853080568 0.704265402843602 0.06540284360189573 0.06824644549763033