4 0.8601895734597157 0.11753554502369669 0.04075829383886256 0.03981042654028436
4 0.566824644549763 0.2104265402843602 0.03317535545023697 0.03222748815165877
4 0.5881516587677725 0.23886255924170616 0.031279620853080566 0.03033175355450237
9 0.6137440758293838 0.266824644549763 0.05023696682464455 0.05687203791469194
9 0.6412322274881517 0.2995260663507109 0.05402843601895735 0.052132701421800945
2 0.6739336492890995 0.32654028436018956 0.043601895734597156 0.05308056872037915
2 0.8255924170616113 0.3042654028436019 0.043601895734597156 0.05118483412322275
9 0.8497630331753554 0.26303317535545023 0.055924170616113746 0.05118483412322275
9 0.8601895734597157 0.2184834123222749 0.05971563981042654 0.04834123222748815
4 0.8559241706161137 0.17393364928909952 0.04170616113744076 0.03981042654028436
8 0.17819905213270143 0.7677725118483413 0.08436018957345971 0.09004739336492891