2 0.29289099526066353 0.3758293838862559 0.06729857819905213 0.06255924170616113
9 0.3962085308056872 0.4090047393364929 0.05781990521327014 0.07203791469194312
9 0.4374407582938389 0.4208530805687204 0.05118483412322275 0.06445497630331753
1 0.4781990521327014 0.4308056872037915 0.052132701421800945 0.054976303317535544
6 0.509478672985782 0.41800947867298577 0.055924170616113746 0.04454976303317536
6 0.5355450236966824 0.4023696682464455 0.05971563981042654 0.046445497630331754
6 0.5502369668246445 0.37156398104265403 0.05687203791469194 0.04549763033175355
6 0.5606635071090047 0.34834123222748814 0.054976303317535544 0.04265402843601896
8 0.666824644549763 0.12938388625592417 0.035071090047393366 0.09004739336492891
9 0.695260663507109 0.17014218009478674 0.054976303317535544 0.06066350710900474
9 0.7161137440758294 0.21990521327014217 0.05781990521327014 0.05971563981042654
1 0.7507109004739336 0.25876777251184835 0.06350710900473934 0.061611374407582936
6 0.7654028436018957 0.2919431279620853 0.05971563981042654 0.05402843601895735
6 0.7630331753554502 0.33696682464454975 0.054976303317535544 0.04928909952606635
6 0.7535545023696683 0.3687203791469194 0.061611374407582936 0.05687203791469194
6 0.7255924170616114 0.4004739336492891 0.058767772511848344 0.058767772511848344
1 0.6876777251184835 0.4151658767772512 0.06066350710900474 0.06445497630331753
9 0.656872037914692 0.4208530805687204 0.015165876777251185 0.054976303317535544
3 0.2791469194312796 0.9066350710900474 0.05971563981042654 0.06066350710900474
3 0.33838862559241706 0.875829383886256 0.04739336492890995 0.052132701421800945
9 0.3966824644549763 0.8720379146919431 0.07867298578199051 0.0909952606635071
9 0.45355450236966827 0.8734597156398104 0.06729857819905213 0.08909952606635071
1 0.514218009478673 0.8706161137440759 0.07298578199052133 0.07772511848341232
6 0.5649289099526066 0.8890995260663507 0.07109004739336493 0.07393364928909953
6 0.6052132701421801 0.9203791469194312 0.0881516587677725 0.07014218009478673
6 0.6156398104265403 0.9654028436018958 0.06729857819905213 0.06729857819905213
9 0.6786729857819905 0.9350710900473934 0.058767772511848344 0.06350710900473934
9 0.6744075829383887 0.9767772511848342 0.05023696682464455 0.046445497630331754