8 0.2109004739336493 0.176303317535545 0.07203791469194312 0.06350710900473934
8 0.4611374407582938 0.06966824644549763 0.054976303317535544 0.05402843601895735
8 0.46445497630331756 0.12085308056872038 0.07298578199052133 0.07488151658767772
8 0.25071090047393363 0.21421800947867298 0.09194312796208531 0.09194312796208531
9 0.46445497630331756 0.16777251184834124 0.05781990521327014 0.05023696682464455
9 0.46208530805687204 0.204739336492891 0.05971563981042654 0.05402843601895735
9 0.2900473933649289 0.24976303317535545 0.07203791469194312 0.061611374407582936
9 0.3132701421800948 0.2848341232227488 0.06445497630331753 0.05971563981042654
1 0.4725118483412322 0.24265402843601896 0.054976303317535544 0.04928909952606635
1 0.35260663507109 0.3014218009478673 0.061611374407582936 0.061611374407582936
6 0.3886255924170616 0.3018957345971564 0.05118483412322275 0.05118483412322275
6 0.409478672985782 0.285781990521327 0.046445497630331754 0.04265402843601896
6 0.43933649289099524 0.27582938388625594 0.043601895734597156 0.043601895734597156
6 0.4706161137440758 0.26587677725118486 0.04265402843601896 0.03696682464454976
8 0.5971563981042654 0.14218009478672985 0.054976303317535544 0.16492890995260664
8 0.6682464454976303 0.0990521327014218 0.15165876777251186 0.16303317535545023
3 0.7611374407582938 0.06777251184834124 0.06729857819905213 0.07014218009478673
9 0.828909952606635 0.05308056872037915 0.11469194312796209 0.1061611374407583
1 0.9118483412322275 0.032701421800947865 0.0985781990521327 0.06540284360189573
6 0.9672985781990522 0.032701421800947865 0.06540284360189573 0.06540284360189573
8 0.061611374407582936 0.638388625592417 0.08720379146919431 0.09004739336492891
2 0.11990521327014218 0.6255924170616114 0.05687203791469194 0.07677725118483412
9 0.16872037914691942 0.6180094786729858 0.06255924170616113 0.07582938388625593
1 0.2184834123222749 0.6213270142180095 0.058767772511848344 0.06350710900473934
6 0.23412322274881517 0.5824644549763033 0.04834123222748815 0.058767772511848344
6 0.262085308056872 0.5635071090047393 0.03981042654028436 0.05402843601895735
6 0.2796208530805687 0.5421800947867299 0.03696682464454976 0.043601895734597156
3 0.6658767772511849 0.7336492890995261 0.04454976303317536 0.04170616113744076
8 0.7270142180094786 0.7071090047393365 0.08246445497630332 0.0909952606635071
9 0.7677725118483413 0.6701421800947868 0.06066350710900474 0.07203791469194312
9 0.8123222748815165 0.6611374407582938 0.05687203791469194 0.07014218009478673
1 0.8587677725118483 0.6578199052132702 0.05781990521327014 0.06350710900473934
6 0.9066350710900474 0.6511848341232227 0.05781990521327014 0.06255924170616113
6 0.9469194312796209 0.671563981042654 0.07393364928909953 0.07582938388625593