8 0.023696682464454975 0.04170616113744076 0.04739336492890995 0.054976303317535544
8 0.2739336492890995 0.02985781990521327 0.06445497630331753 0.05971563981042654
8 0.04834123222748815 0.08578199052132701 0.08056872037914692 0.08151658767772511
9 0.266824644549763 0.07298578199052133 0.052132701421800945 0.043601895734597156
9 0.25876777251184835 0.109478672985782 0.05308056872037915 0.046445497630331754
9 0.08151658767772511 0.12701421800947868 0.06540284360189573 0.052132701421800945
9 0.0990521327014218 0.16540284360189572 0.05781990521327014 0.05118483412322275
1 0.26303317535545023 0.14834123222748816 0.04928909952606635 0.04265402843601896
1 0.13554502369668248 0.1876777251184834 0.054976303317535544 0.05402843601895735
6 0.17061611374407584 0.1938388625592417 0.04549763033175355 0.04454976303317536
6 0.1938388625592417 0.18104265402843603 0.04170616113744076 0.03696682464454976
6 0.22511848341232227 0.17582938388625594 0.03886255924170616 0.03886255924170616
6 0.25734597156398104 0.17156398104265402 0.03886255924170616 0.031279620853080566
8 0.7132701421800948 0.026540284360189573 0.04834123222748815 0.05308056872037915
8 0.9563981042654028 0.1895734597156398 0.08720379146919431 0.0909952606635071
8 0.8995260663507109 0.23317535545023696 0.07867298578199051 0.07962085308056872
8 0.7014218009478673 0.07725118483412323 0.024644549763033177 0.07298578199052133
9 0.8488151658767773 0.26445497630331755 0.05308056872037915 0.058767772511848344
9 0.8151658767772512 0.29241706161137443 0.04739336492890995 0.05023696682464455
1 0.7744075829383886 0.2971563981042654 0.04265402843601896 0.04834123222748815
6 0.7388625592417062 0.2976303317535545 0.04170616113744076 0.043601895734597156
6 0.709478672985782 0.28672985781990523 0.04075829383886256 0.04454976303317536
6 0.6971563981042654 0.26587677725118486 0.016113744075829384 0.04075829383886256
8 0.33838862559241706 0.6630331753554503 0.058767772511848344 0.06729857819905213
8 0.4042654028436019 0.6815165876777252 0.06635071090047394 0.06729857819905213
8 0.46729857819905213 0.6862559241706161 0.05308056872037915 0.06824644549763033
9 0.5203791469194313 0.6943127962085308 0.04739336492890995 0.058767772511848344
1 0.5696682464454976 0.6919431279620853 0.05402843601895735 0.07298578199052133
6 0.614218009478673 0.6890995260663507 0.06445497630331753 0.058767772511848344
6 0.6298578199052133 0.6445497630331753 0.06824644549763033 0.058767772511848344