3 0.025592417061611375 0.17535545023696683 0.04170616113744076 0.04170616113744076
3 0.024644549763033177 0.0990521327014218 0.035071090047393366 0.035071090047393366
1 0.02085308056872038 0.02085308056872038 0.04170616113744076 0.04170616113744076
9 0.02890995260663507 0.05639810426540284 0.05781990521327014 0.05781990521327014
8 0.6545023696682465 0.4492890995260663 0.07677725118483412 0.02085308056872038
9 0.7549763033175355 0.4492890995260663 0.05971563981042654 0.02085308056872038
9 0.7962085308056872 0.4483412322274882 0.05687203791469194 0.022748815165876776
1 0.8388625592417062 0.44597156398104265 0.05308056872037915 0.027488151658767772
6 0.8658767772511848 0.4364928909952607 0.05023696682464455 0.046445497630331754
6 0.8838862559241706 0.4075829383886256 0.054976303317535544 0.04834123222748815
6 0.8886255924170616 0.38388625592417064 0.046445497630331754 0.03886255924170616
8 0.03033175355450237 0.6255924170616114 0.06066350710900474 0.08909952606635071
8 0.06303317535545024 0.5909952606635072 0.08720379146919431 0.0938388625592417
9 0.1052132701421801 0.5649289099526066 0.06255924170616113 0.07677725118483412
9 0.14976303317535544 0.5483412322274882 0.05687203791469194 0.07109004739336493
1 0.1933649289099526 0.5374407582938389 0.05971563981042654 0.06729857819905213
6 0.22606635071090048 0.5246445497630332 0.052132701421800945 0.05971563981042654
6 0.26255924170616113 0.5393364928909953 0.06919431279620854 0.06445497630331753
6 0.2981042654028436 0.557345971563981 0.06919431279620854 0.07109004739336493
3 0.45734597156398105 0.7890995260663507 0.04739336492890995 0.046445497630331754
8 0.7417061611374408 0.876303317535545 0.0966824644549763 0.07962085308056872
9 0.7488151658767772 0.828909952606635 0.07677725118483412 0.06540284360189573
9 0.7469194312796209 0.7853080568720379 0.07582938388625593 0.061611374407582936
1 0.7469194312796209 0.7417061611374408 0.06635071090047394 0.055924170616113746
6 0.7402843601895734 0.6985781990521327 0.05687203791469194 0.05402843601895735
6 0.7194312796208531 0.680568720379147 0.07393364928909953 0.06824644549763033
6 0.6796208530805687 0.6526066350710901 0.07582938388625593 0.06919431279620854
6 0.6445497630331753 0.6535545023696683 0.06066350710900474 0.05971563981042654
1 0.6018957345971564 0.6644549763033175 0.05971563981042654 0.06350710900473934
9 0.566350710900474 0.6895734597156398 0.06350710900473934 0.06824644549763033
2 0.5327014218009478 0.7180094786729858 0.04549763033175355 0.054976303317535544
8 0.4962085308056872 0.752132701421801 0.08056872037914692 0.09004739336492891