8 0.07061611374407582 0.05071090047393365 0.07298578199052133 0.07867298578199051
9 0.0966824644549763 0.0924170616113744 0.058767772511848344 0.058767772511848344
9 0.11184834123222749 0.13364928909952606 0.055924170616113746 0.055924170616113746
1 0.12180094786729857 0.16966824644549763 0.05687203791469194 0.05118483412322275
9 0.007582938388625593 0.2781990521327014 0.015165876777251185 0.06540284360189573
1 0.029383886255924172 0.28199052132701424 0.05687203791469194 0.07014218009478673
6 0.11943127962085308 0.20568720379146918 0.05023696682464455 0.05023696682464455
6 0.1061611374407583 0.23175355450236967 0.05308056872037915 0.055924170616113746
6 0.09146919431279621 0.25402843601895736 0.05781990521327014 0.06255924170616113
6 0.06445497630331753 0.271563981042654 0.05402843601895735 0.06729857819905213
8 0.5023696682464455 0.023222748815165877 0.08909952606635071 0.046445497630331754
8 0.5222748815165876 0.06966824644549763 0.08341232227488152 0.08625592417061612
9 0.5440758293838862 0.12037914691943127 0.06350710900473934 0.061611374407582936
9 0.5616113744075829 0.16303317535545023 0.05971563981042654 0.05687203791469194
8 0.8132701421800947 0.016587677725118485 0.10426540284360189 0.03317535545023697
8 0.7971563981042654 0.053554502369668244 0.09004739336492891 0.09194312796208531
9 0.7777251184834123 0.10900473933649289 0.06540284360189573 0.06540284360189573
9 0.7682464454976303 0.15497630331753554 0.054976303317535544 0.05781990521327014
1 0.7426540284360189 0.1853080568720379 0.05118483412322275 0.05687203791469194
1 0.5867298578199052 0.19478672985781992 0.05023696682464455 0.05118483412322275
6 0.7118483412322275 0.2014218009478673 0.04549763033175355 0.04834123222748815
6 0.6791469194312796 0.2123222748815166 0.04265402843601896 0.05023696682464455
6 0.6459715639810426 0.2109004739336493 0.043601895734597156 0.04549763033175355
6 0.614218009478673 0.2066350710900474 0.046445497630331754 0.04739336492890995
8 0.17109004739336492 0.9502369668246445 0.12796208530805686 0.0995260663507109
9 0.2004739336492891 0.8971563981042654 0.09194312796208531 0.0976303317535545
9 0.23222748815165878 0.8402843601895734 0.0947867298578199 0.0976303317535545
1 0.2720379146919431 0.7933649289099526 0.08341232227488152 0.0909952606635071
6 0.32559241706161135 0.7540284360189573 0.07203791469194312 0.07203791469194312
6 0.36113744075829385 0.7369668246445498 0.03601895734597156 0.07488151658767772
3 0.44170616113744077 0.9872037914691943 0.05687203791469194 0.025592417061611375
4 0.43033175355450237 0.9436018957345972 0.06066350710900474 0.06066350710900474
9 0.4208530805687204 0.8819905213270142 0.08341232227488152 0.07298578199052133
9 0.42227488151658765 0.8270142180094787 0.08625592417061612 0.07298578199052133
1 0.4251184834123223 0.7706161137440758 0.07772511848341232 0.07962085308056872
6 0.44502369668246444 0.728436018957346 0.05687203791469194 0.06350710900473934
6 0.4890995260663507 0.6985781990521327 0.06919431279620854 0.07203791469194312
6 0.5459715639810426 0.6748815165876777 0.06540284360189573 0.07488151658767772
6 0.6 0.6691943127962086 0.055924170616113746 0.07109004739336493
1 0.6492890995260664 0.6900473933649289 0.06635071090047394 0.07962085308056872
9 0.6919431279620853 0.7227488151658767 0.08056872037914692 0.08056872037914692
9 0.7260663507109004 0.7658767772511849 0.08436018957345971 0.07867298578199051
8 0.7606635071090048 0.8156398104265403 0.0976303317535545 0.09289099526066351
8 0.7781990521327015 0.8710900473933649 0.0966824644549763 0.0881516587677725