8 0.557345971563981 0.05260663507109005 0.06540284360189573 0.07203791469194312
9 0.5753554502369668 0.0971563981042654 0.04928909952606635 0.05402843601895735
2 0.32037914691943126 0.2066350710900474 0.07582938388625593 0.06824644549763033
2 0.4156398104265403 0.2554502369668246 0.04454976303317536 0.05023696682464455
9 0.5815165876777251 0.13981042654028436 0.03696682464454976 0.05023696682464455
1 0.5838862559241706 0.17677725118483412 0.03222748815165877 0.046445497630331754
9 0.44644549763033176 0.2677725118483412 0.05023696682464455 0.06066350710900474
1 0.4886255924170616 0.27677725118483415 0.04928909952606635 0.06540284360189573
6 0.5819905213270142 0.2123222748815166 0.03601895734597156 0.04549763033175355
6 0.5706161137440758 0.23649289099526066 0.04739336492890995 0.05118483412322275
6 0.5530805687203791 0.25687203791469193 0.052132701421800945 0.05687203791469194
6 0.524170616113744 0.27109004739336495 0.04739336492890995 0.06255924170616113
8 0.7890995260663507 0.4369668246445498 0.07867298578199051 0.1004739336492891
8 0.8279620853080568 0.37725118483412323 0.07962085308056872 0.09289099526066351
9 0.8554502369668247 0.3227488151658768 0.07014218009478673 0.06540284360189573
9 0.8867298578199052 0.29289099526066353 0.06635071090047394 0.06635071090047394
1 0.9170616113744076 0.26445497630331755 0.05687203791469194 0.06635071090047394
4 0.9582938388625593 0.27535545023696684 0.031279620853080566 0.02843601895734597
8 0.2890995260663507 0.8625592417061612 0.07203791469194312 0.07488151658767772
9 0.32132701421800947 0.9052132701421801 0.052132701421800945 0.058767772511848344
3 0.35971563981042654 0.9127962085308057 0.034123222748815164 0.03317535545023697
3 0.5658767772511848 0.8966824644549763 0.037914691943127965 0.037914691943127965
1 0.37772511848341234 0.9601895734597157 0.05023696682464455 0.055924170616113746
6 0.4090047393364929 0.9691943127962085 0.05402843601895735 0.061611374407582936
6 0.45023696682464454 0.9706161137440759 0.05118483412322275 0.058767772511848344
6 0.4890995260663507 0.9696682464454977 0.04549763033175355 0.06066350710900474
6 0.5213270142180095 0.9639810426540284 0.05023696682464455 0.06635071090047394
1 0.5507109004739337 0.9473933649289099 0.05308056872037915 0.06445497630331753
9 0.5819905213270142 0.8744075829383886 0.03601895734597156 0.05971563981042654
8 0.7507109004739336 0.718957345971564 0.08151658767772511 0.07298578199052133
8 0.685781990521327 0.7450236966824645 0.07867298578199051 0.07582938388625593
9 0.6265402843601896 0.7635071090047393 0.05308056872037915 0.06729857819905213