3 0.14265402843601896 0.33981042654028437 0.04739336492890995 0.04454976303317536
8 0.08909952606635071 0.3407582938388626 0.07867298578199051 0.08720379146919431
9 0.037914691943127965 0.33886255924170616 0.06445497630331753 0.07488151658767772
9 0.014218009478672985 0.33127962085308055 0.02843601895734597 0.07109004739336493
3 0.6995260663507109 0.1985781990521327 0.05023696682464455 0.054976303317535544
3 0.7004739336492891 0.25355450236966826 0.05402843601895735 0.05687203791469194
3 0.6966824644549763 0.3241706161137441 0.05023696682464455 0.05781990521327014
1 0.6933649289099526 0.4018957345971564 0.10710900473933649 0.11374407582938388
6 0.6649289099526067 0.44597156398104265 0.0966824644549763 0.11279620853080569
6 0.6255924170616114 0.48009478672985784 0.10426540284360189 0.13744075829383887
6 0.5696682464454976 0.5080568720379147 0.0881516587677725 0.1052132701421801
1 0.5080568720379147 0.4924170616113744 0.08720379146919431 0.11469194312796209
8 0.2838862559241706 0.9829383886255925 0.0938388625592417 0.034123222748815164
9 0.22559241706161137 0.9805687203791469 0.05687203791469194 0.03886255924170616
9 0.1791469194312796 0.9706161137440759 0.05308056872037915 0.058767772511848344
1 0.13222748815165877 0.9644549763033176 0.07014218009478673 0.061611374407582936
6 0.0924170616113744 0.9729857819905213 0.08436018957345971 0.05402843601895735
6 0.06255924170616113 0.990521327014218 0.07962085308056872 0.018957345971563982
1 0.4545023696682464 0.8772511848341232 0.06919431279620854 0.09573459715639811
9 0.509478672985782 0.8767772511848341 0.08625592417061612 0.0909952606635071
9 0.5691943127962086 0.8848341232227488 0.08436018957345971 0.0976303317535545