8 0.2075829383886256 0.4042654028436019 0.08151658767772511 0.08720379146919431
8 0.5274881516587677 0.5246445497630332 0.08436018957345971 0.07867298578199051
8 0.5312796208530806 0.4654028436018957 0.08625592417061612 0.07677725118483412
8 0.24312796208530807 0.35545023696682465 0.08436018957345971 0.09004739336492891
9 0.2729857819905213 0.3175355450236967 0.05402843601895735 0.06066350710900474
9 0.3066350710900474 0.2919431279620853 0.06255924170616113 0.05971563981042654
9 0.5412322274881517 0.4184834123222749 0.05308056872037915 0.04549763033175355
1 0.5317535545023697 0.34834123222748814 0.05781990521327014 0.06255924170616113
1 0.33838862559241706 0.27109004739336495 0.05308056872037915 0.06255924170616113
6 0.5118483412322274 0.314218009478673 0.05687203791469194 0.05971563981042654
6 0.4791469194312796 0.2909952606635071 0.06350710900473934 0.06919431279620854
6 0.42796208530805685 0.266824644549763 0.061611374407582936 0.06824644549763033
6 0.3805687203791469 0.26018957345971566 0.052132701421800945 0.06066350710900474
9 0.5412322274881517 0.385781990521327 0.052132701421800945 0.04834123222748815
3 0.8132701421800947 0.14739336492890995 0.04549763033175355 0.043601895734597156
8 0.8066350710900474 0.23317535545023696 0.08909952606635071 0.0947867298578199
9 0.7981042654028436 0.2909952606635071 0.06824644549763033 0.058767772511848344
9 0.7767772511848341 0.33175355450236965 0.05781990521327014 0.054976303317535544
1 0.7682464454976303 0.36587677725118484 0.06445497630331753 0.06824644549763033
1 0.6540284360189573 0.390521327014218 0.04928909952606635 0.07393364928909953
0 0.6853080568720379 0.3971563981042654 0.02843601895734597 0.043601895734597156
0 0.7341232227488151 0.381042654028436 0.03222748815165877 0.04454976303317536
3 0.5872037914691943 0.804739336492891 0.05308056872037915 0.055924170616113746
3 0.5080568720379147 0.871563981042654 0.04075829383886256 0.046445497630331754
3 0.21990521327014217 0.6516587677725119 0.05687203791469194 0.05118483412322275
9 0.1981042654028436 0.7118483412322275 0.07582938388625593 0.07393364928909953
9 0.2023696682464455 0.7729857819905214 0.07488151658767772 0.06919431279620854
1 0.2161137440758294 0.8388625592417062 0.0938388625592417 0.0881516587677725
1 0.42227488151658765 0.9327014218009478 0.07014218009478673 0.08056872037914692
9 0.47345971563981043 0.9127962085308057 0.07014218009478673 0.07014218009478673
6 0.3701421800947867 0.9436018957345972 0.06635071090047394 0.07677725118483412
6 0.3194312796208531 0.9379146919431279 0.06919431279620854 0.08341232227488152
6 0.2729857819905213 0.9203791469194312 0.06255924170616113 0.06824644549763033
6 0.23080568720379147 0.8909952606635071 0.06729857819905213 0.07582938388625593
5 0.6464454976303318 0.8739336492890996 0.034123222748815164 0.04739336492890995
8 0.7080568720379147 0.9417061611374408 0.10995260663507109 0.11469194312796209
9 0.7734597156398104 0.9739336492890995 0.07203791469194312 0.052132701421800945
9 0.8246445497630331 0.9862559241706161 0.06635071090047394 0.027488151658767772