8 0.057345971563981045 0.1966824644549763 0.07867298578199051 0.08530805687203792
8 0.3815165876777251 0.3056872037914692 0.08246445497630332 0.07582938388625593
8 0.38293838862559243 0.24691943127962085 0.08436018957345971 0.07393364928909953
8 0.09146919431279621 0.14691943127962084 0.08151658767772511 0.08720379146919431
9 0.11990521327014218 0.1080568720379147 0.05308056872037915 0.05971563981042654
9 0.15260663507109004 0.08104265402843602 0.06066350710900474 0.058767772511848344
9 0.3914691943127962 0.1995260663507109 0.052132701421800945 0.043601895734597156
1 0.3796208530805687 0.12938388625592417 0.055924170616113746 0.06066350710900474
1 0.18341232227488152 0.058767772511848344 0.05118483412322275 0.06066350710900474
6 0.3582938388625592 0.0962085308056872 0.055924170616113746 0.05781990521327014
6 0.3246445497630332 0.07440758293838863 0.061611374407582936 0.06824644549763033
6 0.2725118483412322 0.05165876777251185 0.05971563981042654 0.06729857819905213
6 0.22511848341232227 0.04691943127962085 0.05023696682464455 0.05971563981042654
9 0.390521327014218 0.16682464454976303 0.05118483412322275 0.04739336492890995
9 0.4710900473933649 0.016587677725118485 0.05308056872037915 0.03317535545023697
1 0.4872037914691943 0.05308056872037915 0.054976303317535544 0.054976303317535544
6 0.4962085308056872 0.0909952606635071 0.043601895734597156 0.04549763033175355
6 0.5232227488151658 0.11090047393364928 0.03981042654028436 0.04454976303317536
6 0.5554502369668246 0.12322274881516587 0.04170616113744076 0.04739336492890995
6 0.5928909952606635 0.12748815165876778 0.04265402843601896 0.046445497630331754
1 0.6274881516587678 0.10758293838862559 0.05023696682464455 0.054976303317535544
9 0.6739336492890995 0.09146919431279621 0.054976303317535544 0.05402843601895735
9 0.7199052132701422 0.07582938388625593 0.054976303317535544 0.06066350710900474
8 0.7606635071090048 0.035545023696682464 0.0881516587677725 0.07109004739336493
8 0.295260663507109 0.9530805687203792 0.09004739336492891 0.08436018957345971
8 0.030805687203791468 0.7180094786729858 0.061611374407582936 0.0938388625592417
8 0.3080568720379147 0.8786729857819905 0.09289099526066351 0.07962085308056872
9 0.3222748815165877 0.8099526066350711 0.08151658767772511 0.06445497630331753
9 0.3298578199052133 0.7563981042654029 0.07393364928909953 0.06540284360189573
1 0.3469194312796208 0.7061611374407583 0.05781990521327014 0.06255924170616113
9 0.05829383886255924 0.6729857819905213 0.06824644549763033 0.06824644549763033
9 0.1009478672985782 0.6417061611374407 0.07298578199052133 0.06729857819905213
1 0.13554502369668248 0.5966824644549763 0.05781990521327014 0.06445497630331753
6 0.18625592417061612 0.5933649289099526 0.055924170616113746 0.06445497630331753
6 0.23554502369668245 0.5909952606635072 0.05971563981042654 0.07203791469194312
6 0.2957345971563981 0.6274881516587678 0.06635071090047394 0.06729857819905213
6 0.32654028436018956 0.6677725118483412 0.06350710900473934 0.07014218009478673
8 0.7777251184834123 0.8511848341232228 0.06350710900473934 0.07109004739336493
8 0.8402843601895734 0.8786729857819905 0.07109004739336493 0.07203791469194312
8 0.9018957345971564 0.8924170616113745 0.05781990521327014 0.07109004739336493
9 0.9535545023696682 0.9071090047393365 0.05118483412322275 0.061611374407582936
1 0.9867298578199052 0.9118483412322275 0.026540284360189573 0.07582938388625593