4 0.34170616113744073 0.23554502369668245 0.04265402843601896 0.04170616113744076
3 0.061611374407582936 0.3815165876777251 0.04170616113744076 0.04170616113744076
3 0.1004739336492891 0.4137440758293839 0.043601895734597156 0.04265402843601896
4 0.14265402843601896 0.45308056872037916 0.03601895734597156 0.037914691943127965
4 0.1815165876777251 0.476303317535545 0.03696682464454976 0.037914691943127965
1 0.21658767772511847 0.4981042654028436 0.04928909952606635 0.05971563981042654
6 0.25402843601895736 0.4900473933649289 0.04549763033175355 0.05023696682464455
6 0.2843601895734597 0.48578199052132703 0.04549763033175355 0.05118483412322275
6 0.3137440758293839 0.4729857819905213 0.04549763033175355 0.05118483412322275
6 0.3355450236966825 0.45308056872037916 0.046445497630331754 0.05308056872037915
1 0.3578199052132701 0.4308056872037915 0.05781990521327014 0.05971563981042654
9 0.37345971563981045 0.3938388625592417 0.058767772511848344 0.05781990521327014
9 0.3706161137440758 0.34976303317535545 0.058767772511848344 0.055924170616113746
8 0.3635071090047393 0.295260663507109 0.08341232227488152 0.08530805687203792
8 0.6701421800947868 0.15450236966824646 0.0909952606635071 0.08530805687203792
8 0.9691943127962085 0.017535545023696683 0.061611374407582936 0.035071090047393366
8 0.9753554502369668 0.05829383886255924 0.04928909952606635 0.08625592417061612
8 0.714218009478673 0.1943127962085308 0.0909952606635071 0.0985781990521327
9 0.7483412322274882 0.23601895734597156 0.06066350710900474 0.05971563981042654
9 0.7805687203791469 0.26255924170616113 0.06255924170616113 0.06066350710900474
1 0.8118483412322275 0.2829383886255924 0.05687203791469194 0.05781990521327014
4 0.9824644549763033 0.11042654028436019 0.035071090047393366 0.04454976303317536
9 0.985781990521327 0.15829383886255924 0.02843601895734597 0.05687203791469194
1 0.9900473933649289 0.2023696682464455 0.01990521327014218 0.061611374407582936
6 0.9805687203791469 0.24075829383886255 0.03886255924170616 0.06445497630331753
6 0.9559241706161138 0.2725118483412322 0.07014218009478673 0.06635071090047394
6 0.9085308056872038 0.2966824644549763 0.06540284360189573 0.061611374407582936
2 0.8635071090047394 0.3009478672985782 0.04454976303317536 0.046445497630331754
8 0.4767772511848341 0.7516587677725118 0.07962085308056872 0.0881516587677725
8 0.4270142180094787 0.7033175355450237 0.07772511848341232 0.08246445497630332
9 0.3824644549763033 0.6691943127962086 0.07014218009478673 0.06729857819905213
1 0.33933649289099527 0.6526066350710901 0.061611374407582936 0.06350710900473934
6 0.2981042654028436 0.6521327014218009 0.04549763033175355 0.06729857819905213
6 0.26492890995260665 0.6606635071090048 0.04265402843601896 0.055924170616113746
6 0.22890995260663508 0.6824644549763034 0.04928909952606635 0.06729857819905213
6 0.195260663507109 0.709478672985782 0.054976303317535544 0.06066350710900474
8 0.8587677725118483 0.9578199052132701 0.08909952606635071 0.08436018957345971
9 0.8507109004739336 0.9033175355450237 0.06445497630331753 0.06066350710900474
9 0.8436018957345972 0.8578199052132701 0.05971563981042654 0.058767772511848344
9 0.9928909952606635 0.7729857819905214 0.014218009478672985 0.05971563981042654
1 0.852132701421801 0.819431279620853 0.07109004739336493 0.06445497630331753
1 0.9796208530805687 0.7516587677725118 0.04075829383886256 0.054976303317535544
6 0.9511848341232227 0.7592417061611374 0.04454976303317536 0.06540284360189573
6 0.9218009478672986 0.7639810426540284 0.046445497630331754 0.06729857819905213
6 0.895260663507109 0.7758293838862559 0.04834123222748815 0.06919431279620854
6 0.8734597156398104 0.7966824644549763 0.052132701421800945 0.06445497630331753