4 0.34834123222748814 0.05687203791469194 0.03981042654028436 0.03981042654028436
5 0.4194312796208531 0.14644549763033177 0.034123222748815164 0.035071090047393366
9 0.4308056872037915 0.2 0.055924170616113746 0.06255924170616113
1 0.46445497630331756 0.22227488151658767 0.05023696682464455 0.06255924170616113
6 0.4966824644549763 0.22748815165876776 0.037914691943127965 0.05308056872037915
6 0.5227488151658768 0.23222748815165878 0.04549763033175355 0.05402843601895735
6 0.5545023696682464 0.22227488151658767 0.04265402843601896 0.05308056872037915
6 0.5872037914691943 0.20900473933649288 0.04454976303317536 0.04834123222748815
1 0.6085308056872037 0.2075829383886256 0.04170616113744076 0.058767772511848344
9 0.6161137440758294 0.16682464454976303 0.026540284360189573 0.054976303317535544
9 0.6232227488151659 0.12417061611374408 0.012322274881516588 0.05687203791469194
8 0.7658767772511849 0.5 0.09289099526066351 0.08909952606635071
9 0.7502369668246446 0.4492890995260663 0.07488151658767772 0.06066350710900474
9 0.7312796208530805 0.4090047393364929 0.07109004739336493 0.054976303317535544
1 0.7080568720379147 0.36777251184834125 0.07014218009478673 0.06635071090047394
6 0.6739336492890995 0.33317535545023697 0.054976303317535544 0.058767772511848344
6 0.6436018957345971 0.3184834123222749 0.02843601895734597 0.06445497630331753
3 0.005687203791469194 0.6663507109004739 0.011374407582938388 0.04549763033175355
3 0.01990521327014218 0.7156398104265402 0.03981042654028436 0.037914691943127965
9 0.042180094786729856 0.7549763033175355 0.05971563981042654 0.058767772511848344
1 0.08104265402843602 0.7962085308056872 0.06066350710900474 0.05118483412322275
3 0.11232227488151658 0.8 0.025592417061611375 0.034123222748815164
3 0.17393364928909952 0.7976303317535545 0.03317535545023697 0.03981042654028436
3 0.2 0.7459715639810427 0.03033175355450237 0.03317535545023697
8 0.22890995260663508 0.6796208530805687 0.06540284360189573 0.06350710900473934
9 0.22464454976303316 0.7194312796208531 0.06255924170616113 0.05781990521327014
1 0.2104265402843602 0.7781990521327015 0.05781990521327014 0.04928909952606635