8 0.3 0.33080568720379144 0.07867298578199051 0.08151658767772511
8 0.23933649289099526 0.31990521327014215 0.07488151658767772 0.08341232227488152
9 0.18246445497630331 0.3080568720379147 0.061611374407582936 0.06729857819905213
9 0.13601895734597155 0.3018957345971564 0.05308056872037915 0.06445497630331753
1 0.09289099526066351 0.304739336492891 0.046445497630331754 0.04739336492890995
6 0.05829383886255924 0.3194312796208531 0.046445497630331754 0.04739336492890995
6 0.02985781990521327 0.34407582938388626 0.05971563981042654 0.06824644549763033
6 0.02037914691943128 0.3796208530805687 0.04075829383886256 0.06540284360189573
8 0.7687203791469195 0.3909952606635071 0.0938388625592417 0.1004739336492891
8 0.8388625592417062 0.4308056872037915 0.09004739336492891 0.08530805687203792
9 0.8938388625592417 0.4545023696682464 0.06350710900473934 0.06729857819905213
9 0.9402843601895735 0.46919431279620855 0.06066350710900474 0.06635071090047394
1 0.9800947867298578 0.4767772511848341 0.03981042654028436 0.06824644549763033
8 0.6364928909952606 0.8606635071090047 0.06350710900473934 0.07677725118483412
8 0.690521327014218 0.8412322274881516 0.06824644549763033 0.08720379146919431
9 0.7360189573459716 0.8199052132701422 0.05971563981042654 0.07203791469194312
9 0.7767772511848341 0.8099526066350711 0.05308056872037915 0.07014218009478673
1 0.8180094786729858 0.7985781990521327 0.052132701421800945 0.06445497630331753
6 0.8597156398104265 0.7976303317535545 0.05971563981042654 0.06445497630331753
6 0.8919431279620853 0.8090047393364929 0.07203791469194312 0.06919431279620854