8 0.2037914691943128 0.34739336492890993 0.07298578199052133 0.07867298578199051
3 0.26398104265402844 0.36113744075829385 0.037914691943127965 0.03601895734597156
9 0.3033175355450237 0.35118483412322277 0.055924170616113746 0.07203791469194312
9 0.3459715639810427 0.34739336492890993 0.05402843601895735 0.06255924170616113
1 0.3881516587677725 0.34218009478672984 0.05023696682464455 0.055924170616113746
6 0.41753554502369666 0.31990521327014215 0.04739336492890995 0.04454976303317536
6 0.4369668246445498 0.2914691943127962 0.052132701421800945 0.04549763033175355
6 0.4431279620853081 0.2682464454976303 0.04454976303317536 0.03601895734597156
8 0.6004739336492891 0.2824644549763033 0.021800947867298578 0.09289099526066351
8 0.5995260663507109 0.2014218009478673 0.01990521327014218 0.09004739336492891
8 0.95260663507109 0.16682464454976303 0.0947867298578199 0.0966824644549763
8 0.9142180094786729 0.1066350710900474 0.0976303317535545 0.0985781990521327
9 0.8786729857819905 0.06113744075829384 0.07488151658767772 0.06635071090047394
9 0.6018957345971564 0.08625592417061612 0.024644549763033177 0.07014218009478673
9 0.8459715639810427 0.026540284360189573 0.07298578199052133 0.05308056872037915
1 0.6037914691943128 0.034123222748815164 0.02843601895734597 0.06824644549763033
6 0.6161137440758294 0.017535545023696683 0.05308056872037915 0.035071090047393366
6 0.6597156398104266 0.00900473933649289 0.06635071090047394 0.01800947867298578
1 0.8118483412322275 0.011374407582938388 0.06540284360189573 0.022748815165876776
8 0.4606635071090047 0.5744075829383887 0.08151658767772511 0.08720379146919431
9 0.33791469194312795 0.6398104265402843 0.06350710900473934 0.06919431279620854
9 0.295260663507109 0.6497630331753554 0.05308056872037915 0.058767772511848344
1 0.24644549763033174 0.6635071090047393 0.05308056872037915 0.05023696682464455
6 0.2066350710900474 0.6521327014218009 0.05118483412322275 0.046445497630331754
6 0.1815165876777251 0.6388625592417062 0.03886255924170616 0.043601895734597156
7 0.38909952606635073 0.6113744075829384 0.06635071090047394 0.06255924170616113
8 0.837914691943128 0.7090047393364929 0.07488151658767772 0.07393364928909953
8 0.7938388625592417 0.7535545023696683 0.08246445497630332 0.08246445497630332
9 0.752132701421801 0.7919431279620853 0.06066350710900474 0.06350710900473934
9 0.7165876777251184 0.818957345971564 0.06445497630331753 0.07582938388625593
1 0.6748815165876777 0.8417061611374408 0.05687203791469194 0.07867298578199051
3 0.6336492890995261 0.8383886255924171 0.052132701421800945 0.06066350710900474