1 0.013270142180094787 0.01990521327014218 0.026540284360189573 0.03981042654028436
1 0.15450236966824646 0.025592417061611375 0.058767772511848344 0.05118483412322275
9 0.1848341232227488 0.00900473933649289 0.06445497630331753 0.01800947867298578
6 0.11800947867298578 0.035545023696682464 0.05402843601895735 0.06540284360189573
6 0.08104265402843602 0.04454976303317536 0.05308056872037915 0.06540284360189573
6 0.04739336492890995 0.04691943127962085 0.05402843601895735 0.06540284360189573
6 0.021800947867298578 0.036492890995260666 0.043601895734597156 0.06919431279620854
3 0.7056872037914692 0.029383886255924172 0.04549763033175355 0.04265402843601896
9 0.37298578199052135 0.07203791469194312 0.08436018957345971 0.08530805687203792
9 0.4066350710900474 0.12890995260663507 0.07488151658767772 0.07582938388625593
2 0.44549763033175355 0.15829383886255924 0.07582938388625593 0.08530805687203792
6 0.6388625592417062 0.17156398104265402 0.07298578199052133 0.09194312796208531
1 0.671090047393365 0.13933649289099526 0.07962085308056872 0.0909952606635071
9 0.7056872037914692 0.095260663507109 0.07393364928909953 0.08246445497630332
2 0.5815165876777251 0.18578199052132702 0.05118483412322275 0.07488151658767772
8 0.14549763033175356 0.8099526066350711 0.0909952606635071 0.1014218009478673
8 0.08104265402843602 0.8336492890995261 0.0909952606635071 0.09573459715639811
9 0.027488151658767772 0.8568720379146919 0.054976303317535544 0.08341232227488152
3 0.4255924170616114 0.9412322274881516 0.05781990521327014 0.054976303317535544
3 0.44170616113744077 0.866824644549763 0.05402843601895735 0.055924170616113746
8 0.8004739336492891 0.9829383886255925 0.0976303317535545 0.034123222748815164
8 0.7995260663507109 0.9421800947867298 0.06729857819905213 0.07962085308056872
9 0.7876777251184834 0.8781990521327014 0.06824644549763033 0.05687203791469194
9 0.4706161137440758 0.8056872037914692 0.06635071090047394 0.06635071090047394
9 0.504739336492891 0.7691943127962085 0.054976303317535544 0.06350710900473934
9 0.7777251184834123 0.8350710900473933 0.06066350710900474 0.05118483412322275
1 0.5469194312796208 0.74739336492891 0.05687203791469194 0.06824644549763033
1 0.7587677725118483 0.7981042654028436 0.07298578199052133 0.07867298578199051
6 0.7369668246445498 0.7554502369668247 0.058767772511848344 0.06635071090047394
6 0.5867298578199052 0.7232227488151659 0.052132701421800945 0.06350710900473934
6 0.6364928909952606 0.7199052132701422 0.07203791469194312 0.08151658767772511
6 0.6919431279620853 0.7364928909952607 0.07488151658767772 0.08151658767772511