3 0.2772511848341232 0.3962085308056872 0.03981042654028436 0.03601895734597156
3 0.2985781990521327 0.323696682464455 0.037914691943127965 0.03981042654028436
3 0.3090047393364929 0.2791469194312796 0.03601895734597156 0.037914691943127965
9 0.3293838862559242 0.23649289099526066 0.07203791469194312 0.06540284360189573
9 0.5597156398104265 0.3023696682464455 0.06066350710900474 0.07298578199052133
9 0.5687203791469194 0.25687203791469193 0.07109004739336493 0.05687203791469194
1 0.36255924170616116 0.2042654028436019 0.052132701421800945 0.06919431279620854
1 0.5464454976303318 0.22274881516587677 0.054976303317535544 0.07014218009478673
6 0.3966824644549763 0.18246445497630331 0.04549763033175355 0.06255924170616113
6 0.4364928909952607 0.17677725118483412 0.055924170616113746 0.07298578199052133
6 0.48104265402843605 0.17962085308056872 0.055924170616113746 0.06919431279620854
6 0.5194312796208531 0.1981042654028436 0.043601895734597156 0.05308056872037915
8 0.5829383886255924 0.34360189573459715 0.0881516587677725 0.0909952606635071
8 0.5876777251184834 0.409478672985782 0.0881516587677725 0.08151658767772511
8 0.9165876777251185 0.36682464454976305 0.14028436018957346 0.14312796208530806
8 0.9796208530805687 0.40616113744075827 0.04075829383886256 0.14312796208530806
9 0.6488151658767772 0.7265402843601896 0.04075829383886256 0.07109004739336493
9 0.6436018957345971 0.7824644549763033 0.05118483412322275 0.07298578199052133
1 0.6279620853080569 0.8417061611374408 0.06540284360189573 0.07867298578199051
6 0.5834123222748815 0.871563981042654 0.05971563981042654 0.07014218009478673
6 0.533649289099526 0.8924170616113745 0.06066350710900474 0.06635071090047394
6 0.4819905213270142 0.904739336492891 0.061611374407582936 0.061611374407582936
6 0.42796208530805685 0.9090047393364928 0.06824644549763033 0.061611374407582936
1 0.3635071090047393 0.895260663507109 0.07962085308056872 0.08056872037914692
9 0.33270142180094786 0.8417061611374408 0.07677725118483412 0.08625592417061612
9 0.30947867298578197 0.7914691943127962 0.06445497630331753 0.06540284360189573
2 0.9639810426540284 0.8213270142180095 0.06824644549763033 0.08720379146919431