8 0.5843601895734597 0.42417061611374407 0.031279620853080566 0.07677725118483412
8 0.5388625592417061 0.40616113744075827 0.07014218009478673 0.07772511848341232
9 0.4829383886255924 0.3900473933649289 0.052132701421800945 0.06350710900473934
9 0.43507109004739336 0.3800947867298578 0.05118483412322275 0.05971563981042654
1 0.3867298578199052 0.37725118483412323 0.054976303317535544 0.052132701421800945
6 0.34170616113744073 0.38293838862559243 0.05023696682464455 0.04549763033175355
6 0.3061611374407583 0.4066350710900474 0.06635071090047394 0.05402843601895735
8 0.8554502369668247 0.2853080568720379 0.05971563981042654 0.06824644549763033
8 0.8829383886255924 0.3402843601895735 0.05781990521327014 0.07014218009478673
9 0.909478672985782 0.3819905213270142 0.052132701421800945 0.04739336492890995
9 0.9374407582938389 0.4146919431279621 0.04928909952606635 0.052132701421800945
1 0.9767772511848342 0.43981042654028435 0.04454976303317536 0.04549763033175355
8 0.45687203791469194 0.7090047393364929 0.06824644549763033 0.07772511848341232
8 0.4161137440758294 0.6829383886255924 0.07582938388625593 0.027488151658767772
8 0.09052132701421801 0.7720379146919432 0.07109004739336493 0.05023696682464455
8 0.0938388625592417 0.7165876777251184 0.07772511848341232 0.06066350710900474
9 0.09146919431279621 0.6772511848341233 0.07298578199052133 0.016113744075829384
8 0.7672985781990521 0.85260663507109 0.11658767772511848 0.11658767772511848
8 0.8255924170616113 0.9142180094786729 0.08530805687203792 0.09004739336492891
9 0.871563981042654 0.956872037914692 0.07677725118483412 0.07677725118483412
9 0.9184834123222749 0.9815165876777251 0.07772511848341232 0.03696682464454976