8 0.22938388625592418 0.3180094786729858 0.06350710900473934 0.06255924170616113
8 0.24976303317535545 0.2663507109004739 0.07772511848341232 0.07677725118483412
9 0.26540284360189575 0.21706161137440758 0.06824644549763033 0.06066350710900474
9 0.2734597156398104 0.17677725118483412 0.07109004739336493 0.06729857819905213
1 0.28151658767772514 0.12511848341232226 0.07109004739336493 0.07298578199052133
8 0.03222748815165877 0.1018957345971564 0.06445497630331753 0.0995260663507109
9 0.07488151658767772 0.05781990521327014 0.07867298578199051 0.08151658767772511
1 0.11800947867298578 0.029383886255924172 0.06729857819905213 0.058767772511848344
6 0.15355450236966825 0.01990521327014218 0.04928909952606635 0.03981042654028436
6 0.2 0.032701421800947865 0.06635071090047394 0.06540284360189573
6 0.24502369668246446 0.05023696682464455 0.061611374407582936 0.07014218009478673
6 0.27677725118483415 0.08199052132701422 0.04928909952606635 0.05781990521327014
8 0.5914691943127962 0.030805687203791468 0.06445497630331753 0.061611374407582936
8 0.5843601895734597 0.08483412322274882 0.05023696682464455 0.09004739336492891
9 0.5777251184834123 0.13933649289099526 0.03696682464454976 0.06445497630331753
9 0.5753554502369668 0.1853080568720379 0.03222748815165877 0.05971563981042654
8 0.8658767772511848 0.13412322274881516 0.10900473933649289 0.1061611374407583
8 0.8199052132701422 0.1909952606635071 0.0947867298578199 0.09573459715639811
9 0.7786729857819905 0.23222748815165878 0.06919431279620854 0.06919431279620854
9 0.7497630331753554 0.26919431279620853 0.05687203791469194 0.06066350710900474
1 0.7132701421800948 0.2853080568720379 0.05402843601895735 0.058767772511848344
1 0.5772511848341232 0.22559241706161137 0.03601895734597156 0.05308056872037915
6 0.6786729857819905 0.2862559241706161 0.04834123222748815 0.05023696682464455
6 0.6445497630331753 0.28151658767772514 0.04549763033175355 0.05118483412322275
6 0.6151658767772512 0.26587677725118486 0.04549763033175355 0.04739336492890995
6 0.5890995260663507 0.24786729857819906 0.04834123222748815 0.04928909952606635
8 0.2734597156398104 0.9682464454976303 0.0995260663507109 0.06350710900473934
8 0.04265402843601896 0.7080568720379147 0.08530805687203792 0.10426540284360189
8 0.2981042654028436 0.9123222748815166 0.1014218009478673 0.0909952606635071
9 0.3227488151658768 0.8469194312796209 0.0881516587677725 0.07488151658767772
9 0.33886255924170616 0.795260663507109 0.08151658767772511 0.07488151658767772
1 0.3635071090047393 0.7483412322274882 0.06540284360189573 0.06919431279620854
9 0.08341232227488152 0.6701421800947868 0.07677725118483412 0.07582938388625593
9 0.13080568720379146 0.6459715639810426 0.08056872037914692 0.07582938388625593
1 0.17203791469194313 0.6066350710900474 0.06540284360189573 0.07109004739336493
6 0.22274881516587677 0.6113744075829384 0.06350710900473934 0.07109004739336493
6 0.271563981042654 0.6165876777251185 0.06824644549763033 0.07867298578199051
6 0.3251184834123223 0.6625592417061611 0.07488151658767772 0.07488151658767772
6 0.34976303317535545 0.7066350710900474 0.07203791469194312 0.07677725118483412
8 0.7014218009478673 0.8957345971563981 0.08056872037914692 0.07772511848341232
8 0.6464454976303318 0.890521327014218 0.07867298578199051 0.08151658767772511
9 0.5938388625592417 0.8829383886255924 0.06919431279620854 0.07109004739336493
9 0.5691943127962086 0.8729857819905213 0.01990521327014218 0.07772511848341232