8 0.5616113744075829 0.35071090047393366 0.09573459715639811 0.1014218009478673
8 0.6393364928909953 0.33696682464454975 0.1014218009478673 0.10710900473933649
9 0.7061611374407583 0.32654028436018956 0.06919431279620854 0.08720379146919431
1 0.761611374407583 0.32748815165876777 0.07393364928909953 0.07298578199052133
6 0.8104265402843602 0.34360189573459715 0.061611374407582936 0.06255924170616113
6 0.8497630331753554 0.3800947867298578 0.058767772511848344 0.07393364928909953
6 0.8720379146919431 0.42938388625592416 0.06066350710900474 0.07203791469194312
6 0.871563981042654 0.47393364928909953 0.05781990521327014 0.03033175355450237
3 0.6819905213270142 0.9170616113744076 0.04834123222748815 0.04739336492890995
3 0.6824644549763034 0.8559241706161137 0.04549763033175355 0.04454976303317536
3 0.6791469194312796 0.7981042654028436 0.04170616113744076 0.04075829383886256
9 0.6962085308056872 0.7559241706161137 0.06824644549763033 0.06066350710900474
1 0.6981042654028436 0.7085308056872038 0.052132701421800945 0.05687203791469194
6 0.7156398104265402 0.6781990521327014 0.035071090047393366 0.029383886255924172
6 0.7417061611374408 0.6611374407582938 0.03981042654028436 0.03696682464454976
6 0.7744075829383886 0.6587677725118484 0.037914691943127965 0.04170616113744076
6 0.8052132701421801 0.6559241706161137 0.037914691943127965 0.04739336492890995
1 0.8350710900473933 0.6691943127962086 0.054976303317535544 0.052132701421800945
9 0.866824644549763 0.6962085308056872 0.06350710900473934 0.055924170616113746
9 0.8971563981042654 0.7265402843601896 0.06255924170616113 0.06255924170616113
8 0.923696682464455 0.7668246445497631 0.07203791469194312 0.07393364928909953
8 0.9554502369668246 0.8075829383886256 0.06445497630331753 0.06350710900473934