9 0.9071090047393365 0.03364928909952607 0.08151658767772511 0.06729857819905213
8 0.8872037914691943 0.09573459715639811 0.07962085308056872 0.08720379146919431
8 0.8663507109004739 0.16729857819905214 0.08530805687203792 0.08625592417061612
2 0.036492890995260666 0.8132701421800947 0.07298578199052133 0.08530805687203792
9 0.0971563981042654 0.8018957345971564 0.06540284360189573 0.08436018957345971
9 0.14407582938388624 0.8004739336492891 0.06255924170616113 0.07772511848341232
1 0.19146919431279621 0.8075829383886256 0.06066350710900474 0.08056872037914692
6 0.23317535545023696 0.8260663507109005 0.06255924170616113 0.07962085308056872
8 0.7962085308056872 0.7 0.08151658767772511 0.07582938388625593
8 0.4938388625592417 0.6118483412322275 0.06824644549763033 0.08436018957345971
9 0.795734597156398 0.6454976303317536 0.07488151658767772 0.06255924170616113
9 0.5137440758293839 0.5620853080568721 0.06635071090047394 0.06445497630331753
9 0.5407582938388625 0.5251184834123223 0.06255924170616113 0.05781990521327014
9 0.7890995260663507 0.5981042654028436 0.07109004739336493 0.06540284360189573
1 0.5734597156398105 0.4876777251184834 0.06066350710900474 0.06255924170616113
1 0.7720379146919432 0.5521327014218009 0.07203791469194312 0.06729857819905213
6 0.7469194312796209 0.5118483412322274 0.05118483412322275 0.05308056872037915
6 0.714218009478673 0.4848341232227488 0.06255924170616113 0.06255924170616113
6 0.6549763033175355 0.46824644549763034 0.06729857819905213 0.06066350710900474
6 0.6118483412322275 0.476303317535545 0.05023696682464455 0.052132701421800945