3 0.3232227488151659 0.24549763033175356 0.052132701421800945 0.052132701421800945
3 0.24597156398104264 0.2985781990521327 0.04739336492890995 0.04834123222748815
3 0.4014218009478673 0.5270142180094787 0.043601895734597156 0.04549763033175355
3 0.34739336492890993 0.5203791469194313 0.046445497630331754 0.04739336492890995
3 0.2966824644549763 0.5222748815165876 0.04265402843601896 0.04454976303317536
9 0.18625592417061612 0.3289099526066351 0.06350710900473934 0.05971563981042654
9 0.1734597156398104 0.36729857819905215 0.055924170616113746 0.05308056872037915
9 0.2563981042654028 0.533649289099526 0.05308056872037915 0.05781990521327014
1 0.15308056872037915 0.4014218009478673 0.05971563981042654 0.05402843601895735
1 0.21800947867298578 0.5260663507109005 0.04928909952606635 0.06350710900473934
6 0.14786729857819905 0.43933649289099524 0.055924170616113746 0.058767772511848344
6 0.14928909952606634 0.46872037914691944 0.05118483412322275 0.06066350710900474
6 0.16113744075829384 0.4966824644549763 0.052132701421800945 0.06350710900473934
6 0.18293838862559242 0.5146919431279621 0.04928909952606635 0.06066350710900474
9 0.9748815165876777 0.09336492890995261 0.05023696682464455 0.07109004739336493
1 0.9251184834123223 0.0985781990521327 0.05971563981042654 0.06824644549763033
6 0.8824644549763033 0.07061611374407582 0.05971563981042654 0.04739336492890995
6 0.8473933649289099 0.10426540284360189 0.08436018957345971 0.07677725118483412
1 0.1843601895734597 0.9545023696682464 0.08625592417061612 0.0909952606635071
6 0.24075829383886255 0.9412322274881516 0.07582938388625593 0.0938388625592417
6 0.3104265402843602 0.9450236966824644 0.0881516587677725 0.1004739336492891
6 0.38341232227488153 0.9616113744075829 0.09004739336492891 0.07677725118483412
6 0.4265402843601896 0.9824644549763033 0.08530805687203792 0.035071090047393366
8 0.981042654028436 0.6606635071090048 0.037914691943127965 0.08151658767772511
9 0.9469194312796209 0.6635071090047393 0.058767772511848344 0.07109004739336493
9 0.9075829383886256 0.6601895734597156 0.054976303317535544 0.06729857819905213
1 0.8639810426540284 0.6554502369668247 0.05687203791469194 0.05971563981042654
6 0.8255924170616113 0.6459715639810426 0.06255924170616113 0.052132701421800945
6 0.8037914691943128 0.6355450236966824 0.07582938388625593 0.031279620853080566