8 0.13507109004739337 0.11706161137440758 0.07393364928909953 0.07677725118483412
8 0.11516587677725118 0.17962085308056872 0.08151658767772511 0.08246445497630332
9 0.1004739336492891 0.23459715639810427 0.05781990521327014 0.05781990521327014
9 0.08341232227488152 0.2772511848341232 0.055924170616113746 0.054976303317535544
1 0.06255924170616113 0.3161137440758294 0.04928909952606635 0.05118483412322275
6 0.012796208530805687 0.33744075829383885 0.025592417061611375 0.04928909952606635
6 0.034123222748815164 0.32559241706161135 0.04454976303317536 0.04454976303317536
3 0.7488151658767772 0.22180094786729856 0.04170616113744076 0.04549763033175355
3 0.7218009478672985 0.16208530805687205 0.03601895734597156 0.03696682464454976
3 0.7056872037914692 0.11327014218009479 0.03601895734597156 0.03696682464454976
8 0.46161137440758293 0.2834123222748815 0.06445497630331753 0.06824644549763033
8 0.45876777251184836 0.22654028436018958 0.058767772511848344 0.07393364928909953
9 0.45355450236966827 0.17677725118483412 0.04834123222748815 0.052132701421800945
9 0.45687203791469194 0.13696682464454976 0.054976303317535544 0.055924170616113746
1 0.6791469194312796 0.06303317535545024 0.05781990521327014 0.06540284360189573
1 0.47014218009478675 0.0895734597156398 0.058767772511848344 0.06255924170616113
6 0.4947867298578199 0.05971563981042654 0.05308056872037915 0.055924170616113746
6 0.5379146919431279 0.04123222748815166 0.06350710900473934 0.061611374407582936
6 0.5928909952606635 0.03364928909952607 0.06066350710900474 0.05971563981042654
6 0.6417061611374407 0.042180094786729856 0.04834123222748815 0.05118483412322275
9 0.01990521327014218 0.9322274881516588 0.03981042654028436 0.06350710900473934
9 0.054502369668246446 0.9450236966824644 0.05402843601895735 0.06066350710900474
1 0.0995260663507109 0.9407582938388626 0.054976303317535544 0.055924170616113746
6 0.14265402843601896 0.9279620853080569 0.04454976303317536 0.04170616113744076
6 0.15829383886255924 0.9037914691943127 0.05402843601895735 0.037914691943127965
6 0.17867298578199053 0.8781990521327014 0.04739336492890995 0.04170616113744076
6 0.1815165876777251 0.8454976303317535 0.04928909952606635 0.03601895734597156
2 0.46445497630331756 0.5701421800947867 0.07014218009478673 0.08056872037914692
2 0.5791469194312796 0.5938388625592417 0.06540284360189573 0.058767772511848344
2 0.638388625592417 0.6004739336492891 0.054976303317535544 0.05781990521327014
1 0.7156398104265402 0.6033175355450237 0.07488151658767772 0.07109004739336493
6 0.771563981042654 0.590047393364929 0.07014218009478673 0.06255924170616113