8 0.2772511848341232 0.21184834123222748 0.04454976303317536 0.07109004739336493
8 0.26966824644549764 0.26919431279620853 0.05971563981042654 0.07582938388625593
9 0.2781990521327014 0.3232227488151659 0.04265402843601896 0.05687203791469194
9 0.2734597156398104 0.3696682464454976 0.052132701421800945 0.06824644549763033
1 0.27061611374407585 0.42748815165876775 0.05781990521327014 0.07772511848341232
6 0.2563981042654028 0.4720379146919431 0.06635071090047394 0.06540284360189573
6 0.21943127962085307 0.4872037914691943 0.07582938388625593 0.09289099526066351
6 0.1734597156398104 0.4957345971563981 0.07488151658767772 0.0881516587677725
6 0.12654028436018958 0.4909952606635071 0.05971563981042654 0.06824644549763033
1 0.08246445497630332 0.46303317535545024 0.061611374407582936 0.07677725118483412
9 0.054976303317535544 0.4255924170616114 0.07109004739336493 0.06919431279620854
9 0.036492890995260666 0.3876777251184834 0.07298578199052133 0.07014218009478673
8 0.034123222748815164 0.3303317535545024 0.06824644549763033 0.1014218009478673
8 0.016113744075829384 0.27677725118483415 0.03222748815165877 0.09289099526066351
8 0.5464454976303318 0.22606635071090048 0.07867298578199051 0.08246445497630332
9 0.6009478672985782 0.22322274881516588 0.052132701421800945 0.06066350710900474
9 0.6445497630331753 0.21943127962085307 0.05023696682464455 0.054976303317535544
1 0.6838862559241706 0.23270142180094786 0.04739336492890995 0.05308056872037915
6 0.7151658767772512 0.24834123222748816 0.05308056872037915 0.04834123222748815
6 0.7308056872037915 0.2739336492890995 0.046445497630331754 0.03981042654028436
6 0.7374407582938388 0.3066350710900474 0.03222748815165877 0.04075829383886256
7 0.4819905213270142 0.23507109004739338 0.055924170616113746 0.05308056872037915
8 0.6507109004739337 0.7545023696682465 0.07298578199052133 0.07014218009478673
9 0.7644549763033175 0.7469194312796209 0.05781990521327014 0.054976303317535544
9 0.8090047393364929 0.7492890995260664 0.05781990521327014 0.05971563981042654
1 0.8578199052132701 0.7469194312796209 0.06255924170616113 0.054976303317535544
6 0.8957345971563981 0.7658767772511849 0.05971563981042654 0.052132701421800945
6 0.923696682464455 0.7971563981042654 0.06635071090047394 0.06066350710900474
7 0.7118483412322275 0.7492890995260664 0.054976303317535544 0.05971563981042654