9 0.1815165876777251 0.35924170616113743 0.06255924170616113 0.061611374407582936
9 0.17819905213270143 0.4085308056872038 0.05687203791469194 0.052132701421800945
1 0.16255924170616115 0.44218009478672987 0.04549763033175355 0.058767772511848344
6 0.12748815165876778 0.44976303317535543 0.043601895734597156 0.04928909952606635
6 0.1033175355450237 0.46729857819905213 0.03222748815165877 0.054976303317535544
6 0.07867298578199051 0.46350710900473935 0.03886255924170616 0.054976303317535544
6 0.04691943127962085 0.45876777251184836 0.04170616113744076 0.054976303317535544
1 0.01990521327014218 0.45213270142180095 0.03981042654028436 0.05308056872037915
9 0.006161137440758294 0.4199052132701422 0.012322274881516588 0.04928909952606635
8 0.9867298578199052 0.27061611374407585 0.026540284360189573 0.0881516587677725
3 0.952132701421801 0.24834123222748816 0.04928909952606635 0.055924170616113746
9 0.8810426540284361 0.23364928909952606 0.07772511848341232 0.07488151658767772
9 0.8317535545023697 0.22748815165876776 0.06540284360189573 0.07582938388625593
1 0.776303317535545 0.22511848341232227 0.06729857819905213 0.06824644549763033
6 0.7194312796208531 0.24028436018957347 0.055924170616113746 0.04549763033175355
6 0.6909952606635071 0.27014218009478674 0.08341232227488152 0.07203791469194312
8 0.28056872037914693 0.7497630331753554 0.05971563981042654 0.07203791469194312
8 0.2933649289099526 0.8137440758293839 0.06445497630331753 0.06350710900473934
9 0.30379146919431277 0.8687203791469195 0.05781990521327014 0.058767772511848344
9 0.32037914691943126 0.9161137440758294 0.05118483412322275 0.05118483412322275
6 0.3995260663507109 0.9876777251184834 0.04454976303317536 0.024644549763033177
6 0.36635071090047394 0.9819905213270143 0.04454976303317536 0.03601895734597156
1 0.3407582938388626 0.9606635071090047 0.05308056872037915 0.06350710900473934
2 0.7909952606635071 0.9037914691943127 0.06635071090047394 0.06919431279620854
8 0.8578199052132701 0.8800947867298579 0.08246445497630332 0.07867298578199051
9 0.9085308056872038 0.8573459715639811 0.05118483412322275 0.06066350710900474
9 0.9459715639810427 0.8388625592417062 0.04834123222748815 0.05118483412322275
1 0.981042654028436 0.8402843601895734 0.037914691943127965 0.052132701421800945
6 0.9938388625592417 0.85260663507109 0.012322274881516588 0.04265402843601896