1 0.35071090047393366 0.47345971563981043 0.04739336492890995 0.012322274881516588
9 0.32132701421800947 0.45829383886255926 0.05118483412322275 0.04265402843601896
9 0.3009478672985782 0.4208530805687204 0.06066350710900474 0.05971563981042654
8 0.28720379146919434 0.38341232227488153 0.06540284360189573 0.05023696682464455
8 0.7464454976303317 0.2554502369668246 0.07962085308056872 0.08341232227488152
8 0.46919431279620855 0.3402843601895735 0.018957345971563982 0.07962085308056872
9 0.471563981042654 0.3962085308056872 0.023696682464454975 0.05118483412322275
9 0.4781990521327014 0.4364928909952607 0.03696682464454976 0.05402843601895735
3 0.7255924170616114 0.3175355450236967 0.04170616113744076 0.043601895734597156
9 0.7099526066350711 0.3791469194312796 0.06255924170616113 0.061611374407582936
9 0.6933649289099526 0.42227488151658765 0.055924170616113746 0.052132701421800945
1 0.6706161137440758 0.45308056872037916 0.046445497630331754 0.05308056872037915
1 0.4990521327014218 0.45924170616113746 0.05023696682464455 0.04075829383886256
6 0.533175355450237 0.4706161137440758 0.04454976303317536 0.01800947867298578
6 0.566824644549763 0.47345971563981043 0.04170616113744076 0.012322274881516588
6 0.6014218009478673 0.471563981042654 0.04075829383886256 0.016113744075829384
6 0.6350710900473934 0.4658767772511848 0.04549763033175355 0.027488151658767772
1 0.02037914691943128 0.5995260663507109 0.04075829383886256 0.06729857819905213
8 0.017535545023696683 0.8895734597156398 0.035071090047393366 0.09194312796208531
9 0.04312796208530806 0.8530805687203792 0.05781990521327014 0.07203791469194312
1 0.08199052132701422 0.8165876777251185 0.06540284360189573 0.06635071090047394
6 0.053554502369668244 0.6208530805687204 0.05687203791469194 0.05781990521327014
6 0.08862559241706161 0.6611374407582938 0.05308056872037915 0.07014218009478673
6 0.10568720379146919 0.7127962085308057 0.054976303317535544 0.06729857819905213
6 0.0995260663507109 0.7677725118483413 0.05402843601895735 0.04739336492890995
9 0.6791469194312796 0.7815165876777251 0.07962085308056872 0.07772511848341232
9 0.7161137440758294 0.833175355450237 0.07203791469194312 0.07677725118483412
9 0.9725118483412323 0.8208530805687204 0.054976303317535544 0.08151658767772511
9 0.9824644549763033 0.7696682464454976 0.035071090047393366 0.07962085308056872
1 0.9559241706161138 0.8639810426540284 0.06255924170616113 0.0881516587677725
6 0.9146919431279621 0.8867298578199052 0.05781990521327014 0.08151658767772511
6 0.8729857819905213 0.9 0.054976303317535544 0.07393364928909953
6 0.8312796208530806 0.8909952606635071 0.052132701421800945 0.07677725118483412
6 0.7981042654028436 0.8867298578199052 0.054976303317535544 0.07772511848341232
1 0.7540284360189573 0.8725118483412322 0.06824644549763033 0.08436018957345971