8 0.15687203791469195 0.3971563981042654 0.07014218009478673 0.06919431279620854
8 0.17109004739336492 0.34170616113744073 0.07962085308056872 0.08246445497630332
9 0.18862559241706162 0.28720379146919434 0.06919431279620854 0.06255924170616113
9 0.2052132701421801 0.24786729857819906 0.06729857819905213 0.05402843601895735
1 0.22369668246445498 0.204739336492891 0.05402843601895735 0.05402843601895735
6 0.24739336492890995 0.1815165876777251 0.03222748815165877 0.035071090047393366
6 0.28151658767772514 0.17014218009478674 0.05402843601895735 0.06729857819905213
6 0.3341232227488152 0.17298578199052134 0.05781990521327014 0.07014218009478673
6 0.36682464454976305 0.2014218009478673 0.04454976303317536 0.046445497630331754
1 0.40616113744075827 0.1895734597156398 0.046445497630331754 0.04454976303317536
9 0.4042654028436019 0.23222748815165878 0.06540284360189573 0.055924170616113746
3 0.414218009478673 0.2824644549763033 0.037914691943127965 0.035071090047393366
2 0.44123222748815166 0.32085308056872036 0.06729857819905213 0.06350710900473934
8 0.47014218009478675 0.37772511848341234 0.07298578199052133 0.08151658767772511
8 0.7507109004739336 0.2838862559241706 0.06445497630331753 0.06635071090047394
8 0.7156398104265402 0.34170616113744073 0.07393364928909953 0.07393364928909953
9 0.6853080568720379 0.3938388625592417 0.05118483412322275 0.05971563981042654
2 0.6644549763033175 0.4308056872037915 0.03886255924170616 0.043601895734597156
3 0.5270142180094787 0.6350710900473934 0.04075829383886256 0.03886255924170616
8 0.5341232227488152 0.7208530805687203 0.07962085308056872 0.08530805687203792
8 0.2066350710900474 0.7654028436018957 0.08246445497630332 0.07582938388625593
8 0.25450236966824646 0.8099526066350711 0.07867298578199051 0.08151658767772511
8 0.29289099526066353 0.837914691943128 0.05402843601895735 0.06350710900473934
9 0.32654028436018956 0.8696682464454977 0.05118483412322275 0.05781990521327014
9 0.5345971563981042 0.7796208530805687 0.06255924170616113 0.05118483412322275
9 0.5199052132701422 0.8227488151658767 0.05308056872037915 0.04928909952606635
1 0.5165876777251185 0.8582938388625593 0.05687203791469194 0.061611374407582936
1 0.4037914691943128 0.9009478672985782 0.04928909952606635 0.06919431279620854
9 0.3635071090047393 0.8957345971563981 0.04928909952606635 0.05402843601895735
0 0.43933649289099524 0.9018957345971564 0.023696682464454975 0.04075829383886256
0 0.48530805687203793 0.8781990521327014 0.027488151658767772 0.04170616113744076
4 0.6682464454976303 0.9293838862559242 0.04454976303317536 0.05023696682464455
4 0.6587677725118484 0.8492890995260663 0.037914691943127965 0.04549763033175355
4 0.6843601895734597 0.7881516587677725 0.04265402843601896 0.04170616113744076
9 0.9805687203791469 0.7417061611374408 0.03886255924170616 0.06919431279620854
6 0.7360189573459716 0.6772511848341233 0.058767772511848344 0.06635071090047394
6 0.7962085308056872 0.6625592417061611 0.06540284360189573 0.07677725118483412
6 0.8630331753554502 0.6601895734597156 0.07298578199052133 0.08341232227488152
6 0.923696682464455 0.6663507109004739 0.06255924170616113 0.07677725118483412
1 0.9625592417061611 0.695260663507109 0.07488151658767772 0.08436018957345971