9 0.4127962085308057 0.009478672985781991 0.07298578199052133 0.018957345971563982
9 0.4255924170616114 0.025118483412322274 0.04739336492890995 0.05023696682464455
1 0.4322274881516588 0.05402843601895735 0.034123222748815164 0.06255924170616113
6 0.43601895734597157 0.0909952606635071 0.026540284360189573 0.04928909952606635
6 0.43317535545023694 0.13459715639810427 0.03222748815165877 0.06445497630331753
6 0.42322274881516586 0.17772511848341233 0.052132701421800945 0.06540284360189573
6 0.4033175355450237 0.2052132701421801 0.061611374407582936 0.05971563981042654
1 0.37345971563981045 0.21516587677725119 0.05781990521327014 0.06540284360189573
9 0.5464454976303318 0.2772511848341232 0.08436018957345971 0.08530805687203792
9 0.862085308056872 0.3184834123222749 0.06824644549763033 0.05687203791469194
9 0.8327014218009479 0.35165876777251187 0.06919431279620854 0.06066350710900474
9 0.5658767772511848 0.32748815165876777 0.07582938388625593 0.08246445497630332
1 0.5990521327014218 0.3739336492890995 0.07109004739336493 0.08720379146919431
1 0.7995260663507109 0.3900473933649289 0.07014218009478673 0.07203791469194312
6 0.7644549763033175 0.4127962085308057 0.05687203791469194 0.06445497630331753
6 0.7265402843601896 0.42938388625592416 0.06255924170616113 0.05971563981042654
6 0.6777251184834123 0.42227488151658765 0.05971563981042654 0.055924170616113746
6 0.6327014218009479 0.4066350710900474 0.055924170616113746 0.06066350710900474
8 0.02227488151658768 0.7246445497630332 0.04454976303317536 0.08246445497630332
9 0.2781990521327014 0.7573459715639811 0.06824644549763033 0.05781990521327014
9 0.2800947867298578 0.7146919431279621 0.07488151658767772 0.06255924170616113
9 0.02085308056872038 0.6791469194312796 0.04170616113744076 0.05971563981042654
9 0.035545023696682464 0.6483412322274882 0.07109004739336493 0.07772511848341232
1 0.06966824644549763 0.6123222748815166 0.06255924170616113 0.06540284360189573
1 0.26350710900473934 0.6725118483412322 0.058767772511848344 0.05971563981042654
6 0.11421800947867299 0.5990521327014218 0.05687203791469194 0.05687203791469194
6 0.16350710900473933 0.5914691943127962 0.06824644549763033 0.06350710900473934
6 0.21658767772511847 0.6037914691943128 0.06540284360189573 0.07298578199052133
6 0.24549763033175356 0.6350710900473934 0.052132701421800945 0.05687203791469194
8 0.8018957345971564 0.9739336492890995 0.08909952606635071 0.052132701421800945
9 0.8080568720379147 0.9379146919431279 0.07109004739336493 0.061611374407582936
9 0.804739336492891 0.8924170616113745 0.07393364928909953 0.061611374407582936
1 0.8066350710900474 0.8507109004739336 0.05118483412322275 0.05023696682464455
6 0.781042654028436 0.828909952606635 0.05687203791469194 0.07014218009478673
6 0.747867298578199 0.7962085308056872 0.07014218009478673 0.08151658767772511
6 0.6900473933649289 0.7862559241706161 0.06729857819905213 0.07488151658767772
6 0.637914691943128 0.790521327014218 0.055924170616113746 0.06255924170616113
1 0.5962085308056873 0.804739336492891 0.06635071090047394 0.07298578199052133
9 0.5710900473933649 0.8421800947867298 0.061611374407582936 0.061611374407582936
9 0.54739336492891 0.8744075829383886 0.06255924170616113 0.06540284360189573