6 0.022748815165876776 0.11706161137440758 0.04549763033175355 0.05023696682464455
6 0.06919431279620854 0.11042654028436019 0.05308056872037915 0.05118483412322275
6 0.11374407582938388 0.11895734597156397 0.04739336492890995 0.055924170616113746
1 0.15071090047393365 0.14170616113744075 0.05118483412322275 0.05402843601895735
9 0.17582938388625594 0.1734597156398104 0.05971563981042654 0.052132701421800945
8 0.19478672985781992 0.2213270142180095 0.07109004739336493 0.07488151658767772
8 0.22369668246445498 0.2672985781990521 0.06729857819905213 0.06540284360189573
9 0.9075829383886256 0.1009478672985782 0.058767772511848344 0.04928909952606635
9 0.9009478672985782 0.14881516587677726 0.05687203791469194 0.052132701421800945
1 0.8834123222748815 0.18862559241706162 0.054976303317535544 0.052132701421800945
6 0.8601895734597157 0.2161137440758294 0.04928909952606635 0.052132701421800945
6 0.8350710900473933 0.23412322274881517 0.04265402843601896 0.04739336492890995
6 0.8037914691943128 0.24123222748815165 0.03601895734597156 0.04739336492890995
6 0.7677725118483413 0.23791469194312795 0.04265402843601896 0.054976303317535544
1 0.7312796208530805 0.22701421800947869 0.04739336492890995 0.055924170616113746
9 0.6947867298578199 0.2023696682464455 0.05023696682464455 0.05118483412322275
9 0.6682464454976303 0.16872037914691942 0.054976303317535544 0.05308056872037915
4 0.6521327014218009 0.12511848341232226 0.03696682464454976 0.03696682464454976
4 0.6232227488151659 0.09336492890995261 0.037914691943127965 0.03696682464454976
8 0.00900473933649289 0.5696682464454976 0.01800947867298578 0.06066350710900474
9 0.33696682464454975 0.5601895734597157 0.07298578199052133 0.04170616113744076
9 0.3360189573459716 0.604739336492891 0.07488151658767772 0.05781990521327014
8 0.3355450236966825 0.6800947867298578 0.08720379146919431 0.08056872037914692
8 0.33175355450236965 0.7540284360189573 0.1033175355450237 0.07014218009478673
9 0.7824644549763033 0.9710900473933649 0.08056872037914692 0.05781990521327014
9 0.7691943127962085 0.9232227488151659 0.07677725118483412 0.05971563981042654
1 0.7417061611374408 0.8644549763033176 0.06919431279620854 0.06255924170616113
6 0.7445497630331753 0.8056872037914692 0.06919431279620854 0.06255924170616113
6 0.761611374407583 0.7516587677725118 0.07962085308056872 0.08246445497630332
6 0.8066350710900474 0.7109004739336493 0.07582938388625593 0.07962085308056872
6 0.8654028436018958 0.7 0.06540284360189573 0.08151658767772511
1 0.9312796208530806 0.7023696682464455 0.06445497630331753 0.07962085308056872
9 0.9744075829383886 0.7265402843601896 0.05118483412322275 0.07867298578199051