8 0.1848341232227488 0.07440758293838863 0.09194312796208531 0.09194312796208531
8 0.11658767772511848 0.07014218009478673 0.08909952606635071 0.0947867298578199
9 0.058767772511848344 0.07061611374407582 0.06540284360189573 0.06919431279620854
9 0.02132701421800948 0.07061611374407582 0.04265402843601896 0.06540284360189573
2 0.8957345971563981 0.32180094786729857 0.08720379146919431 0.0909952606635071
9 0.8540284360189574 0.385781990521327 0.07393364928909953 0.07772511848341232
9 0.8175355450236966 0.4260663507109005 0.06729857819905213 0.07488151658767772
1 0.7777251184834123 0.45402843601895737 0.06445497630331753 0.09004739336492891
8 0.5308056872037915 0.2890995260663507 0.08151658767772511 0.09194312796208531
9 0.5540284360189573 0.3464454976303318 0.07582938388625593 0.07393364928909953
9 0.5777251184834123 0.3957345971563981 0.06540284360189573 0.06919431279620854
1 0.6184834123222749 0.4308056872037915 0.07962085308056872 0.07203791469194312
6 0.7407582938388626 0.47014218009478675 0.05687203791469194 0.07772511848341232
6 0.704739336492891 0.4777251184834123 0.06350710900473934 0.08056872037914692
6 0.671090047393365 0.47962085308056873 0.06066350710900474 0.06919431279620854
6 0.637914691943128 0.46161137440758293 0.07109004739336493 0.07772511848341232
1 0.014218009478672985 0.9886255924170616 0.02843601895734597 0.022748815165876776
6 0.031279620853080566 0.9819905213270143 0.043601895734597156 0.03601895734597156
6 0.04881516587677725 0.9540284360189574 0.04928909952606635 0.04454976303317536
8 0.7336492890995261 0.8028436018957346 0.08625592417061612 0.1033175355450237
8 0.6677725118483412 0.8004739336492891 0.09194312796208531 0.1061611374407583
9 0.6090047393364929 0.8018957345971564 0.06350710900473934 0.08530805687203792
9 0.5601895734597157 0.8033175355450237 0.06824644549763033 0.08720379146919431
1 0.5080568720379147 0.8061611374407583 0.06919431279620854 0.07867298578199051
6 0.4654028436018957 0.8184834123222748 0.06635071090047394 0.07393364928909953
6 0.42985781990521327 0.8511848341232228 0.09004739336492891 0.0881516587677725