0 0.2786729857819905 0.14407582938388624 0.055924170616113746 0.05118483412322275
0 0.27014218009478674 0.05165876777251185 0.05118483412322275 0.04549763033175355
1 0.271563981042654 0.017061611374407582 0.07109004739336493 0.034123222748815164
3 0.7265402843601896 0.23981042654028437 0.05402843601895735 0.05402843601895735
3 0.8236966824644549 0.22748815165876776 0.05023696682464455 0.04834123222748815
3 0.876303317535545 0.22559241706161137 0.052132701421800945 0.05023696682464455
3 0.9123222748815166 0.22748815165876776 0.024644549763033177 0.018957345971563982
3 0.9360189573459715 0.23080568720379147 0.03222748815165877 0.023696682464454975
3 0.9635071090047393 0.21800947867298578 0.03033175355450237 0.03601895734597156
8 0.24549763033175356 0.5720379146919431 0.07393364928909953 0.07582938388625593
8 0.1848341232227488 0.5772511848341232 0.07867298578199051 0.07203791469194312
9 0.12464454976303317 0.5815165876777251 0.06066350710900474 0.06066350710900474
9 0.07582938388625593 0.5781990521327014 0.055924170616113746 0.06066350710900474
1 0.04881516587677725 0.5483412322274882 0.07393364928909953 0.054976303317535544
6 0.027962085308056873 0.5213270142180095 0.055924170616113746 0.05308056872037915
8 0.6445497630331753 0.6412322274881517 0.08909952606635071 0.09573459715639811
8 0.9492890995260663 0.7175355450236967 0.08056872037914692 0.0947867298578199
8 0.9232227488151659 0.785781990521327 0.07962085308056872 0.08151658767772511
9 0.8957345971563981 0.8374407582938389 0.05781990521327014 0.058767772511848344
9 0.8682464454976303 0.8781990521327014 0.058767772511848344 0.05687203791469194
1 0.8374407582938389 0.9132701421800948 0.052132701421800945 0.05687203791469194
3 0.6426540284360189 0.7194312796208531 0.05118483412322275 0.05781990521327014
9 0.6393364928909953 0.7834123222748816 0.06350710900473934 0.05971563981042654
9 0.6502369668246446 0.8350710900473933 0.06066350710900474 0.06445497630331753
6 0.8004739336492891 0.9056872037914692 0.05023696682464455 0.06255924170616113
6 0.7691943127962085 0.9255924170616113 0.05308056872037915 0.06919431279620854
6 0.7407582938388626 0.9142180094786729 0.04928909952606635 0.06445497630331753
6 0.7061611374407583 0.8938388625592417 0.058767772511848344 0.07109004739336493
1 0.6639810426540285 0.8767772511848341 0.05687203791469194 0.07014218009478673