8 0.17440758293838862 0.4720379146919431 0.07393364928909953 0.06729857819905213
8 0.16492890995260664 0.4156398104265403 0.07393364928909953 0.07109004739336493
9 0.15118483412322276 0.36777251184834125 0.07014218009478673 0.06255924170616113
9 0.13601895734597155 0.3246445497630332 0.07298578199052133 0.06824644549763033
1 0.11563981042654028 0.27630331753554505 0.06635071090047394 0.07488151658767772
6 0.08530805687203792 0.24360189573459715 0.06066350710900474 0.06635071090047394
6 0.042180094786729856 0.23317535545023696 0.06540284360189573 0.06729857819905213
6 0.010900473933649289 0.23744075829383887 0.021800947867298578 0.06540284360189573
8 0.5284360189573459 0.404739336492891 0.09289099526066351 0.1023696682464455
4 0.8255924170616113 0.5113744075829384 0.04834123222748815 0.04549763033175355
4 0.8213270142180095 0.4658767772511848 0.04739336492890995 0.046445497630331754
8 0.5639810426540285 0.36777251184834125 0.058767772511848344 0.06540284360189573
9 0.6033175355450237 0.34976303317535545 0.07014218009478673 0.07677725118483412
1 0.6734597156398104 0.30947867298578197 0.058767772511848344 0.06919431279620854
1 0.8270142180094787 0.418957345971564 0.06350710900473934 0.061611374407582936
6 0.7165876777251184 0.3009478672985782 0.06066350710900474 0.06255924170616113
6 0.7587677725118483 0.3104265402843602 0.08246445497630332 0.08151658767772511
6 0.7971563981042654 0.3360189573459716 0.07867298578199051 0.07582938388625593
6 0.8165876777251185 0.3739336492890995 0.06824644549763033 0.06066350710900474
3 0.058767772511848344 0.7009478672985782 0.04549763033175355 0.04834123222748815
3 0.06208530805687204 0.6369668246445498 0.03886255924170616 0.04170616113744076
3 0.7279620853080568 0.9492890995260663 0.04739336492890995 0.05781990521327014
3 0.7502369668246446 0.9061611374407583 0.04928909952606635 0.06255924170616113
1 0.7630331753554502 0.8336492890995261 0.07867298578199051 0.09289099526066351
6 0.8066350710900474 0.7938388625592417 0.07298578199052133 0.07772511848341232
6 0.8630331753554502 0.7781990521327015 0.08436018957345971 0.09194312796208531
6 0.9274881516587677 0.7753554502369668 0.08341232227488152 0.09573459715639811
6 0.9710900473933649 0.7843601895734598 0.05781990521327014 0.08246445497630332
1 0.9872037914691943 0.8123222748815165 0.025592417061611375 0.07582938388625593