8 0.37867298578199055 0.06587677725118483 0.07488151658767772 0.07488151658767772
9 0.3687203791469194 0.11943127962085308 0.05308056872037915 0.05023696682464455
9 0.35924170616113743 0.16018957345971563 0.052132701421800945 0.05118483412322275
1 0.33744075829383885 0.1962085308056872 0.04928909952606635 0.05402843601895735
6 0.3161137440758294 0.2156398104265403 0.043601895734597156 0.04739336492890995
6 0.28720379146919434 0.22938388625592418 0.03981042654028436 0.04739336492890995
6 0.25497630331753557 0.23649289099526066 0.03981042654028436 0.04454976303317536
6 0.22180094786729856 0.23364928909952606 0.04170616113744076 0.05308056872037915
1 0.1848341232227488 0.22369668246445498 0.04739336492890995 0.052132701421800945
9 0.15308056872037915 0.2 0.05118483412322275 0.05308056872037915
9 0.12843601895734597 0.16350710900473933 0.05308056872037915 0.05402843601895735
8 0.095260663507109 0.12085308056872038 0.08341232227488152 0.08625592417061612
2 0.05545023696682464 0.06113744075829384 0.07393364928909953 0.07772511848341232
8 0.385781990521327 0.017535545023696683 0.07582938388625593 0.035071090047393366
8 0.9654028436018958 0.3407582938388626 0.06919431279620854 0.01800947867298578
9 0.9156398104265403 0.33886255924170616 0.05118483412322275 0.021800947867298578
9 0.8710900473933649 0.33791469194312795 0.05308056872037915 0.023696682464454975
1 0.8260663507109005 0.3355450236966825 0.05402843601895735 0.02843601895734597
6 0.7834123222748816 0.34312796208530805 0.04834123222748815 0.013270142180094787
9 0.22606635071090048 0.7848341232227488 0.061611374407582936 0.05308056872037915
9 0.24170616113744076 0.752132701421801 0.05687203791469194 0.052132701421800945
1 0.25497630331753557 0.7127962085308057 0.06255924170616113 0.07203791469194312
6 0.2919431279620853 0.685781990521327 0.05118483412322275 0.055924170616113746
6 0.33981042654028437 0.6691943127962086 0.06066350710900474 0.06824644549763033
6 0.3981042654028436 0.6687203791469194 0.06350710900473934 0.07203791469194312
6 0.44075829383886256 0.6928909952606636 0.04928909952606635 0.06824644549763033
1 0.47345971563981043 0.7099526066350711 0.046445497630331754 0.052132701421800945
9 0.47488151658767774 0.7530805687203791 0.07014218009478673 0.058767772511848344
9 0.4881516587677725 0.7966824644549763 0.06540284360189573 0.05687203791469194
9 0.8957345971563981 0.48578199052132703 0.06445497630331753 0.052132701421800945
9 0.8696682464454977 0.5218009478672986 0.06540284360189573 0.055924170616113746
1 0.6601895734597156 0.5644549763033175 0.021800947867298578 0.08246445497630332
1 0.8398104265402844 0.5630331753554503 0.06635071090047394 0.06729857819905213
6 0.8071090047393364 0.5886255924170616 0.052132701421800945 0.06066350710900474
6 0.7706161137440758 0.6080568720379147 0.05781990521327014 0.055924170616113746
6 0.7213270142180095 0.6056872037914692 0.055924170616113746 0.052132701421800945
6 0.6753554502369669 0.5943127962085308 0.052132701421800945 0.05687203791469194