3 0.42796208530805685 0.209478672985782 0.03222748815165877 0.034123222748815164
3 0.46208530805687204 0.1734597156398104 0.022748815165876776 0.026540284360189573
9 0.4947867298578199 0.13412322274881516 0.058767772511848344 0.054976303317535544
1 0.5312796208530806 0.10995260663507109 0.05023696682464455 0.05402843601895735
1 0.690521327014218 0.17819905213270143 0.05687203791469194 0.05118483412322275
9 0.6876777251184835 0.22464454976303316 0.061611374407582936 0.05118483412322275
8 0.6919431279620853 0.3165876777251185 0.07393364928909953 0.06540284360189573
6 0.571563981042654 0.0990521327014218 0.043601895734597156 0.05118483412322275
6 0.6137440758293838 0.104739336492891 0.05023696682464455 0.05687203791469194
6 0.6530805687203791 0.11895734597156397 0.05023696682464455 0.05023696682464455
6 0.680568720379147 0.14265402843601896 0.04549763033175355 0.04265402843601896
9 0.6881516587677725 0.26587677725118486 0.06540284360189573 0.043601895734597156
8 0.8369668246445497 0.9786729857819905 0.07772511848341232 0.04265402843601896
9 0.4706161137440758 0.9862559241706161 0.06919431279620854 0.027488151658767772
9 0.4919431279620853 0.9478672985781991 0.07393364928909953 0.06729857819905213
9 0.8061611374407583 0.942654028436019 0.06066350710900474 0.05971563981042654
9 0.7682464454976303 0.9018957345971564 0.07962085308056872 0.07582938388625593
1 0.5184834123222749 0.8957345971563981 0.055924170616113746 0.06350710900473934
6 0.54739336492891 0.8563981042654029 0.046445497630331754 0.05308056872037915
6 0.590047393364929 0.8327014218009479 0.055924170616113746 0.05687203791469194
6 0.6431279620853081 0.8303317535545024 0.061611374407582936 0.061611374407582936
6 0.6947867298578199 0.8327014218009479 0.04549763033175355 0.05308056872037915
1 0.7350710900473933 0.8535545023696682 0.05118483412322275 0.05687203791469194