8 0.06113744075829384 0.02227488151658768 0.07109004739336493 0.04454976303317536
9 0.3090047393364929 0.023696682464454975 0.05687203791469194 0.04739336492890995
1 0.2985781990521327 0.06540284360189573 0.054976303317535544 0.052132701421800945
6 0.2843601895734597 0.1033175355450237 0.04739336492890995 0.04834123222748815
1 0.13364928909952606 0.11943127962085308 0.05118483412322275 0.054976303317535544
9 0.08293838862559241 0.05023696682464455 0.05781990521327014 0.05402843601895735
9 0.1080568720379147 0.08530805687203792 0.05781990521327014 0.05023696682464455
6 0.16919431279620853 0.13838862559241707 0.04834123222748815 0.05023696682464455
6 0.2123222748815166 0.14549763033175356 0.05687203791469194 0.05781990521327014
6 0.2616113744075829 0.13175355450236967 0.05687203791469194 0.054976303317535544
8 0.638388625592417 0.3459715639810427 0.07488151658767772 0.07488151658767772
9 0.6554502369668247 0.3971563981042654 0.06255924170616113 0.054976303317535544
9 0.6639810426540285 0.43554502369668247 0.061611374407582936 0.04834123222748815
8 0.24218009478672986 0.9843601895734597 0.08246445497630332 0.031279620853080566
8 0.24834123222748816 0.9473933649289099 0.07582938388625593 0.07203791469194312
9 0.26018957345971566 0.9014218009478673 0.06445497630331753 0.06066350710900474
9 0.27440758293838863 0.8630331753554502 0.06919431279620854 0.05687203791469194
1 0.2933649289099526 0.8236966824644549 0.06919431279620854 0.07582938388625593
8 0.7246445497630332 0.5682464454976304 0.07582938388625593 0.0881516587677725
9 0.7829383886255924 0.5563981042654028 0.061611374407582936 0.07014218009478673
9 0.8388625592417062 0.5545023696682464 0.061611374407582936 0.06255924170616113
1 0.8933649289099526 0.5644549763033175 0.05971563981042654 0.06350710900473934
6 0.9355450236966825 0.5838862559241706 0.05308056872037915 0.05687203791469194
6 0.9710900473933649 0.6127962085308057 0.054976303317535544 0.05781990521327014
6 0.9772511848341232 0.6507109004739337 0.04549763033175355 0.05023696682464455
7 0.657345971563981 0.5857819905213271 0.06066350710900474 0.07488151658767772
6 0.9781990521327014 0.6928909952606636 0.043601895734597156 0.03981042654028436