9 0.2786729857819905 0.295260663507109 0.06255924170616113 0.04834123222748815
1 0.3137440758293839 0.26919431279620853 0.052132701421800945 0.05971563981042654
6 0.34360189573459715 0.24739336492890995 0.031279620853080566 0.058767772511848344
8 0.6492890995260664 0.027488151658767772 0.058767772511848344 0.054976303317535544
9 0.37867298578199055 0.11137440758293839 0.03886255924170616 0.061611374407582936
9 0.4 0.14834123222748816 0.05402843601895735 0.06255924170616113
9 0.6407582938388625 0.07488151658767772 0.055924170616113746 0.06445497630331753
9 0.628436018957346 0.11990521327014218 0.05308056872037915 0.06445497630331753
1 0.590521327014218 0.15023696682464455 0.05023696682464455 0.06919431279620854
6 0.5601895734597157 0.17393364928909952 0.04739336492890995 0.07772511848341232
6 0.5322274881516588 0.18293838862559242 0.046445497630331754 0.08056872037914692
6 0.5018957345971564 0.18625592417061612 0.03601895734597156 0.08151658767772511
6 0.4706161137440758 0.18341232227488152 0.05023696682464455 0.08625592417061612
1 0.44028436018957345 0.17962085308056872 0.05781990521327014 0.07298578199052133
8 0.285781990521327 0.6947867298578199 0.0909952606635071 0.0881516587677725
8 0.2966824644549763 0.6161137440758294 0.1023696682464455 0.0985781990521327
9 0.3113744075829384 0.542654028436019 0.07867298578199051 0.0909952606635071
3 0.34360189573459715 0.5132701421800948 0.03033175355450237 0.03981042654028436
3 0.34928909952606635 0.4819905213270142 0.01990521327014218 0.04834123222748815
6 0.3459715639810427 0.43554502369668247 0.026540284360189573 0.07488151658767772
8 0.8824644549763033 0.6417061611374407 0.06635071090047394 0.06919431279620854
8 0.8563981042654029 0.6957345971563981 0.054976303317535544 0.05971563981042654
9 0.8388625592417062 0.7407582938388626 0.04928909952606635 0.05118483412322275
9 0.8137440758293839 0.7720379146919432 0.052132701421800945 0.05402843601895735
1 0.7848341232227488 0.8018957345971564 0.04928909952606635 0.05971563981042654
6 0.752132701421801 0.8213270142180095 0.03981042654028436 0.05402843601895735
6 0.714218009478673 0.8260663507109005 0.03981042654028436 0.05687203791469194
6 0.680568720379147 0.8251184834123223 0.04075829383886256 0.052132701421800945
6 0.6483412322274882 0.814218009478673 0.04075829383886256 0.05402843601895735
1 0.6251184834123222 0.7914691943127962 0.05118483412322275 0.05118483412322275
9 0.5990521327014218 0.7582938388625592 0.05687203791469194 0.052132701421800945
9 0.5725118483412323 0.7146919431279621 0.052132701421800945 0.052132701421800945
8 0.5545023696682464 0.6625592417061611 0.06255924170616113 0.06540284360189573
8 0.5454976303317536 0.6018957345971564 0.06445497630331753 0.06255924170616113