8 0.1995260663507109 0.4199052132701422 0.08246445497630332 0.08341232227488152
8 0.2213270142180095 0.3587677725118483 0.08246445497630332 0.08625592417061612
9 0.25118483412322273 0.318957345971564 0.05687203791469194 0.06255924170616113
9 0.2786729857819905 0.2829383886255924 0.05971563981042654 0.06066350710900474
1 0.31516587677725116 0.25118483412322273 0.04928909952606635 0.05781990521327014
6 0.35639810426540286 0.23127962085308057 0.04834123222748815 0.055924170616113746
6 0.4071090047393365 0.22511848341232227 0.05971563981042654 0.058767772511848344
6 0.4597156398104265 0.23601895734597156 0.06350710900473934 0.06540284360189573
6 0.4985781990521327 0.26445497630331755 0.054976303317535544 0.06066350710900474
1 0.5175355450236967 0.3042654028436019 0.05971563981042654 0.05402843601895735
9 0.5270142180094787 0.36113744075829385 0.06824644549763033 0.05118483412322275
9 0.5355450236966824 0.4071090047393365 0.07014218009478673 0.04928909952606635
4 0.8516587677725118 0.18009478672985782 0.03886255924170616 0.04170616113744076
9 0.8530805687203792 0.24454976303317535 0.05402843601895735 0.054976303317535544
9 0.8587677725118483 0.29241706161137443 0.055924170616113746 0.052132701421800945
1 0.8753554502369668 0.33317535545023697 0.06255924170616113 0.054976303317535544
6 0.9819905213270143 0.3824644549763033 0.03601895734597156 0.05781990521327014
6 0.9507109004739337 0.3819905213270142 0.03317535545023697 0.054976303317535544
6 0.9199052132701422 0.3753554502369668 0.04075829383886256 0.05781990521327014
6 0.8938388625592417 0.36113744075829385 0.04549763033175355 0.054976303317535544
8 0.0867298578199052 0.6938388625592417 0.07582938388625593 0.07962085308056872
8 0.1018957345971564 0.7654028436018957 0.07393364928909953 0.08151658767772511
8 0.41232227488151657 0.7118483412322275 0.07014218009478673 0.07582938388625593
8 0.3924170616113744 0.7862559241706161 0.07393364928909953 0.08151658767772511
9 0.37156398104265403 0.8483412322274881 0.055924170616113746 0.06255924170616113
2 0.11800947867298578 0.8203791469194313 0.05118483412322275 0.037914691943127965
9 0.12417061611374408 0.8644549763033176 0.05402843601895735 0.05781990521327014
1 0.14075829383886257 0.9056872037914692 0.043601895734597156 0.055924170616113746
1 0.32132701421800947 0.918957345971564 0.046445497630331754 0.058767772511848344
6 0.2862559241706161 0.9312796208530806 0.03981042654028436 0.06066350710900474
6 0.24786729857819906 0.9393364928909953 0.03886255924170616 0.04549763033175355
6 0.2075829383886256 0.9364928909952607 0.03981042654028436 0.05118483412322275
6 0.1734597156398104 0.9289099526066351 0.046445497630331754 0.046445497630331754
2 0.35023696682464456 0.890521327014218 0.04739336492890995 0.04075829383886256
6 0.6819905213270142 0.6033175355450237 0.04454976303317536 0.05402843601895735
6 0.6900473933649289 0.6388625592417062 0.06066350710900474 0.04928909952606635