3 0.46777251184834123 0.4781990521327014 0.04265402843601896 0.021800947867298578
3 0.4483412322274882 0.44407582938388623 0.04549763033175355 0.04549763033175355
4 0.4109004739336493 0.381042654028436 0.03981042654028436 0.03886255924170616
1 0.37867298578199055 0.328436018957346 0.06066350710900474 0.07393364928909953
6 0.3402843601895735 0.304739336492891 0.054976303317535544 0.07014218009478673
6 0.295260663507109 0.2938388625592417 0.06635071090047394 0.07298578199052133
6 0.24976303317535545 0.2971563981042654 0.06445497630331753 0.07203791469194312
6 0.21469194312796208 0.318957345971564 0.06066350710900474 0.06540284360189573
1 0.19194312796208532 0.35687203791469196 0.07298578199052133 0.07109004739336493
9 0.17535545023696683 0.4023696682464455 0.07582938388625593 0.06540284360189573
9 0.16303317535545023 0.44360189573459713 0.07582938388625593 0.05971563981042654
8 0.15213270142180094 0.4720379146919431 0.0938388625592417 0.034123222748815164
8 0.5364928909952607 0.1848341232227488 0.0947867298578199 0.1080568720379147
9 0.5028436018957346 0.16161137440758294 0.027488151658767772 0.08625592417061612
8 0.3127962085308057 0.6222748815165877 0.08341232227488152 0.08530805687203792
8 0.37203791469194314 0.6492890995260664 0.08436018957345971 0.08720379146919431
9 0.4213270142180095 0.6729857819905213 0.05687203791469194 0.06540284360189573
9 0.4606635071090047 0.6886255924170616 0.05687203791469194 0.06350710900473934
1 0.4819905213270142 0.6966824644549763 0.014218009478672985 0.05118483412322275
8 0.5341232227488152 0.5360189573459716 0.09004739336492891 0.0938388625592417
8 0.8327014218009479 0.6255924170616114 0.08436018957345971 0.0976303317535545
8 0.8033175355450237 0.6928909952606636 0.08246445497630332 0.08436018957345971
9 0.7729857819905214 0.7426540284360189 0.05971563981042654 0.06066350710900474
9 0.7436018957345971 0.7819905213270142 0.06066350710900474 0.058767772511848344
1 0.7109004739336493 0.8156398104265403 0.054976303317535544 0.058767772511848344
3 0.5265402843601896 0.6118483412322275 0.05308056872037915 0.05971563981042654
9 0.5208530805687204 0.6748815165876777 0.06350710900473934 0.06255924170616113
9 0.5279620853080569 0.7274881516587678 0.06350710900473934 0.06635071090047394
6 0.6744075829383887 0.8061611374407583 0.052132701421800945 0.06350710900473934
6 0.6417061611374407 0.8241706161137441 0.055924170616113746 0.07014218009478673
6 0.614218009478673 0.8109004739336493 0.052132701421800945 0.06635071090047394
6 0.581042654028436 0.7890995260663507 0.061611374407582936 0.07298578199052133
1 0.5398104265402843 0.7701421800947867 0.05971563981042654 0.07203791469194312