6 0.1033175355450237 0.008056872037914692 0.05118483412322275 0.016113744075829384
1 0.11421800947867299 0.02985781990521327 0.061611374407582936 0.05971563981042654
9 0.11516587677725118 0.07962085308056872 0.07488151658767772 0.05781990521327014
4 0.1033175355450237 0.12464454976303317 0.03317535545023697 0.034123222748815164
4 0.08388625592417062 0.21706161137440758 0.03601895734597156 0.037914691943127965
4 0.6165876777251185 0.36161137440758295 0.04265402843601896 0.035071090047393366
4 0.6507109004739337 0.2966824644549763 0.043601895734597156 0.03981042654028436
4 0.6739336492890995 0.24265402843601896 0.04170616113744076 0.03696682464454976
4 0.6985781990521327 0.2009478672985782 0.03696682464454976 0.03601895734597156
3 0.9886255924170616 0.352132701421801 0.022748815165876776 0.046445497630331754
3 0.9924170616113744 0.2943127962085308 0.015165876777251185 0.04265402843601896
1 0.7341232227488151 0.14360189573459717 0.06350710900473934 0.07014218009478673
9 0.9829383886255925 0.23412322274881517 0.034123222748815164 0.07203791469194312
6 0.7805687203791469 0.11516587677725118 0.06066350710900474 0.07203791469194312
6 0.8412322274881516 0.11374407582938388 0.07014218009478673 0.07677725118483412
6 0.9033175355450237 0.11990521327014218 0.07203791469194312 0.08246445497630332
6 0.952132701421801 0.14502369668246445 0.06255924170616113 0.07109004739336493
1 0.9767772511848342 0.18388625592417063 0.046445497630331754 0.06635071090047394
2 0.2729857819905213 0.795260663507109 0.06540284360189573 0.06729857819905213
8 0.31563981042654027 0.7327014218009479 0.08625592417061612 0.08341232227488152
9 0.35118483412322277 0.6886255924170616 0.05781990521327014 0.055924170616113746
9 0.37156398104265403 0.6511848341232227 0.052132701421800945 0.055924170616113746
1 0.4052132701421801 0.6317535545023697 0.046445497630331754 0.06255924170616113
6 0.4327014218009479 0.6161137440758294 0.03317535545023697 0.06066350710900474
8 0.4848341232227488 0.4947867298578199 0.07109004739336493 0.1061611374407583
8 0.5521327014218009 0.5113744075829384 0.08436018957345971 0.1033175355450237
9 0.6132701421800948 0.533175355450237 0.05402843601895735 0.07014218009478673
9 0.662085308056872 0.5436018957345972 0.05781990521327014 0.06824644549763033
1 0.7146919431279621 0.5469194312796208 0.05308056872037915 0.058767772511848344
6 0.7592417061611374 0.5317535545023697 0.04739336492890995 0.03981042654028436
6 0.7838862559241706 0.5075829383886256 0.05781990521327014 0.04170616113744076