2 0.2976303317535545 0.2786729857819905 0.06445497630331753 0.07109004739336493
2 0.01943127962085308 0.2559241706161137 0.03886255924170616 0.06635071090047394
8 0.04834123222748815 0.1928909952606635 0.08530805687203792 0.08246445497630332
9 0.08341232227488152 0.14834123222748816 0.05687203791469194 0.054976303317535544
9 0.10284360189573459 0.11042654028436019 0.05118483412322275 0.054976303317535544
1 0.13601895734597155 0.09004739336492891 0.04549763033175355 0.061611374407582936
6 0.16777251184834124 0.07440758293838863 0.04170616113744076 0.05971563981042654
6 0.2004739336492891 0.07298578199052133 0.03696682464454976 0.058767772511848344
6 0.22938388625592418 0.08246445497630332 0.04075829383886256 0.058767772511848344
6 0.25308056872037915 0.1004739336492891 0.043601895734597156 0.058767772511848344
1 0.266824644549763 0.13270142180094788 0.046445497630331754 0.055924170616113746
9 0.2895734597156398 0.2109004739336493 0.055924170616113746 0.04834123222748815
9 0.28104265402843603 0.16872037914691942 0.052132701421800945 0.052132701421800945
4 0.6725118483412322 0.07156398104265403 0.03317535545023697 0.03033175355450237
4 0.8123222748815165 0.04928909952606635 0.034123222748815164 0.03601895734597156
4 0.8369668246445497 0.01848341232227488 0.037914691943127965 0.03696682464454976
6 0.5838862559241706 0.5018957345971564 0.06445497630331753 0.07677725118483412
3 0.5199052132701422 0.5127962085308057 0.03696682464454976 0.034123222748815164
3 0.4791469194312796 0.5118483412322274 0.03317535545023697 0.03601895734597156
1 0.3862559241706161 0.5350710900473934 0.07298578199052133 0.07582938388625593
9 0.35545023696682465 0.5876777251184834 0.08151658767772511 0.07393364928909953
9 0.32559241706161135 0.6345971563981042 0.07393364928909953 0.06445497630331753
1 0.6218009478672986 0.5322274881516588 0.054976303317535544 0.07677725118483412
9 0.6289099526066351 0.5890995260663507 0.04075829383886256 0.07109004739336493
9 0.6412322274881517 0.637914691943128 0.016113744075829384 0.06445497630331753
8 0.30947867298578197 0.6943127962085308 0.09573459715639811 0.07677725118483412
9 0.7900473933649289 0.6099526066350711 0.06350710900473934 0.06824644549763033
9 0.7663507109004739 0.662085308056872 0.058767772511848344 0.05781990521327014
1 0.7322274881516587 0.7037914691943128 0.05118483412322275 0.06350710900473934
6 0.6886255924170616 0.7118483412322275 0.052132701421800945 0.054976303317535544
6 0.6592417061611374 0.7336492890995261 0.01990521327014218 0.06635071090047394