8 0.09194312796208531 0.2123222748815166 0.07488151658767772 0.06540284360189573
8 0.07251184834123223 0.26445497630331755 0.06824644549763033 0.061611374407582936
8 0.39478672985781993 0.2947867298578199 0.07203791469194312 0.06824644549763033
8 0.08388625592417062 0.3175355450236967 0.06919431279620854 0.06824644549763033
9 0.07962085308056872 0.36777251184834125 0.05781990521327014 0.03981042654028436
9 0.09052132701421801 0.4080568720379147 0.061611374407582936 0.04454976303317536
1 0.0947867298578199 0.44786729857819907 0.05023696682464455 0.05023696682464455
6 0.12701421800947868 0.4710900473933649 0.052132701421800945 0.052132701421800945
6 0.15023696682464455 0.4990521327014218 0.058767772511848344 0.06919431279620854
6 0.1909952606635071 0.5137440758293839 0.04834123222748815 0.06066350710900474
6 0.23317535545023696 0.5090047393364929 0.04739336492890995 0.05687203791469194
1 0.27535545023696684 0.4928909952606635 0.04739336492890995 0.061611374407582936
9 0.3 0.466824644549763 0.055924170616113746 0.05402843601895735
9 0.32748815165876777 0.43981042654028435 0.054976303317535544 0.05118483412322275
8 0.35497630331753555 0.3928909952606635 0.07298578199052133 0.08436018957345971
8 0.7924170616113744 0.4369668246445498 0.07772511848341232 0.07867298578199051
8 0.8639810426540284 0.4090047393364929 0.07582938388625593 0.07488151658767772
2 0.9165876777251185 0.3962085308056872 0.03886255924170616 0.054976303317535544
9 0.9630331753554502 0.390521327014218 0.055924170616113746 0.05971563981042654
1 0.9924170616113744 0.3990521327014218 0.015165876777251185 0.05308056872037915
3 0.22938388625592418 0.781042654028436 0.034123222748815164 0.03601895734597156
4 0.25213270142180094 0.8436018957345972 0.034123222748815164 0.035071090047393366
9 0.24786729857819906 0.895260663507109 0.05023696682464455 0.055924170616113746
9 0.26872037914691943 0.9412322274881516 0.05118483412322275 0.055924170616113746
3 0.5298578199052133 0.809478672985782 0.04075829383886256 0.04170616113744076
3 0.5075829383886256 0.862085308056872 0.04265402843601896 0.04075829383886256
9 0.4824644549763033 0.9161137440758294 0.05402843601895735 0.05023696682464455
9 0.46398104265402845 0.957345971563981 0.04928909952606635 0.05023696682464455
1 0.43838862559241704 0.9805687203791469 0.046445497630331754 0.03886255924170616
1 0.2890995260663507 0.9744075829383886 0.04549763033175355 0.05118483412322275
6 0.3127962085308057 0.9881516587677726 0.03981042654028436 0.023696682464454975
6 0.34407582938388626 0.9938388625592417 0.03981042654028436 0.012322274881516588
6 0.409478672985782 0.9900473933649289 0.04170616113744076 0.01990521327014218
1 0.9938388625592417 0.7113744075829384 0.012322274881516588 0.05781990521327014
6 0.9725118483412323 0.704739336492891 0.043601895734597156 0.04265402843601896
6 0.9459715639810427 0.6838862559241706 0.04454976303317536 0.03981042654028436
6 0.9218009478672986 0.6563981042654028 0.04454976303317536 0.03981042654028436
6 0.904739336492891 0.6255924170616114 0.04739336492890995 0.043601895734597156