8 0.22701421800947869 0.03601895734597156 0.08056872037914692 0.07203791469194312
8 0.16445497630331754 0.05781990521327014 0.07962085308056872 0.08530805687203792
9 0.109478672985782 0.07630331753554502 0.04928909952606635 0.06066350710900474
9 0.06635071090047394 0.08530805687203792 0.05023696682464455 0.06066350710900474
6 0.008056872037914692 0.06587677725118483 0.016113744075829384 0.046445497630331754
1 0.026066350710900472 0.08341232227488152 0.052132701421800945 0.05687203791469194
3 0.5284360189573459 0.25497630331753557 0.01800947867298578 0.05308056872037915
9 0.5710900473933649 0.22180094786729856 0.05781990521327014 0.06066350710900474
9 0.6199052132701421 0.21658767772511847 0.046445497630331754 0.061611374407582936
1 0.6706161137440758 0.21753554502369668 0.05781990521327014 0.07867298578199051
6 0.7184834123222749 0.23554502369668245 0.05781990521327014 0.06066350710900474
6 0.761611374407583 0.25355450236966826 0.07109004739336493 0.07014218009478673
8 0.06445497630331753 0.7454976303317535 0.06729857819905213 0.06540284360189573
8 0.3758293838862559 0.6459715639810426 0.06255924170616113 0.06540284360189573
8 0.34881516587677724 0.590047393364929 0.07109004739336493 0.07772511848341232
9 0.32085308056872036 0.5440758293838862 0.061611374407582936 0.054976303317535544
9 0.2976303317535545 0.5061611374407583 0.06066350710900474 0.054976303317535544
8 0.06255924170616113 0.6834123222748815 0.07393364928909953 0.07203791469194312
9 0.06018957345971564 0.6270142180094787 0.06824644549763033 0.05308056872037915
9 0.06113744075829384 0.5815165876777251 0.06919431279620854 0.05118483412322275
1 0.2734597156398104 0.4710900473933649 0.04928909952606635 0.04928909952606635
1 0.057345971563981045 0.5341232227488152 0.04928909952606635 0.055924170616113746
6 0.08341232227488152 0.4933649289099526 0.04075829383886256 0.05118483412322275
6 0.12606635071090047 0.46492890995260666 0.058767772511848344 0.04834123222748815
6 0.18104265402843603 0.45402843601895737 0.06066350710900474 0.04549763033175355
6 0.23127962085308057 0.45213270142180095 0.04549763033175355 0.035071090047393366
3 0.9151658767772511 0.4981042654028436 0.05023696682464455 0.04928909952606635
3 0.9355450236966825 0.5630331753554503 0.04454976303317536 0.04834123222748815
9 0.9379146919431279 0.6279620853080569 0.06350710900473934 0.05308056872037915
9 0.9502369668246445 0.6767772511848341 0.06445497630331753 0.054976303317535544
6 0.9919431279620853 0.7369668246445498 0.016113744075829384 0.06540284360189573
1 0.975829383886256 0.7127962085308057 0.04834123222748815 0.06824644549763033