8 0.013744075829383886 0.22464454976303316 0.027488151658767772 0.08720379146919431
9 0.043601895734597156 0.22227488151658767 0.05971563981042654 0.07014218009478673
9 0.09146919431279621 0.22559241706161137 0.06066350710900474 0.06729857819905213
1 0.13744075829383887 0.2132701421800948 0.054976303317535544 0.06729857819905213
6 0.16966824644549763 0.1843601895734597 0.04928909952606635 0.05781990521327014
6 0.1924170616113744 0.16729857819905214 0.03981042654028436 0.05023696682464455
6 0.204739336492891 0.14502369668246445 0.03033175355450237 0.046445497630331754
6 0.1900473933649289 0.12511848341232226 0.05781990521327014 0.04739336492890995
8 0.776303317535545 0.14360189573459717 0.07488151658767772 0.07582938388625593
2 0.7199052132701422 0.13222748815165877 0.06445497630331753 0.06919431279620854
9 0.6687203791469194 0.12938388625592417 0.04739336492890995 0.052132701421800945
9 0.6298578199052133 0.13127962085308056 0.046445497630331754 0.052132701421800945
1 0.5938388625592417 0.14549763033175356 0.04928909952606635 0.054976303317535544
6 0.5625592417061611 0.15639810426540285 0.04928909952606635 0.04928909952606635
6 0.5407582938388625 0.17251184834123223 0.05023696682464455 0.046445497630331754
8 0.12180094786729857 0.6194312796208531 0.08625592417061612 0.07962085308056872
8 0.2009478672985782 0.6360189573459716 0.08056872037914692 0.07677725118483412
9 0.26587677725118486 0.6459715639810426 0.05118483412322275 0.05971563981042654
9 0.3222748815165877 0.6549763033175355 0.05781990521327014 0.055924170616113746
1 0.3701421800947867 0.6497630331753554 0.058767772511848344 0.06255924170616113
6 0.3976303317535545 0.628436018957346 0.06255924170616113 0.05971563981042654
6 0.42274881516587676 0.604739336492891 0.05687203791469194 0.054976303317535544
6 0.44170616113744077 0.5824644549763033 0.05781990521327014 0.05023696682464455
8 0.8734597156398104 0.6445497630331753 0.07867298578199051 0.07582938388625593
8 0.8369668246445497 0.6933649289099526 0.06540284360189573 0.06540284360189573
9 0.8118483412322275 0.7360189573459716 0.052132701421800945 0.05402843601895735
9 0.7824644549763033 0.7663507109004739 0.055924170616113746 0.05781990521327014
9 0.5606635071090047 0.6606635071090048 0.06350710900473934 0.05781990521327014
9 0.5734597156398105 0.704739336492891 0.06824644549763033 0.058767772511848344
1 0.5943127962085308 0.7445497630331753 0.05971563981042654 0.05308056872037915
1 0.7454976303317535 0.7895734597156399 0.05023696682464455 0.05971563981042654
6 0.7061611374407583 0.8033175355450237 0.046445497630331754 0.05308056872037915
6 0.6739336492890995 0.8066350710900474 0.04454976303317536 0.05023696682464455
6 0.6421800947867299 0.7962085308056872 0.04739336492890995 0.052132701421800945
6 0.6109004739336493 0.7739336492890996 0.052132701421800945 0.052132701421800945