8 0.16066350710900473 0.27488151658767773 0.06540284360189573 0.06350710900473934
8 0.15071090047393365 0.32748815165876777 0.06824644549763033 0.06824644549763033
9 0.14123222748815165 0.3587677725118483 0.058767772511848344 0.021800947867298578
4 0.17109004739336492 0.7137440758293839 0.05023696682464455 0.054976303317535544
3 0.2014218009478673 0.6630331753554503 0.05118483412322275 0.05023696682464455
3 0.016113744075829384 0.41184834123222747 0.03222748815165877 0.04834123222748815
9 0.06018957345971564 0.3985781990521327 0.07298578199052133 0.05781990521327014
9 0.10995260663507109 0.3928909952606635 0.06445497630331753 0.046445497630331754
9 0.26350710900473934 0.6270142180094787 0.06729857819905213 0.06445497630331753
9 0.2838862559241706 0.5791469194312796 0.06919431279620854 0.05971563981042654
1 0.3018957345971564 0.5374407582938389 0.07393364928909953 0.06445497630331753
1 0.16255924170616115 0.38957345971563984 0.06729857819905213 0.03981042654028436
6 0.2985781990521327 0.48625592417061614 0.055924170616113746 0.05687203791469194
6 0.2909952606635071 0.44028436018957345 0.08246445497630332 0.08436018957345971
6 0.24976303317535545 0.4085308056872038 0.09194312796208531 0.07772511848341232
6 0.21469194312796208 0.38909952606635073 0.06919431279620854 0.03886255924170616
3 0.8848341232227488 0.7872037914691943 0.05308056872037915 0.05402843601895735
3 0.8838862559241706 0.7241706161137441 0.055924170616113746 0.054976303317535544
3 0.8540284360189574 0.656872037914692 0.05687203791469194 0.054976303317535544
3 0.8440758293838863 0.6028436018957346 0.05118483412322275 0.04834123222748815
3 0.7165876777251184 0.566824644549763 0.04834123222748815 0.05308056872037915
3 0.6701421800947868 0.5786729857819906 0.04454976303317536 0.04739336492890995
2 0.6312796208530805 0.614218009478673 0.07203791469194312 0.06255924170616113
3 0.6023696682464454 0.656872037914692 0.05781990521327014 0.054976303317535544
3 0.581042654028436 0.7090047393364929 0.043601895734597156 0.054976303317535544