8 0.3582938388625592 0.46350710900473935 0.06919431279620854 0.06824644549763033
8 0.2995260663507109 0.44360189573459713 0.07203791469194312 0.07393364928909953
2 0.25118483412322273 0.4327014218009479 0.03886255924170616 0.04739336492890995
9 0.2109004739336493 0.4203791469194313 0.052132701421800945 0.06445497630331753
1 0.16729857819905214 0.4080568720379147 0.054976303317535544 0.05971563981042654
6 0.12227488151658768 0.41232227488151657 0.05308056872037915 0.055924170616113746
6 0.08104265402843602 0.4218009478672986 0.06540284360189573 0.06350710900473934
6 0.04597156398104266 0.44786729857819907 0.058767772511848344 0.06066350710900474
9 0.5445497630331754 0.4052132701421801 0.029383886255924172 0.06350710900473934
9 0.5748815165876777 0.4023696682464455 0.055924170616113746 0.06445497630331753
1 0.6123222748815166 0.381042654028436 0.05118483412322275 0.05402843601895735
6 0.6350710900473934 0.4137440758293839 0.04928909952606635 0.046445497630331754
6 0.6701421800947868 0.43033175355450237 0.058767772511848344 0.05687203791469194
6 0.6895734597156398 0.4654028436018957 0.06255924170616113 0.05308056872037915
9 0.3080568720379147 0.885781990521327 0.06540284360189573 0.058767772511848344
9 0.31563981042654027 0.9279620853080569 0.05687203791469194 0.061611374407582936
1 0.33744075829383885 0.9691943127962085 0.052132701421800945 0.05402843601895735
6 0.37156398104265403 0.9815165876777251 0.043601895734597156 0.03696682464454976
6 0.4075829383886256 0.9853080568720379 0.043601895734597156 0.029383886255924172
6 0.442654028436019 0.9872037914691943 0.04549763033175355 0.025592417061611375
1 0.4834123222748815 0.9819905213270143 0.05118483412322275 0.03601895734597156
9 0.5061611374407583 0.9582938388625593 0.04739336492890995 0.06066350710900474
9 0.5175355450236967 0.9208530805687204 0.024644549763033177 0.061611374407582936
0 0.6938388625592417 0.7668246445497631 0.04739336492890995 0.04739336492890995
0 0.6663507109004739 0.8270142180094787 0.05023696682464455 0.052132701421800945
0 0.6151658767772512 0.9023696682464455 0.04454976303317536 0.04549763033175355
1 0.5881516587677725 0.9464454976303317 0.05687203791469194 0.07582938388625593
6 0.5535545023696683 0.957345971563981 0.04549763033175355 0.07014218009478673
6 0.5398104265402843 0.9677725118483412 0.01990521327014218 0.06445497630331753