6 0.4165876777251185 0.218957345971564 0.025592417061611375 0.07962085308056872
6 0.4033175355450237 0.23886255924170616 0.052132701421800945 0.06445497630331753
1 0.3815165876777251 0.271563981042654 0.061611374407582936 0.06066350710900474
9 0.36682464454976305 0.31563981042654027 0.07298578199052133 0.06540284360189573
9 0.34739336492890993 0.3360189573459716 0.06540284360189573 0.027488151658767772
3 0.9559241706161138 0.23933649289099526 0.054976303317535544 0.058767772511848344
9 0.8924170616113745 0.22464454976303316 0.06729857819905213 0.07867298578199051
9 0.8421800947867298 0.2123222748815166 0.07393364928909953 0.08151658767772511
1 0.7928909952606635 0.19194312796208532 0.06066350710900474 0.07582938388625593
6 0.771090047393365 0.15639810426540285 0.06729857819905213 0.06255924170616113
6 0.7701421800947867 0.11374407582938388 0.06350710900473934 0.06066350710900474
8 0.11848341232227488 0.8023696682464455 0.09004739336492891 0.08436018957345971
9 0.12748815165876778 0.7535545023696683 0.07014218009478673 0.058767772511848344
9 0.13744075829383887 0.7099526066350711 0.07867298578199051 0.06635071090047394
1 0.14786729857819905 0.6644549763033175 0.06919431279620854 0.06255924170616113
6 0.024170616113744076 0.556872037914692 0.04834123222748815 0.061611374407582936
6 0.06445497630331753 0.5630331753554503 0.06540284360189573 0.07014218009478673
6 0.11090047393364928 0.5909952606635072 0.06919431279620854 0.07203791469194312
6 0.13838862559241707 0.623696682464455 0.06255924170616113 0.06066350710900474
3 0.6876777251184835 0.5327014218009478 0.04265402843601896 0.04170616113744076
8 0.7497630331753554 0.5265402843601896 0.08625592417061612 0.08530805687203792
9 0.804739336492891 0.5398104265402843 0.058767772511848344 0.06635071090047394
1 0.8834123222748815 0.5587677725118484 0.06445497630331753 0.06824644549763033
6 0.909478672985782 0.5819905213270142 0.07298578199052133 0.07867298578199051
6 0.9345971563981043 0.5976303317535545 0.06255924170616113 0.06350710900473934
9 0.8459715639810427 0.5483412322274882 0.054976303317535544 0.06540284360189573