8 0.3033175355450237 0.28199052132701424 0.05971563981042654 0.06540284360189573
8 0.3469194312796208 0.26018957345971566 0.06919431279620854 0.07772511848341232
8 0.4018957345971564 0.24407582938388625 0.07582938388625593 0.08246445497630332
9 0.4483412322274882 0.23507109004739338 0.05118483412322275 0.06066350710900474
1 0.533175355450237 0.23791469194312795 0.05687203791469194 0.06066350710900474
6 0.5682464454976304 0.24928909952606634 0.05781990521327014 0.05402843601895735
6 0.5815165876777251 0.27488151658767773 0.03696682464454976 0.05687203791469194
7 0.48578199052132703 0.24360189573459715 0.04170616113744076 0.04928909952606635
2 0.6739336492890995 0.4881516587677725 0.07677725118483412 0.07772511848341232
2 0.6208530805687204 0.5042654028436019 0.04170616113744076 0.07582938388625593
9 0.17393364928909952 0.9862559241706161 0.061611374407582936 0.027488151658767772
9 0.1981042654028436 0.9734597156398104 0.058767772511848344 0.05308056872037915
1 0.22796208530805687 0.9516587677725118 0.05781990521327014 0.06729857819905213
6 0.26066350710900477 0.9289099526066351 0.04170616113744076 0.05308056872037915
6 0.2995260663507109 0.9232227488151659 0.061611374407582936 0.06824644549763033
6 0.35071090047393366 0.9355450236966825 0.06350710900473934 0.07014218009478673
2 0.4028436018957346 0.975829383886256 0.05308056872037915 0.04834123222748815