8 0.26919431279620853 0.34549763033175357 0.07867298578199051 0.07109004739336493
8 0.32085308056872036 0.381042654028436 0.07393364928909953 0.07298578199052133
2 0.37819905213270144 0.4066350710900474 0.05402843601895735 0.05781990521327014
9 0.42843601895734595 0.4213270142180095 0.04739336492890995 0.05308056872037915
9 0.4663507109004739 0.42843601895734595 0.04265402843601896 0.04928909952606635
1 0.5066350710900474 0.4251184834123223 0.04834123222748815 0.04834123222748815
6 0.5279620853080569 0.4109004739336493 0.022748815165876776 0.04265402843601896
2 0.7450236966824645 0.33649289099526064 0.07203791469194312 0.07109004739336493
9 0.556872037914692 0.06824644549763033 0.035071090047393366 0.07962085308056872
9 0.590047393364929 0.04881516587677725 0.07109004739336493 0.07488151658767772
1 0.64739336492891 0.03364928909952607 0.054976303317535544 0.05781990521327014
2 0.771563981042654 0.28672985781990523 0.06824644549763033 0.04265402843601896
8 0.795734597156398 0.23838862559241705 0.07203791469194312 0.05971563981042654
1 0.804739336492891 0.1843601895734597 0.06540284360189573 0.05402843601895735
6 0.8085308056872038 0.13317535545023695 0.05023696682464455 0.052132701421800945
6 0.7881516587677725 0.08862559241706161 0.06350710900473934 0.06635071090047394
6 0.7488151658767772 0.04691943127962085 0.06066350710900474 0.07109004739336493
1 0.6464454976303318 0.03175355450236967 0.05308056872037915 0.06350710900473934
6 0.7018957345971564 0.03222748815165877 0.052132701421800945 0.054976303317535544
8 0.16777251184834124 0.8516587677725118 0.07582938388625593 0.07109004739336493
8 0.2037914691943128 0.8985781990521327 0.07677725118483412 0.07393364928909953
9 0.2213270142180095 0.9488151658767773 0.05971563981042654 0.05308056872037915
9 0.23981042654028437 0.981042654028436 0.05687203791469194 0.037914691943127965
8 0.8255924170616113 0.9781990521327014 0.1004739336492891 0.043601895734597156
8 0.8251184834123223 0.9218009478672986 0.0947867298578199 0.08436018957345971
9 0.8341232227488151 0.8545023696682464 0.0938388625592417 0.06729857819905213
1 0.819431279620853 0.7725118483412322 0.07488151658767772 0.08056872037914692
9 0.5606635071090047 0.7606635071090048 0.04265402843601896 0.08056872037914692
1 0.5824644549763033 0.7146919431279621 0.06729857819905213 0.07772511848341232
6 0.6312796208530805 0.6900473933649289 0.058767772511848344 0.07962085308056872
6 0.6919431279620853 0.6829383886255924 0.07582938388625593 0.08341232227488152
6 0.7540284360189573 0.6938388625592417 0.07677725118483412 0.08151658767772511
6 0.7981042654028436 0.7213270142180095 0.07014218009478673 0.07203791469194312