3 0.3819905213270142 0.07725118483412323 0.03317535545023697 0.03601895734597156
4 0.5 0.05924170616113744 0.01990521327014218 0.04454976303317536
3 0.36540284360189573 0.12748815165876778 0.031279620853080566 0.022748815165876776
3 0.3639810426540284 0.10426540284360189 0.03222748815165877 0.03033175355450237
4 0.36824644549763036 0.14597156398104266 0.03601895734597156 0.027488151658767772
8 0.6554502369668247 0.18909952606635072 0.07203791469194312 0.07488151658767772
8 0.6744075829383887 0.14502369668246445 0.07582938388625593 0.07962085308056872
9 0.6919431279620853 0.1023696682464455 0.05781990521327014 0.05308056872037915
9 0.7104265402843601 0.06872037914691943 0.06350710900473934 0.05971563981042654
8 0.9635071090047393 0.23744075829383887 0.07298578199052133 0.061611374407582936
8 0.9559241706161138 0.18909952606635072 0.07867298578199051 0.06445497630331753
9 0.9545023696682464 0.14407582938388624 0.06445497630331753 0.04928909952606635
9 0.9459715639810427 0.1066350710900474 0.07014218009478673 0.05308056872037915
1 0.9232227488151659 0.06540284360189573 0.06350710900473934 0.06066350710900474
1 0.7402843601895734 0.03838862559241706 0.05687203791469194 0.05781990521327014
6 0.9014218009478673 0.026540284360189573 0.05118483412322275 0.05308056872037915
6 0.7682464454976303 0.01848341232227488 0.05402843601895735 0.03696682464454976
6 0.8635071090047394 0.015639810426540283 0.06255924170616113 0.031279620853080566
6 0.8109004739336493 0.011848341232227487 0.05971563981042654 0.023696682464454975
8 0.0981042654028436 0.6815165876777252 0.07962085308056872 0.08056872037914692
8 0.3971563981042654 0.633175355450237 0.07582938388625593 0.07298578199052133
9 0.11516587677725118 0.6317535545023697 0.05308056872037915 0.05308056872037915
9 0.12985781990521328 0.5976303317535545 0.054976303317535544 0.05781990521327014
9 0.36255924170616116 0.5886255924170616 0.05781990521327014 0.058767772511848344
9 0.33791469194312795 0.5729857819905213 0.055924170616113746 0.027488151658767772
1 0.14834123222748816 0.576303317535545 0.055924170616113746 0.034123222748815164
1 0.3014218009478673 0.5672985781990522 0.04928909952606635 0.016113744075829384
3 0.5436018957345972 0.7364928909952607 0.052132701421800945 0.05687203791469194
3 0.9146919431279621 0.7090047393364929 0.04834123222748815 0.046445497630331754
3 0.8914691943127963 0.7706161137440758 0.052132701421800945 0.055924170616113746
8 0.5748815165876777 0.8075829383886256 0.09004739336492891 0.0938388625592417
9 0.8729857819905213 0.8232227488151659 0.07109004739336493 0.07203791469194312
9 0.8559241706161137 0.8696682464454977 0.06635071090047394 0.06445497630331753
1 0.8222748815165877 0.9004739336492891 0.05308056872037915 0.06540284360189573
6 0.7981042654028436 0.9222748815165877 0.05023696682464455 0.06729857819905213
6 0.7672985781990521 0.933175355450237 0.04739336492890995 0.07677725118483412
6 0.7331753554502369 0.9402843601895735 0.043601895734597156 0.06540284360189573
6 0.6943127962085308 0.9402843601895735 0.04454976303317536 0.06540284360189573
1 0.6587677725118484 0.9303317535545024 0.055924170616113746 0.07298578199052133
9 0.6180094786729858 0.9151658767772511 0.06350710900473934 0.06066350710900474
9 0.6018957345971564 0.8687203791469195 0.06919431279620854 0.06919431279620854