9 0.007582938388625593 0.37772511848341234 0.015165876777251185 0.07298578199052133
1 0.03838862559241706 0.36777251184834125 0.05971563981042654 0.061611374407582936
6 0.08625592417061612 0.37725118483412323 0.054976303317535544 0.04739336492890995
6 0.11753554502369669 0.3962085308056872 0.07488151658767772 0.052132701421800945
6 0.13886255924170615 0.42985781990521327 0.06824644549763033 0.03886255924170616
8 0.6578199052132702 0.23507109004739338 0.07203791469194312 0.07582938388625593
9 0.6758293838862559 0.2895734597156398 0.054976303317535544 0.05687203791469194
9 0.6924170616113744 0.32654028436018956 0.052132701421800945 0.05402843601895735
9 0.9033175355450237 0.28056872037914693 0.06729857819905213 0.05402843601895735
9 0.8753554502369668 0.3222748815165877 0.05687203791469194 0.052132701421800945
1 0.8516587677725118 0.36255924170616116 0.04739336492890995 0.06066350710900474
6 0.8203791469194313 0.38293838862559243 0.04549763033175355 0.06066350710900474
6 0.7909952606635071 0.3881516587677725 0.04170616113744076 0.06824644549763033
6 0.7568720379146919 0.3933649289099526 0.03981042654028436 0.05971563981042654
6 0.7293838862559242 0.385781990521327 0.04739336492890995 0.06919431279620854
1 0.70521327014218 0.36066350710900474 0.05118483412322275 0.06824644549763033
8 0.15497630331753554 0.6104265402843602 0.058767772511848344 0.06255924170616113
8 0.1895734597156398 0.5620853080568721 0.07109004739336493 0.07582938388625593
9 0.22274881516587677 0.523696682464455 0.05023696682464455 0.05118483412322275
9 0.24834123222748816 0.5033175355450237 0.04928909952606635 0.02843601895734597
8 0.4928909952606635 0.8890995260663507 0.07393364928909953 0.05308056872037915
8 0.7796208530805687 0.9127962085308057 0.06255924170616113 0.04739336492890995
8 0.7630331753554502 0.9454976303317536 0.06729857819905213 0.058767772511848344
8 0.4985781990521327 0.9270142180094787 0.06350710900473934 0.046445497630331754
1 0.7445497630331753 0.9796208530805687 0.061611374407582936 0.04075829383886256
1 0.5341232227488152 0.9867298578199052 0.05971563981042654 0.026540284360189573
9 0.5175355450236967 0.9578199052132701 0.06635071090047394 0.05402843601895735