8 0.6957345971563981 0.23033175355450236 0.09573459715639811 0.08625592417061612
8 0.504739336492891 0.4184834123222749 0.07203791469194312 0.08341232227488152
9 0.7293838862559242 0.27061611374407585 0.06540284360189573 0.05971563981042654
8 0.5521327014218009 0.4369668246445498 0.06540284360189573 0.07014218009478673
9 0.5981042654028436 0.4549763033175355 0.058767772511848344 0.06540284360189573
9 0.7587677725118483 0.3028436018957346 0.05781990521327014 0.05118483412322275
9 0.638388625592417 0.4549763033175355 0.046445497630331754 0.05308056872037915
1 0.7663507109004739 0.3412322274881517 0.06255924170616113 0.05402843601895735
6 0.7644549763033175 0.38341232227488153 0.055924170616113746 0.04265402843601896
6 0.7516587677725118 0.4137440758293839 0.052132701421800945 0.04170616113744076
6 0.7327014218009479 0.44218009478672987 0.04454976303317536 0.04170616113744076
6 0.7033175355450237 0.4549763033175355 0.04454976303317536 0.04549763033175355
1 0.6720379146919432 0.46966824644549765 0.05402843601895735 0.04834123222748815
3 0.11090047393364928 0.9587677725118483 0.03601895734597156 0.03696682464454976
3 0.02132701421800948 0.9260663507109005 0.03222748815165877 0.03696682464454976
9 0.7464454976303317 0.762085308056872 0.05402843601895735 0.04549763033175355
9 0.5407582938388625 0.7483412322274882 0.055924170616113746 0.01800947867298578
1 0.7118483412322275 0.776303317535545 0.04928909952606635 0.05971563981042654
6 0.6777251184834123 0.7834123222748816 0.03696682464454976 0.052132701421800945
6 0.6417061611374407 0.7876777251184834 0.03696682464454976 0.052132701421800945
6 0.6104265402843602 0.7781990521327015 0.046445497630331754 0.05023696682464455
1 0.5753554502369668 0.7644549763033175 0.054976303317535544 0.05023696682464455