8 0.25071090047393363 0.1943127962085308 0.08530805687203792 0.08720379146919431
8 0.3018957345971564 0.22322274881516588 0.07298578199052133 0.08530805687203792
9 0.34834123222748814 0.23744075829383887 0.055924170616113746 0.06729857819905213
9 0.38957345971563984 0.24597156398104264 0.058767772511848344 0.06729857819905213
1 0.43317535545023694 0.25497630331753557 0.05687203791469194 0.04928909952606635
6 0.46966824644549765 0.2563981042654028 0.052132701421800945 0.046445497630331754
6 0.5018957345971564 0.24786729857819906 0.07488151658767772 0.06350710900473934
8 0.9151658767772511 0.1 0.0881516587677725 0.09004739336492891
8 0.966350710900474 0.11042654028436019 0.06729857819905213 0.0976303317535545
8 0.1990521327014218 0.6625592417061611 0.08341232227488152 0.08625592417061612
8 0.22843601895734597 0.6071090047393365 0.0881516587677725 0.0947867298578199
8 0.5014218009478673 0.8090047393364929 0.07677725118483412 0.07677725118483412
8 0.5165876777251185 0.747867298578199 0.08246445497630332 0.08056872037914692
9 0.5270142180094787 0.690521327014218 0.08056872037914692 0.07298578199052133
9 0.5364928909952607 0.637914691943128 0.07582938388625593 0.06824644549763033
4 0.34218009478672984 0.533649289099526 0.04265402843601896 0.04170616113744076
4 0.4161137440758294 0.5393364928909953 0.034123222748815164 0.03696682464454976
4 0.4720379146919431 0.5786729857819906 0.03601895734597156 0.03317535545023697
4 0.27109004739336495 0.5838862559241706 0.04075829383886256 0.04170616113744076
2 0.5222748815165876 0.5995260663507109 0.052132701421800945 0.05687203791469194
6 0.9777251184834124 0.4900473933649289 0.04454976303317536 0.07014218009478673
6 0.9355450236966825 0.4938388625592417 0.08341232227488152 0.08720379146919431