8 0.14454976303317535 0.6071090047393365 0.06919431279620854 0.07014218009478673
8 0.404739336492891 0.5113744075829384 0.07393364928909953 0.08056872037914692
9 0.13933649289099526 0.5559241706161138 0.06445497630331753 0.05308056872037915
9 0.13649289099526066 0.5104265402843602 0.06350710900473934 0.052132701421800945
9 0.3744075829383886 0.466824644549763 0.06635071090047394 0.06445497630331753
9 0.34360189573459715 0.4308056872037915 0.06540284360189573 0.06919431279620854
1 0.13270142180094788 0.46208530805687204 0.061611374407582936 0.06445497630331753
1 0.3104265402843602 0.3943127962085308 0.05781990521327014 0.06824644549763033
6 0.14549763033175356 0.418957345971564 0.05402843601895735 0.05971563981042654
6 0.17535545023696683 0.38388625592417064 0.061611374407582936 0.06540284360189573
6 0.2241706161137441 0.3701421800947867 0.06066350710900474 0.06635071090047394
6 0.2725118483412322 0.3805687203791469 0.05118483412322275 0.055924170616113746
3 0.6492890995260664 0.2104265402843602 0.052132701421800945 0.05023696682464455
3 0.6772511848341233 0.24739336492890995 0.05023696682464455 0.05023696682464455
4 0.6815165876777252 0.30947867298578197 0.03886255924170616 0.03696682464454976
5 0.6824644549763034 0.3459715639810427 0.04454976303317536 0.04265402843601896
5 0.6260663507109004 0.41137440758293836 0.03981042654028436 0.03981042654028436
6 0.5620853080568721 0.7639810426540284 0.034123222748815164 0.06066350710900474
6 0.5170616113744075 0.7819905213270142 0.06540284360189573 0.06066350710900474
6 0.45734597156398105 0.7663507109004739 0.06445497630331753 0.06445497630331753
6 0.4132701421800948 0.7573459715639811 0.05308056872037915 0.04928909952606635
1 0.38341232227488153 0.7265402843601896 0.054976303317535544 0.05402843601895735
9 0.36492890995260663 0.6843601895734597 0.06066350710900474 0.04928909952606635
8 0.8393364928909952 0.923696682464455 0.0947867298578199 0.0947867298578199
9 0.8203791469194313 0.861611374407583 0.07488151658767772 0.06540284360189573
9 0.7933649289099526 0.8232227488151659 0.07677725118483412 0.06919431279620854
1 0.7639810426540284 0.7819905213270142 0.06540284360189573 0.07109004739336493
6 0.7194312796208531 0.7578199052132701 0.054976303317535544 0.061611374407582936
6 0.6739336492890995 0.747867298578199 0.06255924170616113 0.06919431279620854
6 0.6208530805687204 0.7549763033175355 0.06729857819905213 0.06824644549763033
6 0.5938388625592417 0.781042654028436 0.029383886255924172 0.06635071090047394