8 0.19194312796208532 0.3052132701421801 0.07677725118483412 0.07488151658767772
8 0.2213270142180095 0.25734597156398104 0.08056872037914692 0.08625592417061612
1 0.27677725118483415 0.17251184834123223 0.05402843601895735 0.055924170616113746
9 0.24834123222748816 0.2075829383886256 0.06350710900473934 0.05781990521327014
6 0.32037914691943126 0.14881516587677726 0.054976303317535544 0.05023696682464455
6 0.37203791469194314 0.14691943127962084 0.061611374407582936 0.05402843601895735
6 0.4004739336492891 0.15876777251184834 0.01800947867298578 0.055924170616113746
8 0.985781990521327 0.12843601895734597 0.02843601895734597 0.06729857819905213
4 0.9454976303317536 0.12274881516587678 0.04075829383886256 0.03696682464454976
9 0.8938388625592417 0.12748815165876778 0.05781990521327014 0.06066350710900474
9 0.8464454976303317 0.12417061611374408 0.055924170616113746 0.05687203791469194
1 0.8099526066350711 0.10710900473933649 0.05971563981042654 0.06255924170616113
6 0.7767772511848341 0.09336492890995261 0.03696682464454976 0.043601895734597156
6 0.7630331753554502 0.07014218009478673 0.04170616113744076 0.04265402843601896
6 0.7578199052132701 0.04454976303317536 0.06066350710900474 0.04075829383886256
6 0.7592417061611374 0.016113744075829384 0.058767772511848344 0.03222748815165877
6 0.034123222748815164 0.44502369668246444 0.06255924170616113 0.06824644549763033
6 0.08767772511848342 0.4601895734597156 0.07582938388625593 0.07772511848341232
6 0.13791469194312797 0.4947867298578199 0.06635071090047394 0.06824644549763033
6 0.16398104265402844 0.5341232227488152 0.054976303317535544 0.05308056872037915
1 0.16682464454976303 0.5853080568720379 0.07488151658767772 0.07014218009478673
9 0.15071090047393365 0.6398104265402843 0.08625592417061612 0.06919431279620854
9 0.13175355450236967 0.690521327014218 0.08909952606635071 0.06729857819905213
3 0.09004739336492891 0.7322274881516587 0.03886255924170616 0.03886255924170616
8 0.7601895734597156 0.7426540284360189 0.07677725118483412 0.08246445497630332
8 0.6943127962085308 0.7431279620853081 0.07867298578199051 0.07867298578199051
9 0.6417061611374407 0.7407582938388626 0.05308056872037915 0.06635071090047394
1 0.5597156398104265 0.723696682464455 0.05781990521327014 0.05687203791469194
6 0.5246445497630332 0.7071090047393365 0.06255924170616113 0.05781990521327014
7 0.6056872037914692 0.7345971563981043 0.04265402843601896 0.04454976303317536