8 0.4369668246445498 0.33744075829383885 0.08530805687203792 0.08720379146919431
8 0.3744075829383886 0.35071090047393366 0.0881516587677725 0.08909952606635071
9 0.31563981042654027 0.35497630331753555 0.05781990521327014 0.06919431279620854
9 0.2677725118483412 0.36208530805687206 0.06540284360189573 0.06729857819905213
1 0.21374407582938387 0.35023696682464456 0.06255924170616113 0.05971563981042654
6 0.17772511848341233 0.3289099526066351 0.06066350710900474 0.04928909952606635
6 0.16066350710900473 0.3061611374407583 0.05687203791469194 0.04170616113744076
6 0.15687203791469195 0.2824644549763033 0.046445497630331754 0.03033175355450237
8 0.9838862559241706 0.36729857819905215 0.03222748815165877 0.09004739336492891
9 0.9597156398104265 0.34312796208530805 0.06350710900473934 0.07393364928909953
9 0.9104265402843602 0.33175355450236965 0.06729857819905213 0.07772511848341232
1 0.8587677725118483 0.32701421800947866 0.06350710900473934 0.06255924170616113
6 0.8127962085308057 0.3350710900473934 0.061611374407582936 0.054976303317535544
6 0.7777251184834123 0.34407582938388626 0.07677725118483412 0.07014218009478673
8 0.395260663507109 0.8867298578199052 0.0976303317535545 0.0881516587677725
8 0.36492890995260663 0.9270142180094787 0.07582938388625593 0.06540284360189573
9 0.32654028436018956 0.9834123222748815 0.07677725118483412 0.03317535545023697
9 0.3412322274881517 0.956872037914692 0.07298578199052133 0.06540284360189573
3 0.6298578199052133 0.6611374407582938 0.055924170616113746 0.05402843601895735
3 0.7251184834123223 0.6511848341232227 0.04928909952606635 0.04834123222748815
3 0.7772511848341233 0.6516587677725119 0.05402843601895735 0.05023696682464455
3 0.8218009478672986 0.662085308056872 0.026540284360189573 0.021800947867298578
3 0.8445497630331753 0.6625592417061611 0.03317535545023697 0.027488151658767772
3 0.8691943127962085 0.6497630331753554 0.03601895734597156 0.037914691943127965