8 0.03175355450236967 0.2876777251184834 0.06350710900473934 0.07488151658767772
3 0.06682464454976303 0.266824644549763 0.03886255924170616 0.04075829383886256
3 0.12938388625592417 0.22274881516587677 0.034123222748815164 0.03222748815165877
1 0.17582938388625594 0.1985781990521327 0.06066350710900474 0.052132701421800945
6 0.1971563981042654 0.16398104265402844 0.05308056872037915 0.04834123222748815
6 0.2009478672985782 0.11279620853080569 0.05971563981042654 0.061611374407582936
6 0.190521327014218 0.05781990521327014 0.06540284360189573 0.05781990521327014
6 0.16255924170616115 0.024644549763033177 0.05023696682464455 0.04928909952606635
1 0.11848341232227488 0.017061611374407582 0.05118483412322275 0.034123222748815164
9 0.07109004739336493 0.018957345971563982 0.054976303317535544 0.037914691943127965
9 0.02890995260663507 0.012322274881516588 0.03886255924170616 0.024644549763033177
8 0.36587677725118484 0.0976303317535545 0.03222748815165877 0.07582938388625593
8 0.3928909952606635 0.13933649289099526 0.08436018957345971 0.07962085308056872
8 0.6791469194312796 0.030805687203791468 0.07298578199052133 0.061611374407582936
9 0.4364928909952607 0.18293838862559242 0.06729857819905213 0.06445497630331753
9 0.47535545023696685 0.2127962085308057 0.04834123222748815 0.05687203791469194
9 0.6881516587677725 0.08199052132701422 0.054976303317535544 0.05687203791469194
9 0.6815165876777252 0.13222748815165877 0.06066350710900474 0.05402843601895735
1 0.6663507109004739 0.17535545023696683 0.05781990521327014 0.05023696682464455
1 0.5161137440758294 0.22938388625592418 0.04928909952606635 0.061611374407582936
6 0.6540284360189573 0.2123222748815166 0.05687203791469194 0.05402843601895735
6 0.6274881516587678 0.23270142180094786 0.05781990521327014 0.05971563981042654
6 0.5938388625592417 0.24549763033175356 0.054976303317535544 0.06729857819905213
6 0.5549763033175356 0.24644549763033174 0.04454976303317536 0.06066350710900474
8 0.2554502369668246 0.9834123222748815 0.08436018957345971 0.03317535545023697
8 0.28151658767772514 0.9402843601895735 0.08909952606635071 0.07488151658767772
9 0.2914691943127962 0.8772511848341232 0.08625592417061612 0.05971563981042654
9 0.2943127962085308 0.8222748815165877 0.08625592417061612 0.06729857819905213
9 0.01943127962085308 0.7118483412322275 0.03886255924170616 0.054976303317535544
9 0.053554502369668244 0.6843601895734597 0.061611374407582936 0.04928909952606635
1 0.1004739336492891 0.671090047393365 0.04928909952606635 0.022748815165876776
1 0.3018957345971564 0.7639810426540284 0.061611374407582936 0.06824644549763033
6 0.2071090047393365 0.671563981042654 0.06350710900473934 0.023696682464454975
6 0.26255924170616113 0.6862559241706161 0.07014218009478673 0.05308056872037915
6 0.2943127962085308 0.7151658767772512 0.05971563981042654 0.06066350710900474