3 0.38388625592417064 0.6014218009478673 0.03601895734597156 0.016113744075829384
3 0.2900473933649289 0.5943127962085308 0.03222748815165877 0.03033175355450237
8 0.32748815165876777 0.3061611374407583 0.07109004739336493 0.06919431279620854
8 0.28199052132701424 0.32748815165876777 0.05402843601895735 0.05118483412322275
8 0.24928909952606634 0.3578199052132701 0.05023696682464455 0.05118483412322275
9 0.21943127962085307 0.3815165876777251 0.054976303317535544 0.05781990521327014
9 0.18672985781990523 0.4156398104265403 0.05781990521327014 0.05402843601895735
1 0.17061611374407584 0.44786729857819907 0.061611374407582936 0.05023696682464455
6 0.16492890995260664 0.4829383886255924 0.058767772511848344 0.04549763033175355
6 0.16729857819905214 0.5203791469194313 0.052132701421800945 0.046445497630331754
6 0.17962085308056872 0.5511848341232227 0.05402843601895735 0.04928909952606635
1 0.2028436018957346 0.5725118483412323 0.05687203791469194 0.058767772511848344
9 0.24360189573459715 0.5843601895734597 0.05687203791469194 0.05023696682464455
8 0.9222748815165877 0.25118483412322273 0.08151658767772511 0.07962085308056872
3 0.871563981042654 0.3028436018957346 0.04739336492890995 0.04549763033175355
9 0.8113744075829384 0.3132701421800948 0.05308056872037915 0.06919431279620854
9 0.7687203791469195 0.3246445497630332 0.04834123222748815 0.06255924170616113
1 0.718957345971564 0.3241706161137441 0.052132701421800945 0.05971563981042654
6 0.6758293838862559 0.31516587677725116 0.04834123222748815 0.04834123222748815
6 0.6454976303317536 0.2947867298578199 0.054976303317535544 0.052132701421800945
8 0.3924170616113744 0.8611374407582938 0.058767772511848344 0.058767772511848344
8 0.33791469194312795 0.8540284360189574 0.06635071090047394 0.07298578199052133
8 0.2777251184834123 0.8459715639810427 0.07677725118483412 0.08151658767772511
9 0.22985781990521326 0.8360189573459715 0.04928909952606635 0.06350710900473934
9 0.1895734597156398 0.8355450236966825 0.05118483412322275 0.06445497630331753
1 0.14644549763033177 0.8407582938388626 0.05687203791469194 0.054976303317535544
6 0.1004739336492891 0.8597156398104265 0.05687203791469194 0.05023696682464455
6 0.06445497630331753 0.8862559241706162 0.06350710900473934 0.06066350710900474
8 0.5876777251184834 0.7440758293838863 0.07677725118483412 0.08720379146919431
4 0.6464454976303318 0.7180094786729858 0.04549763033175355 0.04265402843601896
9 0.6947867298578199 0.6914691943127962 0.05971563981042654 0.07203791469194312
9 0.7407582938388626 0.6829383886255924 0.055924170616113746 0.07203791469194312
6 0.7862559241706161 0.662085308056872 0.06350710900473934 0.06919431279620854
6 0.8635071090047394 0.6843601895734597 0.07203791469194312 0.07582938388625593
6 0.8976303317535546 0.7113744075829384 0.054976303317535544 0.07393364928909953
6 0.8222748815165877 0.6630331753554503 0.04075829383886256 0.06350710900473934