2 0.3862559241706161 0.38293838862559243 0.05308056872037915 0.07109004739336493
9 0.2909952606635071 0.4184834123222749 0.052132701421800945 0.06824644549763033
9 0.24834123222748816 0.42796208530805685 0.055924170616113746 0.06919431279620854
1 0.20616113744075829 0.437914691943128 0.05118483412322275 0.055924170616113746
6 0.17014218009478674 0.4218009478672986 0.05023696682464455 0.04549763033175355
6 0.13127962085308056 0.4151658767772512 0.06540284360189573 0.05781990521327014
7 0.3402843601895735 0.3971563981042654 0.052132701421800945 0.06255924170616113
8 0.8113744075829384 0.4729857819905213 0.09194312796208531 0.09289099526066351
9 0.8611374407582938 0.37867298578199055 0.06635071090047394 0.06824644549763033
9 0.8867298578199052 0.3355450236966825 0.06919431279620854 0.07014218009478673
1 0.9085308056872038 0.2943127962085308 0.054976303317535544 0.06255924170616113
6 0.9459715639810427 0.2677725118483412 0.05402843601895735 0.055924170616113746
6 0.9800947867298578 0.2563981042654028 0.03981042654028436 0.06919431279620854
5 0.4886255924170616 0.5379146919431279 0.04265402843601896 0.016113744075829384
9 0.4947867298578199 0.576303317535545 0.058767772511848344 0.061611374407582936
8 0.14170616113744075 0.5545023696682464 0.0938388625592417 0.04928909952606635
9 0.23981042654028437 0.6312796208530805 0.05971563981042654 0.06255924170616113
9 0.2781990521327014 0.6625592417061611 0.05308056872037915 0.052132701421800945
1 0.47535545023696685 0.6180094786729858 0.06255924170616113 0.07772511848341232
6 0.45213270142180095 0.647867298578199 0.04454976303317536 0.06350710900473934
6 0.42938388625592416 0.6720379146919432 0.04454976303317536 0.07298578199052133
6 0.39478672985781993 0.6834123222748815 0.04170616113744076 0.06540284360189573
6 0.35592417061611376 0.6819905213270142 0.04928909952606635 0.07014218009478673
1 0.3165876777251185 0.6767772511848341 0.05781990521327014 0.06919431279620854
8 0.9644549763033176 0.6786729857819905 0.07109004739336493 0.08151658767772511
8 0.9620853080568721 0.6080568720379147 0.07582938388625593 0.08625592417061612
9 0.9658767772511848 0.5535545023696683 0.06824644549763033 0.04739336492890995