8 0.12322274881516587 0.09146919431279621 0.07203791469194312 0.07298578199052133
8 0.06255924170616113 0.07630331753554502 0.07109004739336493 0.06919431279620854
9 0.017061611374407582 0.06492890995260664 0.034123222748815164 0.052132701421800945
4 0.918957345971564 0.07440758293838863 0.03981042654028436 0.04075829383886256
3 0.8687203791469195 0.09431279620853081 0.03981042654028436 0.04265402843601896
9 0.8360189573459715 0.13270142180094788 0.05023696682464455 0.054976303317535544
9 0.79478672985782 0.14549763033175356 0.04454976303317536 0.04928909952606635
9 0.6308056872037915 0.024644549763033177 0.05023696682464455 0.046445497630331754
1 0.6336492890995261 0.06255924170616113 0.052132701421800945 0.04454976303317536
1 0.7540284360189573 0.14786729857819905 0.04454976303317536 0.054976303317535544
6 0.7156398104265402 0.14454976303317535 0.04075829383886256 0.04928909952606635
6 0.6853080568720379 0.14123222748815165 0.04075829383886256 0.04549763033175355
6 0.6635071090047393 0.11800947867298578 0.04549763033175355 0.043601895734597156
6 0.6421800947867299 0.0966824644549763 0.04928909952606635 0.04170616113744076
8 0.2037914691943128 0.6729857819905213 0.07014218009478673 0.06255924170616113
8 0.1876777251184834 0.614691943127962 0.07393364928909953 0.07109004739336493
9 0.1734597156398104 0.5644549763033175 0.06445497630331753 0.04928909952606635
9 0.15924170616113745 0.5274881516587677 0.06066350710900474 0.052132701421800945
1 0.14123222748815165 0.4824644549763033 0.04549763033175355 0.04549763033175355
6 0.10710900473933649 0.471563981042654 0.04170616113744076 0.023696682464454975
6 0.06398104265402843 0.4658767772511848 0.05781990521327014 0.012322274881516588
8 0.7388625592417062 0.7127962085308057 0.08056872037914692 0.08056872037914692
8 0.7232227488151659 0.7829383886255924 0.07203791469194312 0.07962085308056872
8 0.9791469194312796 0.8308056872037914 0.04170616113744076 0.08625592417061612
5 0.9639810426540284 0.9118483412322275 0.037914691943127965 0.03981042654028436
9 0.9199052132701422 0.9364928909952607 0.05781990521327014 0.05781990521327014
9 0.8815165876777251 0.9649289099526066 0.05118483412322275 0.05308056872037915
9 0.75260663507109 0.8303317535545024 0.061611374407582936 0.05402843601895735
9 0.7218009478672985 0.8549763033175355 0.05402843601895735 0.05402843601895735
1 0.7213270142180095 0.9018957345971564 0.05687203791469194 0.04739336492890995
1 0.8454976303317535 0.9786729857819905 0.04928909952606635 0.04265402843601896
6 0.804739336492891 0.981042654028436 0.04928909952606635 0.037914691943127965
6 0.7734597156398104 0.975829383886256 0.04928909952606635 0.04834123222748815
6 0.7469194312796209 0.9630331753554502 0.05687203791469194 0.055924170616113746
6 0.7274881516587678 0.9383886255924171 0.055924170616113746 0.05402843601895735