8 0.4042654028436019 0.21943127962085307 0.07488151658767772 0.07488151658767772
2 0.34502369668246446 0.24360189573459715 0.054976303317535544 0.058767772511848344
9 0.2881516587677725 0.25118483412322273 0.055924170616113746 0.05971563981042654
9 0.24123222748815165 0.25781990521327014 0.05402843601895735 0.058767772511848344
1 0.195260663507109 0.25260663507109005 0.05308056872037915 0.05118483412322275
6 0.16303317535545023 0.23270142180094786 0.055924170616113746 0.04170616113744076
6 0.14123222748815165 0.2132701421800948 0.054976303317535544 0.037914691943127965
6 0.13222748815165877 0.1848341232227488 0.05402843601895735 0.035071090047393366
6 0.12274881516587678 0.16350710900473933 0.04834123222748815 0.03033175355450237
8 0.8706161137440759 0.08199052132701422 0.05781990521327014 0.05781990521327014
8 0.8180094786729858 0.06445497630331753 0.06540284360189573 0.07203791469194312
8 0.7611374407582938 0.045023696682464455 0.07582938388625593 0.08056872037914692
9 0.7151658767772512 0.02843601895734597 0.04834123222748815 0.05687203791469194
9 0.6763033175355451 0.024644549763033177 0.05023696682464455 0.04928909952606635
1 0.6327014218009479 0.02085308056872038 0.055924170616113746 0.04170616113744076
6 0.5843601895734597 0.024644549763033177 0.055924170616113746 0.04928909952606635
6 0.5436018957345972 0.043601895734597156 0.06255924170616113 0.05971563981042654
6 0.027014218009478674 0.6175355450236967 0.052132701421800945 0.06255924170616113
6 0.06540284360189573 0.6227488151658768 0.04075829383886256 0.05781990521327014
6 0.0990521327014218 0.6189573459715639 0.043601895734597156 0.05023696682464455
6 0.12606635071090047 0.6033175355450237 0.04928909952606635 0.05308056872037915
1 0.15497630331753554 0.5848341232227489 0.06255924170616113 0.06350710900473934
9 0.1900473933649289 0.5497630331753555 0.04928909952606635 0.04549763033175355
9 0.209478672985782 0.5085308056872038 0.04739336492890995 0.04454976303317536
9 0.22085308056872038 0.4909952606635071 0.07203791469194312 0.022748815165876776
3 0.8454976303317535 0.7995260663507109 0.046445497630331754 0.043601895734597156
3 0.8071090047393364 0.7843601895734598 0.04265402843601896 0.04170616113744076
3 0.7563981042654029 0.7459715639810427 0.03886255924170616 0.04170616113744076
3 0.5540284360189573 0.9824644549763033 0.04834123222748815 0.035071090047393366
9 0.7028436018957346 0.7232227488151659 0.05687203791469194 0.06066350710900474
1 0.6549763033175355 0.714218009478673 0.05402843601895735 0.06729857819905213
6 0.6099526066350711 0.7170616113744076 0.05687203791469194 0.06729857819905213
6 0.5781990521327014 0.7360189573459716 0.05687203791469194 0.06635071090047394
6 0.5535545023696683 0.7540284360189573 0.06824644549763033 0.06729857819905213
6 0.5251184834123223 0.7734597156398104 0.05118483412322275 0.054976303317535544
1 0.523696682464455 0.8137440758293839 0.04834123222748815 0.061611374407582936
9 0.5232227488151658 0.8611374407582938 0.04739336492890995 0.05402843601895735
9 0.524170616113744 0.9061611374407583 0.04928909952606635 0.06445497630331753