9 0.23364928909952606 0.43033175355450237 0.05781990521327014 0.05971563981042654
2 0.44691943127962086 0.5412322274881517 0.025592417061611375 0.05308056872037915
9 0.43933649289099524 0.48009478672985784 0.04075829383886256 0.055924170616113746
1 0.42796208530805685 0.4265402843601896 0.05118483412322275 0.054976303317535544
6 0.4071090047393365 0.3928909952606635 0.04454976303317536 0.054976303317535544
6 0.3748815165876777 0.3767772511848341 0.03886255924170616 0.05687203791469194
6 0.3345971563981043 0.37203791469194314 0.04170616113744076 0.05402843601895735
6 0.295260663507109 0.37345971563981045 0.04454976303317536 0.058767772511848344
1 0.2672985781990521 0.3933649289099526 0.05118483412322275 0.05781990521327014
4 0.4777251184834123 0.46872037914691944 0.03601895734597156 0.035071090047393366
4 0.4943127962085308 0.523696682464455 0.03317535545023697 0.03317535545023697
3 0.7303317535545024 0.3184834123222749 0.035071090047393366 0.037914691943127965
8 0.8109004739336493 0.4725118483412322 0.07867298578199051 0.08436018957345971
8 0.7824644549763033 0.4099526066350711 0.08436018957345971 0.0881516587677725
9 0.762085308056872 0.352132701421801 0.058767772511848344 0.055924170616113746
1 0.70521327014218 0.27630331753554505 0.054976303317535544 0.05971563981042654
6 0.6592417061611374 0.25876777251184835 0.05402843601895735 0.05118483412322275
6 0.6071090047393365 0.24976303317535545 0.05781990521327014 0.06350710900473934
6 0.5521327014218009 0.25971563981042656 0.05971563981042654 0.06635071090047394
6 0.5146919431279621 0.2838862559241706 0.054976303317535544 0.055924170616113746
1 0.4919431279620853 0.3241706161137441 0.054976303317535544 0.054976303317535544
9 0.4881516587677725 0.37251184834123224 0.05687203791469194 0.05308056872037915
9 0.4819905213270142 0.4184834123222749 0.04454976303317536 0.04834123222748815
1 0.08720379146919431 0.975829383886256 0.06066350710900474 0.04834123222748815
6 0.04881516587677725 0.8985781990521327 0.07298578199052133 0.08436018957345971
6 0.07914691943127962 0.9341232227488152 0.06729857819905213 0.06635071090047394
8 0.7554502369668247 0.9753554502369668 0.05687203791469194 0.04928909952606635