3 0.2919431279620853 0.15355450236966825 0.04075829383886256 0.03886255924170616
8 0.34881516587677724 0.1004739336492891 0.08341232227488152 0.09194312796208531
9 0.3962085308056872 0.08009478672985781 0.04739336492890995 0.07109004739336493
1 0.9819905213270143 0.35497630331753555 0.03601895734597156 0.04834123222748815
6 0.9654028436018958 0.33744075829383885 0.06635071090047394 0.07203791469194312
6 0.9222748815165877 0.3132701421800948 0.07582938388625593 0.0881516587677725
6 0.8236966824644549 0.3341232227488152 0.07677725118483412 0.08436018957345971
6 0.771090047393365 0.352132701421801 0.07488151658767772 0.05402843601895735
9 0.034123222748815164 0.6862559241706161 0.06255924170616113 0.06350710900473934
9 0.026540284360189573 0.7279620853080568 0.05308056872037915 0.05687203791469194
1 0.018957345971563982 0.7677725118483413 0.037914691943127965 0.06066350710900474
6 0.005213270142180095 0.7924170616113744 0.01042654028436019 0.06066350710900474
8 0.7843601895734598 0.6056872037914692 0.07867298578199051 0.07582938388625593
8 0.5308056872037915 0.7085308056872038 0.07772511848341232 0.07488151658767772
8 0.7943127962085308 0.6729857819905213 0.07772511848341232 0.07867298578199051
8 0.5672985781990522 0.7587677725118483 0.07677725118483412 0.08056872037914692
9 0.795734597156398 0.7241706161137441 0.06066350710900474 0.054976303317535544
9 0.7938388625592417 0.7668246445497631 0.05023696682464455 0.05308056872037915
9 0.595260663507109 0.8023696682464455 0.05781990521327014 0.05781990521327014
9 0.6227488151658768 0.8298578199052132 0.05118483412322275 0.05402843601895735
1 0.6563981042654028 0.8445497630331753 0.05023696682464455 0.055924170616113746
1 0.7786729857819905 0.8023696682464455 0.04928909952606635 0.05971563981042654
6 0.75260663507109 0.8293838862559242 0.04454976303317536 0.052132701421800945
6 0.7246445497630332 0.8436018957345972 0.04170616113744076 0.04928909952606635
6 0.6924170616113744 0.8492890995260663 0.04454976303317536 0.04454976303317536