8 0.18056872037914692 0.1848341232227488 0.07109004739336493 0.07488151658767772
8 0.24265402843601896 0.2033175355450237 0.07203791469194312 0.07488151658767772
9 0.2985781990521327 0.21469194312796208 0.04834123222748815 0.05402843601895735
9 0.33981042654028437 0.21943127962085307 0.03886255924170616 0.05402843601895735
3 0.7938388625592417 0.32796208530805687 0.04075829383886256 0.04549763033175355
8 0.7222748815165877 0.3075829383886256 0.08530805687203792 0.08436018957345971
9 0.6578199052132702 0.2914691943127962 0.04928909952606635 0.06729857819905213
9 0.6080568720379147 0.28672985781990523 0.05781990521327014 0.06350710900473934
1 0.5601895734597157 0.2876777251184834 0.04928909952606635 0.05971563981042654
6 0.5156398104265403 0.3085308056872038 0.04739336492890995 0.04454976303317536
6 0.4928909952606635 0.3298578199052133 0.058767772511848344 0.04170616113744076
3 0.13649289099526066 0.7938388625592417 0.03222748815165877 0.04454976303317536
3 0.16587677725118483 0.7658767772511849 0.03601895734597156 0.043601895734597156
3 0.1957345971563981 0.7293838862559242 0.031279620853080566 0.035071090047393366
5 0.23317535545023696 0.6938388625592417 0.034123222748815164 0.04170616113744076
2 0.2786729857819905 0.6687203791469194 0.04739336492890995 0.052132701421800945
3 0.32701421800947866 0.6654028436018957 0.03981042654028436 0.037914691943127965
8 0.9274881516587677 0.5672985781990522 0.07203791469194312 0.07488151658767772
8 0.9341232227488152 0.6364928909952606 0.07014218009478673 0.07203791469194312
8 0.6066350710900474 0.7578199052132701 0.07962085308056872 0.07582938388625593
8 0.6625592417061611 0.7985781990521327 0.07488151658767772 0.07677725118483412
9 0.7071090047393365 0.8260663507109005 0.04928909952606635 0.055924170616113746
9 0.7436018957345971 0.8483412322274881 0.05118483412322275 0.055924170616113746
9 0.9279620853080569 0.6909952606635071 0.058767772511848344 0.04739336492890995
9 0.9312796208530806 0.7341232227488151 0.054976303317535544 0.046445497630331754
1 0.7890995260663507 0.8611374407582938 0.04265402843601896 0.05023696682464455
1 0.9327014218009478 0.7758293838862559 0.04928909952606635 0.046445497630331754
6 0.8341232227488151 0.8701421800947867 0.04170616113744076 0.04739336492890995
6 0.8672985781990521 0.8639810426540284 0.03981042654028436 0.04834123222748815
6 0.9023696682464455 0.8412322274881516 0.043601895734597156 0.04834123222748815
6 0.9232227488151659 0.8170616113744076 0.04928909952606635 0.043601895734597156