8 0.18246445497630331 0.45118483412322274 0.06350710900473934 0.017061611374407582
9 0.2042654028436019 0.43412322274881515 0.061611374407582936 0.05118483412322275
9 0.23175355450236967 0.4071090047393365 0.06540284360189573 0.06540284360189573
1 0.2559241706161137 0.37867298578199055 0.05308056872037915 0.05118483412322275
6 0.2943127962085308 0.35260663507109 0.04928909952606635 0.055924170616113746
6 0.3412322274881517 0.34360189573459715 0.058767772511848344 0.06540284360189573
6 0.390521327014218 0.35165876777251187 0.06350710900473934 0.06824644549763033
6 0.4075829383886256 0.3919431279620853 0.043601895734597156 0.05402843601895735
1 0.42369668246445497 0.4037914691943128 0.011374407582938388 0.05118483412322275
9 0.41753554502369666 0.43933649289099524 0.023696682464454975 0.04075829383886256
8 0.5545023696682464 0.25497630331753557 0.07014218009478673 0.07488151658767772
8 0.6099526066350711 0.23649289099526066 0.06824644549763033 0.07867298578199051
9 0.6611374407582938 0.22701421800947869 0.05118483412322275 0.05687203791469194
9 0.7 0.21800947867298578 0.05308056872037915 0.06540284360189573
1 0.7464454976303317 0.20616113744075829 0.061611374407582936 0.061611374407582936
6 0.7971563981042654 0.21800947867298578 0.05687203791469194 0.054976303317535544
6 0.8317535545023697 0.23317535545023696 0.06350710900473934 0.06729857819905213
5 0.3407582938388626 0.985781990521327 0.03886255924170616 0.02843601895734597
4 0.3928909952606635 0.9549763033175356 0.037914691943127965 0.037914691943127965
9 0.42227488151658765 0.9241706161137441 0.014218009478672985 0.06255924170616113
9 0.5459715639810426 0.7876777251184834 0.04454976303317536 0.058767772511848344
9 0.5881516587677725 0.7824644549763033 0.04739336492890995 0.055924170616113746
1 0.6289099526066351 0.7838862559241706 0.04739336492890995 0.05118483412322275
6 0.6663507109004739 0.7938388625592417 0.04075829383886256 0.03981042654028436
6 0.6838862559241706 0.8146919431279621 0.04549763033175355 0.03696682464454976
7 0.4957345971563981 0.7895734597156399 0.054976303317535544 0.05971563981042654
7 0.44407582938388623 0.8061611374407583 0.029383886255924172 0.06729857819905213