8 0.2834123222748815 0.21421800947867298 0.07488151658767772 0.09194312796208531
2 0.34312796208530805 0.2018957345971564 0.05971563981042654 0.07298578199052133
9 0.3933649289099526 0.18862559241706162 0.054976303317535544 0.06919431279620854
9 0.43933649289099524 0.190521327014218 0.054976303317535544 0.07014218009478673
1 0.46919431279620855 0.190521327014218 0.02085308056872038 0.05687203791469194
3 0.9791469194312796 0.14502369668246445 0.04170616113744076 0.04739336492890995
3 0.9696682464454977 0.21421800947867298 0.04834123222748815 0.04549763033175355
3 0.966824644549763 0.25876777251184835 0.04454976303317536 0.04170616113744076
3 0.6483412322274882 0.23033175355450236 0.05023696682464455 0.05023696682464455
3 0.6800947867298578 0.28056872037914693 0.052132701421800945 0.04928909952606635
3 0.7469194312796209 0.3412322274881517 0.04928909952606635 0.05118483412322275
3 0.933175355450237 0.35023696682464456 0.03981042654028436 0.03886255924170616
3 0.8862559241706162 0.38909952606635073 0.043601895734597156 0.04265402843601896
2 0.781042654028436 0.3848341232227488 0.043601895734597156 0.06350710900473934
2 0.8241706161137441 0.3981042654028436 0.04170616113744076 0.05402843601895735
2 0.9701421800947867 0.3085308056872038 0.058767772511848344 0.04834123222748815
8 0.4545023696682464 0.9488151658767773 0.05023696682464455 0.07962085308056872
8 0.41232227488151657 0.9582938388625593 0.07109004739336493 0.07867298578199051
9 0.3587677725118483 0.9625592417061611 0.054976303317535544 0.07014218009478673
9 0.3090047393364929 0.9625592417061611 0.05687203791469194 0.06919431279620854
1 0.25829383886255924 0.9540284360189574 0.05687203791469194 0.058767772511848344
6 0.2109004739336493 0.933649289099526 0.06350710900473934 0.05971563981042654
6 0.1843601895734597 0.8976303317535546 0.07772511848341232 0.07014218009478673
8 0.9682464454976303 0.7796208530805687 0.06350710900473934 0.07298578199052133
9 0.9246445497630332 0.785781990521327 0.054976303317535544 0.06066350710900474
1 0.8796208530805687 0.7862559241706161 0.05687203791469194 0.06350710900473934
6 0.8341232227488151 0.7767772511848341 0.05308056872037915 0.06255924170616113
6 0.8037914691943128 0.7507109004739336 0.043601895734597156 0.04928909952606635
6 0.7815165876777251 0.7293838862559242 0.03981042654028436 0.05118483412322275