1 0.3886255924170616 0.1 0.04170616113744076 0.06919431279620854
6 0.3587677725118483 0.09431279620853081 0.04265402843601896 0.054976303317535544
6 0.3289099526066351 0.10710900473933649 0.04928909952606635 0.06066350710900474
0 0.3104265402843602 0.13033175355450238 0.03222748815165877 0.03886255924170616
6 0.2796208530805687 0.14644549763033177 0.055924170616113746 0.061611374407582936
1 0.262085308056872 0.17772511848341233 0.061611374407582936 0.06445497630331753
9 0.25260663507109005 0.22037914691943128 0.06350710900473934 0.061611374407582936
3 0.9838862559241706 0.0966824644549763 0.03222748815165877 0.05308056872037915
3 0.9502369668246445 0.06018957345971564 0.05118483412322275 0.05023696682464455
3 0.9071090047393365 0.03601895734597156 0.04170616113744076 0.04170616113744076
8 0.7739336492890996 0.34786729857819904 0.08530805687203792 0.07677725118483412
8 0.737914691943128 0.2962085308056872 0.0985781990521327 0.08436018957345971
9 0.7075829383886256 0.25402843601895736 0.07962085308056872 0.061611374407582936
9 0.6862559241706161 0.21374407582938387 0.08151658767772511 0.06066350710900474
1 0.6691943127962086 0.16919431279620853 0.08436018957345971 0.07298578199052133
6 0.6672985781990521 0.11753554502369669 0.08341232227488152 0.06729857819905213
6 0.6616113744075829 0.06540284360189573 0.07867298578199051 0.07109004739336493
6 0.6924170616113744 0.036492890995260666 0.08246445497630332 0.07298578199052133
6 0.7440758293838863 0.03317535545023697 0.08151658767772511 0.06635071090047394
1 0.7981042654028436 0.026540284360189573 0.07582938388625593 0.05308056872037915
9 0.8502369668246446 0.029383886255924172 0.07393364928909953 0.058767772511848344
8 0.17819905213270143 0.8933649289099526 0.08625592417061612 0.08720379146919431
8 0.13317535545023695 0.9417061611374408 0.09289099526066351 0.09573459715639811
9 0.08909952606635071 0.9744075829383886 0.06066350710900474 0.05118483412322275
9 0.05023696682464455 0.9895734597156398 0.06635071090047394 0.02085308056872038
5 0.5014218009478673 0.6981042654028436 0.04454976303317536 0.046445497630331754
4 0.5454976303317536 0.6511848341232227 0.043601895734597156 0.043601895734597156
9 0.5848341232227489 0.6127962085308057 0.05687203791469194 0.06919431279620854
9 0.6255924170616114 0.6014218009478673 0.06066350710900474 0.07014218009478673
1 0.6687203791469194 0.5924170616113744 0.06540284360189573 0.06635071090047394
6 0.7132701421800948 0.5957345971563981 0.06350710900473934 0.06919431279620854
6 0.7507109004739336 0.6113744075829384 0.07962085308056872 0.07677725118483412