9 0.9109004739336493 0.017535545023696683 0.05308056872037915 0.035071090047393366
1 0.9317535545023696 0.05260663507109005 0.05971563981042654 0.052132701421800945
6 0.9933649289099526 0.1014218009478673 0.013270142180094787 0.04928909952606635
6 0.9748815165876777 0.0962085308056872 0.05023696682464455 0.055924170616113746
6 0.9507109004739337 0.08246445497630332 0.04075829383886256 0.04739336492890995
8 0.25734597156398104 0.6753554502369669 0.07677725118483412 0.07867298578199051
8 0.32085308056872036 0.7009478672985782 0.07962085308056872 0.08530805687203792
9 0.37251184834123224 0.7213270142180095 0.055924170616113746 0.07393364928909953
9 0.41706161137440756 0.7412322274881517 0.05971563981042654 0.06350710900473934
1 0.46492890995260666 0.7393364928909952 0.06445497630331753 0.06445497630331753
6 0.4966824644549763 0.7175355450236967 0.06729857819905213 0.05687203791469194
6 0.5265402843601896 0.6957345971563981 0.05687203791469194 0.05402843601895735
9 0.6175355450236967 0.9146919431279621 0.035071090047393366 0.06824644549763033
1 0.6559241706161137 0.9066350710900474 0.054976303317535544 0.06066350710900474
6 0.6985781990521327 0.9104265402843602 0.061611374407582936 0.06066350710900474
6 0.7345971563981043 0.9260663507109005 0.06445497630331753 0.05781990521327014