8 0.2099526066350711 0.013744075829383886 0.07488151658767772 0.027488151658767772
9 0.4374407582938389 0.015165876777251185 0.061611374407582936 0.03033175355450237
9 0.42417061611374407 0.04312796208530806 0.06635071090047394 0.058767772511848344
1 0.41753554502369666 0.07819905213270142 0.04549763033175355 0.05781990521327014
9 0.22322274881516588 0.03175355450236967 0.06729857819905213 0.046445497630331754
1 0.24312796208530807 0.06682464454976303 0.055924170616113746 0.05781990521327014
3 0.27488151658767773 0.09194312796208531 0.03222748815165877 0.03696682464454976
6 0.30379146919431277 0.109478672985782 0.05402843601895735 0.05781990521327014
6 0.35402843601895734 0.1066350710900474 0.05402843601895735 0.05687203791469194
6 0.38909952606635073 0.09004739336492891 0.05308056872037915 0.06066350710900474
8 0.6995260663507109 0.22085308056872038 0.07014218009478673 0.08909952606635071
2 0.7568720379146919 0.1995260663507109 0.05687203791469194 0.07014218009478673
9 0.8042654028436019 0.17819905213270143 0.052132701421800945 0.06729857819905213
9 0.8502369668246446 0.17298578199052134 0.05118483412322275 0.06824644549763033
1 0.8962085308056872 0.16540284360189572 0.052132701421800945 0.054976303317535544
6 0.9393364928909953 0.17393364928909952 0.05402843601895735 0.05118483412322275
6 0.9706161137440759 0.1928909952606635 0.058767772511848344 0.05781990521327014
8 0.3744075829383886 0.5483412322274882 0.06445497630331753 0.05781990521327014
8 0.3066350710900474 0.5706161137440758 0.06635071090047394 0.06445497630331753
8 0.24123222748815165 0.5748815165876777 0.061611374407582936 0.05687203791469194
9 0.18862559241706162 0.5886255924170616 0.04265402843601896 0.05308056872037915
9 0.14549763033175356 0.6009478672985782 0.04454976303317536 0.05023696682464455
1 0.1033175355450237 0.5962085308056873 0.05118483412322275 0.05781990521327014
6 0.07298578199052133 0.5886255924170616 0.046445497630331754 0.05971563981042654
6 0.04265402843601896 0.5710900473933649 0.04834123222748815 0.05781990521327014
4 0.9744075829383886 0.5962085308056873 0.03696682464454976 0.03886255924170616
3 0.8478672985781991 0.6099526066350711 0.03696682464454976 0.03981042654028436
3 0.7966824644549763 0.5919431279620853 0.04265402843601896 0.04170616113744076
2 0.885308056872038 0.6308056872037915 0.034123222748815164 0.046445497630331754
2 0.9402843601895735 0.628436018957346 0.04170616113744076 0.052132701421800945