6 0.015165876777251185 0.4658767772511848 0.03033175355450237 0.04075829383886256
6 0.037914691943127965 0.45781990521327015 0.03886255924170616 0.03981042654028436
6 0.06587677725118483 0.4549763033175355 0.03981042654028436 0.04549763033175355
9 0.13791469194312797 0.3819905213270142 0.054976303317535544 0.052132701421800945
8 0.15355450236966825 0.33981042654028437 0.07677725118483412 0.07582938388625593
3 0.862085308056872 0.10426540284360189 0.055924170616113746 0.04928909952606635
3 0.8132701421800947 0.08151658767772511 0.05023696682464455 0.04739336492890995
3 0.776303317535545 0.06966824644549763 0.035071090047393366 0.04170616113744076
3 0.6848341232227488 0.07914691943127962 0.037914691943127965 0.037914691943127965
3 0.6345971563981042 0.31469194312796206 0.04170616113744076 0.043601895734597156
3 0.6630331753554503 0.34265402843601894 0.04265402843601896 0.04265402843601896
3 0.7170616113744076 0.37867298578199055 0.05308056872037915 0.05118483412322275
3 0.7601895734597156 0.409478672985782 0.05023696682464455 0.052132701421800945
9 0.7345971563981043 0.06113744075829384 0.07109004739336493 0.08720379146919431
6 0.6402843601895735 0.08625592417061612 0.06824644549763033 0.08530805687203792
6 0.6075829383886255 0.11327014218009479 0.08056872037914692 0.07298578199052133
6 0.5838862559241706 0.17298578199052134 0.08341232227488152 0.07867298578199051
6 0.5824644549763033 0.23127962085308057 0.06066350710900474 0.06066350710900474
1 0.5995260663507109 0.2824644549763033 0.07298578199052133 0.07014218009478673
8 0.014218009478672985 0.9715639810426541 0.02843601895734597 0.05687203791469194
8 0.624170616113744 0.7933649289099526 0.061611374407582936 0.06919431279620854
8 0.5962085308056873 0.8350710900473933 0.06445497630331753 0.06729857819905213
9 0.5644549763033175 0.8687203791469195 0.05402843601895735 0.05023696682464455
9 0.5364928909952607 0.9028436018957346 0.05781990521327014 0.04928909952606635
6 0.5227488151658768 0.9824644549763033 0.055924170616113746 0.035071090047393366
1 0.5303317535545023 0.9502369668246445 0.07488151658767772 0.058767772511848344