8 0.13933649289099526 0.43554502369668247 0.06919431279620854 0.07772511848341232
8 0.195260663507109 0.42938388625592416 0.07014218009478673 0.07867298578199051
9 0.24644549763033174 0.4251184834123223 0.05402843601895735 0.06919431279620854
9 0.2914691943127962 0.4203791469194313 0.05402843601895735 0.06540284360189573
1 0.33981042654028437 0.41800947867298577 0.05781990521327014 0.061611374407582936
6 0.3872037914691943 0.4255924170616114 0.06066350710900474 0.05687203791469194
6 0.41753554502369666 0.44407582938388623 0.06824644549763033 0.06540284360189573
6 0.43838862559241704 0.4881516587677725 0.06729857819905213 0.06350710900473934
8 0.6402843601895735 0.07914691943127962 0.07582938388625593 0.07488151658767772
1 0.5061611374407583 0.3753554502369668 0.034123222748815164 0.054976303317535544
6 0.5421800947867299 0.3767772511848341 0.04265402843601896 0.05118483412322275
6 0.5672985781990522 0.3862559241706161 0.03696682464454976 0.05308056872037915
6 0.5962085308056873 0.37156398104265403 0.04170616113744076 0.05023696682464455
6 0.6165876777251185 0.35260663507109 0.04549763033175355 0.052132701421800945
1 0.6445497630331753 0.3303317535545024 0.05023696682464455 0.05023696682464455
9 0.6483412322274882 0.3014218009478673 0.052132701421800945 0.052132701421800945
9 0.6492890995260664 0.2563981042654028 0.058767772511848344 0.052132701421800945
4 0.6563981042654028 0.2099526066350711 0.031279620853080566 0.034123222748815164
2 0.647867298578199 0.14170616113744075 0.06255924170616113 0.05971563981042654
8 0.08056872037914692 0.5796208530805688 0.07203791469194312 0.05971563981042654
8 0.37867298578199055 0.5838862559241706 0.07298578199052133 0.06824644549763033
9 0.3635071090047393 0.6350710900473934 0.055924170616113746 0.05023696682464455
9 0.35308056872037913 0.6739336492890995 0.04928909952606635 0.046445497630331754
1 0.3350710900473934 0.704739336492891 0.04549763033175355 0.046445497630331754
6 0.3118483412322275 0.7251184834123223 0.04454976303317536 0.05023696682464455
6 0.2862559241706161 0.7369668246445498 0.03696682464454976 0.05023696682464455
6 0.25687203791469193 0.7426540284360189 0.035071090047393366 0.04739336492890995
6 0.22511848341232227 0.7355450236966825 0.03886255924170616 0.05118483412322275
1 0.1943127962085308 0.7246445497630332 0.04265402843601896 0.05402843601895735
9 0.16492890995260664 0.7056872037914692 0.04834123222748815 0.05023696682464455
9 0.14360189573459717 0.671563981042654 0.05402843601895735 0.05781990521327014
8 0.11327014218009479 0.6289099526066351 0.07488151658767772 0.07772511848341232
3 0.8957345971563981 0.9625592417061611 0.037914691943127965 0.03601895734597156
0 0.9545023696682464 0.976303317535545 0.03222748815165877 0.035071090047393366
9 0.985781990521327 0.9824644549763033 0.02843601895734597 0.035071090047393366