8 0.11421800947867299 0.25971563981042656 0.08625592417061612 0.08246445497630332
3 0.16255924170616115 0.2777251184834123 0.029383886255924172 0.03317535545023697
9 0.22701421800947869 0.3052132701421801 0.05781990521327014 0.06540284360189573
9 0.271563981042654 0.3175355450236967 0.054976303317535544 0.06350710900473934
1 0.3127962085308057 0.32085308056872036 0.055924170616113746 0.054976303317535544
6 0.34360189573459715 0.30947867298578197 0.06066350710900474 0.04454976303317536
6 0.36635071090047394 0.2876777251184834 0.054976303317535544 0.03981042654028436
6 0.37867298578199055 0.266824644549763 0.04739336492890995 0.031279620853080566
8 0.7488151658767772 0.5549763033175356 0.058767772511848344 0.07488151658767772
8 0.7592417061611374 0.4900473933649289 0.07488151658767772 0.07582938388625593
9 0.7786729857819905 0.43838862559241704 0.058767772511848344 0.054976303317535544
9 0.7843601895734598 0.3933649289099526 0.05402843601895735 0.05308056872037915
2 0.9947867298578199 0.42748815165876775 0.01042654028436019 0.03981042654028436
9 0.9800947867298578 0.3853080568720379 0.03981042654028436 0.055924170616113746
1 0.9649289099526066 0.35308056872037913 0.05118483412322275 0.052132701421800945
1 0.8208530805687204 0.3582938388625592 0.05402843601895735 0.054976303317535544
6 0.9350710900473934 0.34834123222748814 0.04265402843601896 0.04928909952606635
6 0.9023696682464455 0.3407582938388626 0.037914691943127965 0.05118483412322275
6 0.8687203791469195 0.34312796208530805 0.03981042654028436 0.04834123222748815
6 0.8417061611374408 0.35118483412322277 0.04928909952606635 0.04834123222748815