8 0.03981042654028436 0.03933649289099526 0.06729857819905213 0.06540284360189573
8 0.3881516587677725 0.11611374407582939 0.07867298578199051 0.07014218009478673
8 0.38293838862559243 0.05260663507109005 0.07677725118483412 0.06540284360189573
8 0.05308056872037915 0.010900473933649289 0.07962085308056872 0.021800947867298578
9 0.38293838862559243 0.013270142180094787 0.06255924170616113 0.026540284360189573
4 0.6199052132701421 0.27677725118483415 0.043601895734597156 0.04834123222748815
8 0.8928909952606635 0.030805687203791468 0.11184834123222749 0.061611374407582936
9 0.8919431279620853 0.095260663507109 0.08720379146919431 0.07582938388625593
9 0.8995260663507109 0.16018957345971563 0.07298578199052133 0.06729857819905213
1 0.9033175355450237 0.22227488151658767 0.08246445497630332 0.07393364928909953
1 0.7374407582938388 0.33364928909952607 0.07203791469194312 0.07203791469194312
9 0.6734597156398104 0.3222748815165877 0.07677725118483412 0.07962085308056872
6 0.8867298578199052 0.2739336492890995 0.07677725118483412 0.06824644549763033
6 0.8682464454976303 0.3061611374407583 0.06824644549763033 0.06824644549763033
6 0.8336492890995261 0.33175355450236965 0.07203791469194312 0.07582938388625593
6 0.7909952606635071 0.33886255924170616 0.061611374407582936 0.061611374407582936
5 0.24454976303317535 0.7777251184834123 0.037914691943127965 0.04454976303317536
4 0.25924170616113745 0.8322274881516588 0.03317535545023697 0.03317535545023697
8 0.5516587677725119 0.7725118483412322 0.054976303317535544 0.07582938388625593
8 0.5232227488151658 0.828909952606635 0.07298578199052133 0.07488151658767772
9 0.4976303317535545 0.8725118483412322 0.05308056872037915 0.05781990521327014
9 0.4710900473933649 0.904739336492891 0.052132701421800945 0.05971563981042654
1 0.4431279620853081 0.9303317535545024 0.04834123222748815 0.054976303317535544
1 0.2890995260663507 0.9127962085308057 0.04170616113744076 0.05118483412322275
9 0.2677725118483412 0.8772511848341232 0.04834123222748815 0.052132701421800945
3 0.3232227488151659 0.9104265402843602 0.027488151658767772 0.025592417061611375
3 0.4004739336492891 0.9218009478672986 0.029383886255924172 0.02843601895734597
9 0.6677725118483412 0.5421800947867299 0.05118483412322275 0.04549763033175355
9 0.6592417061611374 0.5777251184834123 0.05023696682464455 0.052132701421800945
1 0.638388625592417 0.6118483412322275 0.05781990521327014 0.05118483412322275
0 0.6123222748815166 0.6336492890995261 0.026540284360189573 0.024644549763033177