8 0.2895734597156398 0.3696682464454976 0.0881516587677725 0.08530805687203792
4 0.23649289099526066 0.41137440758293836 0.043601895734597156 0.04265402843601896
9 0.18056872037914692 0.4327014218009479 0.06255924170616113 0.06919431279620854
9 0.14218009478672985 0.45355450236966827 0.06066350710900474 0.061611374407582936
1 0.10710900473933649 0.4710900473933649 0.05118483412322275 0.054976303317535544
6 0.07582938388625593 0.4597156398104265 0.05971563981042654 0.04739336492890995
6 0.058767772511848344 0.44123222748815166 0.058767772511848344 0.046445497630331754
6 0.024644549763033177 0.4260663507109005 0.04928909952606635 0.04075829383886256
8 0.7895734597156399 0.25734597156398104 0.1080568720379147 0.0976303317535545
8 0.5222748815165876 0.500473933649289 0.0966824644549763 0.0985781990521327
8 0.4720379146919431 0.3928909952606635 0.08151658767772511 0.08151658767772511
8 0.6649289099526067 0.2066350710900474 0.0995260663507109 0.0985781990521327
9 0.6071090047393365 0.18341232227488152 0.06919431279620854 0.07298578199052133
9 0.5582938388625592 0.16872037914691942 0.06350710900473934 0.07109004739336493
6 0.44170616113744077 0.25829383886255924 0.06824644549763033 0.061611374407582936
6 0.45687203791469194 0.23175355450236967 0.07867298578199051 0.06540284360189573
6 0.46919431279620855 0.2071090047393365 0.05971563981042654 0.058767772511848344
6 0.4890995260663507 0.1881516587677725 0.055924170616113746 0.061611374407582936
1 0.5194312796208531 0.16777251184834124 0.052132701421800945 0.06255924170616113
1 0.008530805687203791 0.8028436018957346 0.017061611374407582 0.06824644549763033
9 0.02132701421800948 0.7559241706161137 0.04265402843601896 0.06919431279620854
9 0.376303317535545 0.9890995260663508 0.05308056872037915 0.021800947867298578
9 0.3815165876777251 0.9658767772511848 0.05781990521327014 0.055924170616113746
1 0.4037914691943128 0.9317535545023696 0.05118483412322275 0.05687203791469194
1 0.5511848341232227 0.9227488151658768 0.06066350710900474 0.05687203791469194
9 0.5753554502369668 0.956872037914692 0.055924170616113746 0.05118483412322275
9 0.5909952606635072 0.9838862559241706 0.061611374407582936 0.03222748815165877
6 0.43459715639810426 0.9090047393364928 0.04834123222748815 0.052132701421800945
6 0.4597156398104265 0.8909952606635071 0.04265402843601896 0.05118483412322275
6 0.4938388625592417 0.8947867298578199 0.04549763033175355 0.04928909952606635
6 0.5255924170616114 0.9009478672985782 0.05118483412322275 0.05118483412322275