8 0.21137440758293838 0.12464454976303317 0.07393364928909953 0.06919431279620854
8 0.2123222748815166 0.1872037914691943 0.07582938388625593 0.07109004739336493
9 0.2104265402843602 0.24123222748815165 0.06066350710900474 0.046445497630331754
9 0.1995260663507109 0.28151658767772514 0.058767772511848344 0.05023696682464455
1 0.1895734597156398 0.32132701421800947 0.05308056872037915 0.05781990521327014
6 0.16777251184834124 0.36208530805687206 0.046445497630331754 0.054976303317535544
6 0.13507109004739337 0.3872037914691943 0.054976303317535544 0.06540284360189573
6 0.07535545023696683 0.3928909952606635 0.05402843601895735 0.06350710900473934
6 0.032701421800947865 0.3800947867298578 0.046445497630331754 0.05023696682464455
1 0.011848341232227487 0.352132701421801 0.023696682464454975 0.055924170616113746
3 0.9213270142180094 0.27061611374407585 0.04170616113744076 0.03886255924170616
9 0.9502369668246445 0.3293838862559242 0.05023696682464455 0.05781990521327014
9 0.9848341232227488 0.34786729857819904 0.03033175355450237 0.054976303317535544
5 0.27582938388625594 0.9933649289099526 0.037914691943127965 0.013270142180094787
6 0.45545023696682463 0.8497630331753554 0.04834123222748815 0.06540284360189573
6 0.40616113744075827 0.8417061611374408 0.061611374407582936 0.07393364928909953
6 0.35023696682464456 0.8507109004739336 0.05971563981042654 0.07488151658767772
6 0.314218009478673 0.875829383886256 0.055924170616113746 0.06824644549763033
1 0.2881516587677725 0.9142180094786729 0.07109004739336493 0.07867298578199051
8 0.8080568720379147 0.7805687203791469 0.08246445497630332 0.06919431279620854
8 0.809478672985782 0.8464454976303317 0.08530805687203792 0.07393364928909953
9 0.8151658767772512 0.9009478672985782 0.06824644549763033 0.052132701421800945
0 0.8767772511848341 0.9805687203791469 0.04739336492890995 0.03886255924170616
0 0.9559241706161138 0.9933649289099526 0.046445497630331754 0.013270142180094787
0 0.8336492890995261 0.9341232227488152 0.04549763033175355 0.04834123222748815