6 0.390521327014218 0.023222748815165877 0.037914691943127965 0.046445497630331754
1 0.3639810426540284 0.016587677725118485 0.04739336492890995 0.03317535545023697
8 0.442654028436019 0.36587677725118484 0.06635071090047394 0.12701421800947868
2 0.4791469194312796 0.323696682464455 0.09194312796208531 0.09573459715639811
2 0.79478672985782 0.285781990521327 0.08151658767772511 0.0909952606635071
2 0.8549763033175355 0.3962085308056872 0.07772511848341232 0.06635071090047394
9 0.22322274881516588 0.9587677725118483 0.06919431279620854 0.06350710900473934
9 0.21943127962085307 0.9109004739336493 0.07298578199052133 0.06445497630331753
9 0.010900473933649289 0.8682464454976303 0.021800947867298578 0.06255924170616113
1 0.02227488151658768 0.8308056872037914 0.04454976303317536 0.06729857819905213
1 0.204739336492891 0.8663507109004739 0.06729857819905213 0.06635071090047394
6 0.1819905213270142 0.8350710900473933 0.061611374407582936 0.06635071090047394
6 0.14123222748815165 0.8137440758293839 0.06729857819905213 0.07014218009478673
6 0.08862559241706161 0.8028436018957346 0.06635071090047394 0.06635071090047394
2 0.05118483412322275 0.8137440758293839 0.03886255924170616 0.043601895734597156
8 0.6033175355450237 0.9881516587677726 0.08056872037914692 0.023696682464454975
8 0.6255924170616114 0.9611374407582939 0.08720379146919431 0.07772511848341232
9 0.6483412322274882 0.9184834123222749 0.07582938388625593 0.061611374407582936
9 0.6691943127962086 0.8829383886255924 0.07109004739336493 0.06066350710900474
1 0.6966824644549763 0.8440758293838863 0.07109004739336493 0.07488151658767772
8 0.9535545023696682 0.9739336492890995 0.08530805687203792 0.052132701421800945
9 0.9440758293838862 0.9407582938388626 0.07677725118483412 0.07109004739336493
9 0.9279620853080569 0.9004739336492891 0.07488151658767772 0.07582938388625593
1 0.9033175355450237 0.8568720379146919 0.06445497630331753 0.07109004739336493
6 0.7274881516587678 0.8180094786729858 0.06445497630331753 0.07109004739336493
6 0.7706161137440758 0.8 0.07014218009478673 0.07582938388625593
6 0.8246445497630331 0.8109004739336493 0.07203791469194312 0.08720379146919431
6 0.8710900473933649 0.8293838862559242 0.05687203791469194 0.07393364928909953