8 0.46872037914691944 0.015165876777251185 0.08246445497630332 0.03033175355450237
0 0.4815165876777251 0.5890995260663507 0.052132701421800945 0.04928909952606635
9 0.4132701421800948 0.5843601895734597 0.06729857819905213 0.07677725118483412
9 0.36161137440758295 0.5654028436018957 0.055924170616113746 0.07298578199052133
1 0.32180094786729857 0.5582938388625592 0.06066350710900474 0.06540284360189573
6 0.2962085308056872 0.581042654028436 0.05971563981042654 0.04834123222748815
6 0.26966824644549764 0.5924170616113744 0.058767772511848344 0.046445497630331754
6 0.2563981042654028 0.6255924170616114 0.05781990521327014 0.04549763033175355
8 0.8938388625592417 0.8199052132701422 0.08625592417061612 0.07867298578199051
8 0.581042654028436 0.75260663507109 0.07867298578199051 0.07393364928909953
8 0.609478672985782 0.70521327014218 0.08246445497630332 0.07867298578199051
9 0.6350710900473934 0.6639810426540285 0.07488151658767772 0.06729857819905213
9 0.6606635071090048 0.6279620853080569 0.06635071090047394 0.06445497630331753
1 0.6938388625592417 0.5966824644549763 0.06350710900473934 0.06635071090047394
6 0.7341232227488151 0.5786729857819906 0.05118483412322275 0.05308056872037915
6 0.7772511848341233 0.5720379146919431 0.06445497630331753 0.06540284360189573
6 0.8327014218009479 0.5853080568720379 0.07014218009478673 0.06824644549763033
9 0.8876777251184834 0.7118483412322275 0.07014218009478673 0.06255924170616113
9 0.8966824644549763 0.7611374407582938 0.07393364928909953 0.061611374407582936
1 0.8819905213270142 0.6654028436018957 0.06729857819905213 0.061611374407582936
6 0.8635071090047394 0.6199052132701421 0.05023696682464455 0.05781990521327014