8 0.05545023696682464 0.5895734597156398 0.07677725118483412 0.07014218009478673
8 0.03696682464454976 0.5383886255924171 0.07393364928909953 0.07772511848341232
9 0.023696682464454975 0.4881516587677725 0.04739336492890995 0.05687203791469194
9 0.010900473933649289 0.45118483412322274 0.021800947867298578 0.06066350710900474
8 0.5454976303317536 0.5194312796208531 0.07203791469194312 0.08246445497630332
8 0.5938388625592417 0.4838862559241706 0.08056872037914692 0.08341232227488152
9 0.7033175355450237 0.43886255924170614 0.058767772511848344 0.06919431279620854
9 0.7454976303317535 0.43317535545023694 0.05687203791469194 0.07014218009478673
1 0.7924170616113744 0.42843601895734595 0.054976303317535544 0.058767772511848344
6 0.8317535545023697 0.437914691943128 0.06066350710900474 0.05687203791469194
6 0.8682464454976303 0.45924170616113746 0.07109004739336493 0.06255924170616113
4 0.647867298578199 0.46161137440758293 0.043601895734597156 0.04265402843601896
4 0.22843601895734597 0.8374407582938389 0.04454976303317536 0.04739336492890995
8 0.2739336492890995 0.7706161137440758 0.0985781990521327 0.09194312796208531
4 0.15450236966824646 0.8862559241706162 0.04170616113744076 0.04265402843601896
4 0.11184834123222749 0.9014218009478673 0.03981042654028436 0.04075829383886256
4 0.017535545023696683 0.8625592417061612 0.035071090047393366 0.037914691943127965
4 0.7398104265402844 0.9914691943127962 0.055924170616113746 0.017061611374407582