8 0.37867298578199055 0.2919431279620853 0.07677725118483412 0.06824644549763033
9 0.3691943127962085 0.1943127962085308 0.05971563981042654 0.043601895734597156
1 0.3691943127962085 0.14976303317535544 0.05118483412322275 0.061611374407582936
6 0.3867298578199052 0.11042654028436019 0.03981042654028436 0.054976303317535544
6 0.41232227488151657 0.08388625592417062 0.04834123222748815 0.06255924170616113
6 0.43933649289099524 0.06872037914691943 0.01990521327014218 0.061611374407582936
9 0.37109004739336493 0.23838862559241705 0.06445497630331753 0.04454976303317536
9 0.47535545023696685 0.42322274881516586 0.052132701421800945 0.05402843601895735
9 0.7374407582938388 0.4165876777251185 0.05781990521327014 0.05308056872037915
9 0.737914691943128 0.4611374407582938 0.06350710900473934 0.05023696682464455
9 0.48009478672985784 0.4658767772511848 0.061611374407582936 0.055924170616113746
1 0.7165876777251184 0.5018957345971564 0.05781990521327014 0.06255924170616113
1 0.5052132701421801 0.5052132701421801 0.05687203791469194 0.06255924170616113
6 0.6914691943127962 0.5369668246445498 0.05308056872037915 0.06729857819905213
6 0.633175355450237 0.5540284360189573 0.058767772511848344 0.09194312796208531
6 0.5862559241706161 0.547867298578199 0.055924170616113746 0.06824644549763033
6 0.5383886255924171 0.5388625592417061 0.04834123222748815 0.06255924170616113
6 0.10710900473933649 0.6180094786729858 0.05308056872037915 0.03601895734597156
6 0.09289099526066351 0.6454976303317536 0.05687203791469194 0.054976303317535544
6 0.06824644549763033 0.6549763033175355 0.04834123222748815 0.05308056872037915
6 0.03601895734597156 0.6720379146919432 0.05023696682464455 0.07109004739336493
1 0.01042654028436019 0.6616113744075829 0.02085308056872038 0.06635071090047394
8 0.6497630331753554 0.7815165876777251 0.05687203791469194 0.05971563981042654
8 0.6445497630331753 0.7218009478672985 0.06350710900473934 0.07298578199052133
9 0.637914691943128 0.6658767772511849 0.05971563981042654 0.04928909952606635
9 0.6265402843601896 0.624170616113744 0.06066350710900474 0.04834123222748815