3 0.2042654028436019 0.25971563981042656 0.03601895734597156 0.03317535545023697
4 0.16350710900473933 0.3113744075829384 0.035071090047393366 0.03601895734597156
5 0.14454976303317535 0.35402843601895734 0.034123222748815164 0.03317535545023697
1 0.15592417061611374 0.4014218009478673 0.055924170616113746 0.05308056872037915
3 0.10900473933649289 0.4213270142180095 0.05023696682464455 0.05118483412322275
3 0.05308056872037915 0.44218009478672987 0.05023696682464455 0.058767772511848344
1 0.01943127962085308 0.4364928909952607 0.03886255924170616 0.05971563981042654
9 0.005687203791469194 0.41753554502369666 0.011374407582938388 0.052132701421800945
2 0.7748815165876777 0.27582938388625594 0.06919431279620854 0.07488151658767772
8 0.7748815165876777 0.34786729857819904 0.06445497630331753 0.06066350710900474
2 0.7848341232227488 0.3872037914691943 0.052132701421800945 0.04739336492890995
2 0.7772511848341233 0.43364928909952605 0.04834123222748815 0.052132701421800945
6 0.7545023696682465 0.46777251184834123 0.04265402843601896 0.05118483412322275
6 0.728909952606635 0.4843601895734597 0.03981042654028436 0.05118483412322275
6 0.6971563981042654 0.48578199052132703 0.03601895734597156 0.04928909952606635
6 0.6848341232227488 0.5 0.04075829383886256 0.052132701421800945
2 0.6483412322274882 0.4947867298578199 0.04265402843601896 0.05971563981042654
2 0.6080568720379147 0.4786729857819905 0.03886255924170616 0.052132701421800945
9 0.5706161137440758 0.46208530805687204 0.055924170616113746 0.05781990521327014
8 0.5260663507109005 0.42748815165876775 0.07393364928909953 0.08151658767772511
4 0.4431279620853081 0.8881516587677725 0.012322274881516588 0.04170616113744076
8 0.4071090047393365 0.8511848341232228 0.08151658767772511 0.0881516587677725
9 0.35260663507109 0.8298578199052132 0.054976303317535544 0.06824644549763033
9 0.3042654028436019 0.8199052132701422 0.05687203791469194 0.06729857819905213
1 0.2563981042654028 0.8170616113744076 0.05781990521327014 0.061611374407582936
6 0.21421800947867298 0.828436018957346 0.06255924170616113 0.05781990521327014
6 0.18056872037914692 0.8483412322274881 0.07962085308056872 0.06350710900473934
8 0.4654028436018957 0.8578199052132701 0.03222748815165877 0.07393364928909953
9 0.4606635071090047 0.8028436018957346 0.022748815165876776 0.05308056872037915
9 0.4601895734597156 0.7587677725118483 0.021800947867298578 0.05023696682464455
1 0.46492890995260666 0.7151658767772512 0.031279620853080566 0.06350710900473934
6 0.46872037914691944 0.6924170616113744 0.03886255924170616 0.025592417061611375
0 0.6104265402843602 0.6876777251184835 0.043601895734597156 0.016113744075829384
0 0.6601895734597156 0.7170616113744076 0.04549763033175355 0.04454976303317536
0 0.70521327014218 0.7654028436018957 0.04928909952606635 0.05687203791469194