3 0.1066350710900474 0.3132701421800948 0.04170616113744076 0.04075829383886256
5 0.17109004739336492 0.2971563981042654 0.04265402843601896 0.04549763033175355
9 0.22227488151658767 0.2829383886255924 0.06729857819905213 0.07582938388625593
9 0.2672985781990521 0.2886255924170616 0.06066350710900474 0.07488151658767772
1 0.31469194312796206 0.29289099526066353 0.06635071090047394 0.07109004739336493
6 0.33744075829383885 0.32559241706161135 0.06919431279620854 0.06824644549763033
6 0.3744075829383886 0.34454976303317536 0.07014218009478673 0.08056872037914692
8 0.6492890995260664 0.24691943127962085 0.08151658767772511 0.08056872037914692
8 0.9791469194312796 0.37819905213270144 0.04170616113744076 0.07582938388625593
8 0.9800947867298578 0.3194312796208531 0.03981042654028436 0.08530805687203792
8 0.6800947867298578 0.19146919431279621 0.08909952606635071 0.09573459715639811
9 0.7109004739336493 0.14454976303317535 0.08056872037914692 0.08056872037914692
9 0.9848341232227488 0.26255924170616113 0.03033175355450237 0.06255924170616113
9 0.9805687203791469 0.21421800947867298 0.03886255924170616 0.07203791469194312
9 0.74739336492891 0.10853080568720379 0.07582938388625593 0.07962085308056872
1 0.7938388625592417 0.07772511848341232 0.07298578199052133 0.07772511848341232
1 0.9796208530805687 0.16066350710900473 0.04075829383886256 0.07677725118483412
6 0.8407582938388626 0.07061611374407582 0.06066350710900474 0.07772511848341232
6 0.8895734597156398 0.07582938388625593 0.07772511848341232 0.08720379146919431
6 0.9459715639810427 0.09289099526066351 0.07109004739336493 0.08341232227488152
6 0.9744075829383886 0.11753554502369669 0.05118483412322275 0.06824644549763033
9 0.7843601895734598 0.6971563981042654 0.06255924170616113 0.06255924170616113
9 0.7568720379146919 0.7308056872037915 0.06350710900473934 0.06445497630331753
9 0.542654028436019 0.7497630331753554 0.06066350710900474 0.05687203791469194
1 0.7322274881516587 0.7630331753554502 0.05781990521327014 0.06540284360189573
6 0.7033175355450237 0.7890995260663507 0.05308056872037915 0.06540284360189573
6 0.6786729857819905 0.795260663507109 0.05118483412322275 0.06824644549763033
6 0.6374407582938388 0.8 0.05023696682464455 0.06445497630331753
6 0.6033175355450237 0.7933649289099526 0.04928909952606635 0.06350710900473934
1 0.5672985781990522 0.7767772511848341 0.05023696682464455 0.06635071090047394
9 0.5066350710900474 0.7241706161137441 0.06445497630331753 0.052132701421800945