8 0.6687203791469194 0.44644549763033176 0.03886255924170616 0.06635071090047394
8 0.6796208530805687 0.3962085308056872 0.06066350710900474 0.08151658767772511
9 0.6867298578199053 0.34739336492890993 0.07298578199052133 0.06350710900473934
9 0.6933649289099526 0.2985781990521327 0.06919431279620854 0.06066350710900474
1 0.704739336492891 0.24834123222748816 0.05402843601895735 0.05781990521327014
6 0.6597156398104266 0.13886255924170615 0.02085308056872038 0.05402843601895735
6 0.6786729857819905 0.16587677725118483 0.05781990521327014 0.055924170616113746
6 0.7018957345971564 0.2037914691943128 0.046445497630331754 0.052132701421800945
8 0.5781990521327014 0.7469194312796209 0.08530805687203792 0.08436018957345971
8 0.5469194312796208 0.6815165876777252 0.0909952606635071 0.0985781990521327
9 0.5146919431279621 0.6336492890995261 0.06635071090047394 0.06729857819905213
9 0.4876777251184834 0.6109004739336493 0.061611374407582936 0.021800947867298578
8 0.24218009478672986 0.7701421800947867 0.07109004739336493 0.07203791469194312
8 0.26066350710900477 0.7071090047393365 0.07298578199052133 0.07772511848341232
3 0.2829383886255924 0.6540284360189573 0.037914691943127965 0.035071090047393366
3 0.3075829383886256 0.6251184834123222 0.03981042654028436 0.03886255924170616
8 0.809478672985782 0.8298578199052132 0.07582938388625593 0.08530805687203792
8 0.7459715639810427 0.828436018957346 0.08056872037914692 0.08530805687203792
9 0.6909952606635071 0.8218009478672986 0.05781990521327014 0.06729857819905213
1 0.6630331753554503 0.8345971563981043 0.027488151658767772 0.061611374407582936