8 0.1004739336492891 0.2957345971563981 0.0909952606635071 0.09004739336492891
8 0.45118483412322274 0.2023696682464455 0.09004739336492891 0.08246445497630332
8 0.44454976303317534 0.26492890995260665 0.08720379146919431 0.08720379146919431
8 0.13317535545023695 0.35260663507109 0.09004739336492891 0.0909952606635071
9 0.15450236966824646 0.395260663507109 0.06919431279620854 0.06824644549763033
2 0.1971563981042654 0.4132701421800948 0.05687203791469194 0.05687203791469194
4 0.24549763033175356 0.4042654028436019 0.04075829383886256 0.04075829383886256
5 0.3578199052132701 0.3900473933649289 0.03981042654028436 0.04170616113744076
3 0.3909952606635071 0.3753554502369668 0.029383886255924172 0.02843601895734597
9 0.42985781990521327 0.3578199052132701 0.07298578199052133 0.061611374407582936
9 0.44170616113744077 0.31563981042654027 0.07393364928909953 0.06255924170616113
8 0.8606635071090047 0.3805687203791469 0.08341232227488152 0.0985781990521327
8 0.9222748815165877 0.4042654028436019 0.08056872037914692 0.08909952606635071
4 0.8042654028436019 0.3933649289099526 0.03601895734597156 0.03696682464454976
9 0.7630331753554502 0.36729857819905215 0.07109004739336493 0.0938388625592417
1 0.7123222748815166 0.3639810426540284 0.06540284360189573 0.08720379146919431
6 0.6886255924170616 0.3824644549763033 0.01800947867298578 0.08056872037914692
8 0.03175355450236967 0.6829383886255924 0.06350710900473934 0.06729857819905213
9 0.05308056872037915 0.7170616113744076 0.06066350710900474 0.06445497630331753
9 0.0966824644549763 0.7336492890995261 0.06066350710900474 0.061611374407582936
1 0.13222748815165877 0.7592417061611374 0.061611374407582936 0.06635071090047394
6 0.16824644549763032 0.7649289099526067 0.046445497630331754 0.05687203791469194
6 0.204739336492891 0.762085308056872 0.04739336492890995 0.05687203791469194
6 0.23696682464454977 0.752132701421801 0.04265402843601896 0.052132701421800945
6 0.266824644549763 0.7393364928909952 0.04834123222748815 0.05781990521327014
1 0.2876777251184834 0.7014218009478673 0.058767772511848344 0.06350710900473934
0 0.2843601895734597 0.6597156398104266 0.04170616113744076 0.02085308056872038
9 0.9312796208530806 0.9706161137440759 0.0976303317535545 0.058767772511848344
0 0.9601895734597157 0.9184834123222749 0.06540284360189573 0.07109004739336493
0 0.975829383886256 0.843127962085308 0.04834123222748815 0.07867298578199051