8 0.8535545023696682 0.3938388625592417 0.08341232227488152 0.08530805687203792
8 0.7914691943127962 0.4085308056872038 0.08720379146919431 0.09004739336492891
9 0.7364928909952607 0.41232227488151657 0.06824644549763033 0.07203791469194312
9 0.6957345971563981 0.4151658767772512 0.05402843601895735 0.05971563981042654
1 0.6440758293838863 0.4132701421800948 0.05687203791469194 0.058767772511848344
6 0.5957345971563981 0.3848341232227488 0.05781990521327014 0.05023696682464455
6 0.5772511848341232 0.35118483412322277 0.05308056872037915 0.04834123222748815
6 0.5549763033175356 0.323696682464455 0.04739336492890995 0.04549763033175355
4 0.28104265402843603 0.8601895734597157 0.06255924170616113 0.06540284360189573
2 0.2796208530805687 0.95260663507109 0.11374407582938388 0.0947867298578199
8 0.6853080568720379 0.6691943127962086 0.07867298578199051 0.07772511848341232
8 0.7511848341232228 0.6748815165876777 0.08341232227488152 0.08151658767772511
9 0.8037914691943128 0.6701421800947868 0.06066350710900474 0.06635071090047394
9 0.8473933649289099 0.6739336492890995 0.058767772511848344 0.05971563981042654
1 0.8895734597156398 0.6829383886255924 0.05402843601895735 0.058767772511848344
6 0.9222748815165877 0.70521327014218 0.05118483412322275 0.05118483412322275
6 0.9417061611374408 0.7293838862559242 0.054976303317535544 0.046445497630331754
6 0.9530805687203792 0.7540284360189573 0.058767772511848344 0.04739336492890995
6 0.9601895734597157 0.781042654028436 0.05402843601895735 0.046445497630331754