1 0.6521327014218009 0.26919431279620853 0.024644549763033177 0.06066350710900474
0 0.647867298578199 0.21753554502369668 0.016113744075829384 0.03886255924170616
0 0.6526066350710901 0.16445497630331754 0.025592417061611375 0.03886255924170616
0 0.6654028436018957 0.057345971563981045 0.03981042654028436 0.04265402843601896
8 0.3004739336492891 0.4161137440758294 0.06824644549763033 0.06824644549763033
8 0.3251184834123223 0.47345971563981043 0.07298578199052133 0.06824644549763033
9 0.35118483412322277 0.5218009478672986 0.05687203791469194 0.05971563981042654
8 0.6303317535545023 0.376303317535545 0.018957345971563982 0.05308056872037915
8 0.6189573459715639 0.42938388625592416 0.04170616113744076 0.07772511848341232
9 0.6090047393364929 0.4938388625592417 0.061611374407582936 0.07393364928909953
4 0.5701421800947867 0.5222748815165876 0.034123222748815164 0.03033175355450237
3 0.5388625592417061 0.5625592417061611 0.029383886255924172 0.03033175355450237
4 0.42985781990521327 0.566824644549763 0.03222748815165877 0.029383886255924172
4 0.3962085308056872 0.5511848341232227 0.029383886255924172 0.03222748815165877
8 0.9781990521327014 0.6611374407582938 0.043601895734597156 0.08436018957345971