4 0.21800947867298578 0.2739336492890995 0.03886255924170616 0.035071090047393366
8 0.15497630331753554 0.26966824644549764 0.0947867298578199 0.1004739336492891
9 0.0924170616113744 0.2672985781990521 0.061611374407582936 0.07203791469194312
9 0.04454976303317536 0.2616113744075829 0.06350710900473934 0.07203791469194312
1 0.014218009478672985 0.25213270142180094 0.02843601895734597 0.07203791469194312
8 0.8834123222748815 0.01042654028436019 0.08530805687203792 0.02085308056872038
8 0.8924170616113745 0.04312796208530806 0.09004739336492891 0.08625592417061612
1 0.9734597156398104 0.2018957345971564 0.05308056872037915 0.07962085308056872
9 0.9469194312796209 0.17677725118483412 0.05971563981042654 0.06350710900473934
9 0.9265402843601895 0.13317535545023695 0.06350710900473934 0.06635071090047394
3 0.9293838862559242 0.07962085308056872 0.03601895734597156 0.037914691943127965
9 0.5123222748815166 0.8781990521327014 0.014218009478672985 0.06729857819905213
8 0.4777251184834123 0.5848341232227489 0.08341232227488152 0.08909952606635071
8 0.44691943127962086 0.6388625592417062 0.07582938388625593 0.08151658767772511
9 0.4208530805687204 0.6881516587677725 0.06635071090047394 0.06255924170616113
9 0.4037914691943128 0.728436018957346 0.06729857819905213 0.05971563981042654
4 0.4018957345971564 0.7611374407582938 0.04170616113744076 0.037914691943127965
2 0.4080568720379147 0.8 0.04928909952606635 0.05118483412322275
2 0.4218009478672986 0.8274881516587678 0.04265402843601896 0.05402843601895735
2 0.437914691943128 0.8450236966824645 0.04170616113744076 0.052132701421800945
2 0.46255924170616114 0.8587677725118483 0.043601895734597156 0.05687203791469194
2 0.4928909952606635 0.8720379146919431 0.046445497630331754 0.05781990521327014
3 0.9729857819905213 0.4710900473933649 0.05023696682464455 0.022748815165876776
3 0.9327014218009478 0.5033175355450237 0.043601895734597156 0.046445497630331754
9 0.8919431279620853 0.5383886255924171 0.08151658767772511 0.07488151658767772
9 0.8654028436018958 0.5838862559241706 0.08056872037914692 0.07772511848341232
1 0.8407582938388626 0.6350710900473934 0.07298578199052133 0.07393364928909953
1 0.9767772511848342 0.7919431279620853 0.046445497630331754 0.07488151658767772
6 0.9350710900473934 0.7971563981042654 0.06824644549763033 0.06919431279620854
6 0.8777251184834123 0.785781990521327 0.08341232227488152 0.08341232227488152
6 0.8350710900473933 0.747867298578199 0.08151658767772511 0.08436018957345971
6 0.8279620853080568 0.6876777251184835 0.06350710900473934 0.07014218009478673