8 0.16350710900473933 0.34407582938388626 0.07203791469194312 0.07109004739336493
8 0.4777251184834123 0.31516587677725116 0.07014218009478673 0.06919431279620854
8 0.4710900473933649 0.3696682464454976 0.07298578199052133 0.07393364928909953
8 0.18862559241706162 0.3943127962085308 0.07109004739336493 0.07109004739336493
9 0.2127962085308057 0.4270142180094787 0.05023696682464455 0.025592417061611375
9 0.4601895734597156 0.4146919431279621 0.05402843601895735 0.05023696682464455
8 0.7890995260663507 0.26540284360189575 0.06635071090047394 0.07014218009478673
8 0.7990521327014218 0.314218009478673 0.06824644549763033 0.06445497630331753
9 0.7914691943127962 0.36635071090047394 0.04834123222748815 0.04170616113744076
9 0.7962085308056872 0.4028436018957346 0.05118483412322275 0.046445497630331754
1 0.8071090047393364 0.42843601895734595 0.04834123222748815 0.022748815165876776
8 0.1943127962085308 0.8071090047393364 0.1014218009478673 0.0995260663507109
3 0.16350710900473933 0.8407582938388626 0.04454976303317536 0.04454976303317536
3 0.16018957345971563 0.8919431279620853 0.04454976303317536 0.04739336492890995
9 0.15592417061611374 0.9549763033175356 0.07962085308056872 0.07772511848341232
6 0.13080568720379146 0.9772511848341232 0.058767772511848344 0.04549763033175355
6 0.08483412322274882 0.9824644549763033 0.07677725118483412 0.035071090047393366
6 0.03317535545023697 0.985781990521327 0.06635071090047394 0.02843601895734597
8 0.833175355450237 0.5938388625592417 0.07203791469194312 0.07867298578199051
9 0.7364928909952607 0.6303317535545023 0.06635071090047394 0.07677725118483412
9 0.6886255924170616 0.6393364928909953 0.06824644549763033 0.07393364928909953
1 0.6345971563981042 0.6540284360189573 0.07109004739336493 0.07298578199052133
6 0.5919431279620853 0.6426540284360189 0.06255924170616113 0.06066350710900474
6 0.557345971563981 0.6298578199052133 0.054976303317535544 0.052132701421800945
8 0.7838862559241706 0.6132701421800948 0.07298578199052133 0.08151658767772511