8 0.5137440758293839 0.4369668246445498 0.061611374407582936 0.07772511848341232
8 0.45876777251184836 0.4132701421800948 0.07298578199052133 0.07962085308056872
9 0.40616113744075827 0.3990521327014218 0.05118483412322275 0.06350710900473934
9 0.36208530805687206 0.3914691943127962 0.05023696682464455 0.05971563981042654
1 0.32085308056872036 0.3824644549763033 0.046445497630331754 0.04928909952606635
6 0.27440758293838863 0.3928909952606635 0.058767772511848344 0.05402843601895735
6 0.23601895734597156 0.418957345971564 0.07014218009478673 0.06255924170616113
9 0.6672985781990521 0.03981042654028436 0.058767772511848344 0.055924170616113746
1 0.666824644549763 0.13696682464454976 0.06729857819905213 0.06635071090047394
6 0.6563981042654028 0.1819905213270142 0.04454976303317536 0.04549763033175355
6 0.6317535545023697 0.20616113744075829 0.04265402843601896 0.046445497630331754
6 0.6061611374407583 0.22369668246445498 0.03317535545023697 0.04928909952606635
8 0.6606635071090048 0.6563981042654028 0.07772511848341232 0.03317535545023697