9 0.13838862559241707 0.7535545023696683 0.08625592417061612 0.06635071090047394
1 0.11374407582938388 0.7118483412322275 0.07203791469194312 0.07772511848341232
6 0.06682464454976303 0.7033175355450237 0.058767772511848344 0.07393364928909953
6 0.024170616113744076 0.6848341232227488 0.04834123222748815 0.07677725118483412
8 0.7909952606635071 0.6289099526066351 0.08341232227488152 0.08341232227488152
8 0.46398104265402845 0.6985781990521327 0.04834123222748815 0.07962085308056872
8 0.4710900473933649 0.6345971563981042 0.06255924170616113 0.09194312796208531
9 0.4772511848341232 0.5777251184834123 0.06540284360189573 0.06445497630331753
9 0.4843601895734597 0.5345971563981042 0.061611374407582936 0.06445497630331753
1 0.5175355450236967 0.5137440758293839 0.058767772511848344 0.07582938388625593
3 0.5867298578199052 0.5066350710900474 0.035071090047393366 0.03317535545023697
3 0.6488151658767772 0.5056872037914691 0.035071090047393366 0.031279620853080566
4 0.6800947867298578 0.5246445497630332 0.03981042654028436 0.037914691943127965
9 0.7218009478672985 0.5322274881516588 0.06066350710900474 0.061611374407582936
3 0.7492890995260664 0.5838862559241706 0.04075829383886256 0.04075829383886256