8 0.27061611374407585 0.06018957345971564 0.08151658767772511 0.08246445497630332
8 0.02843601895734597 0.05924170616113744 0.05687203791469194 0.06729857819905213
9 0.032701421800947865 0.0981042654028436 0.05687203791469194 0.05023696682464455
9 0.04549763033175355 0.12748815165876778 0.05308056872037915 0.043601895734597156
9 0.24597156398104264 0.104739336492891 0.055924170616113746 0.058767772511848344
9 0.22227488151658767 0.13838862559241707 0.05781990521327014 0.06350710900473934
1 0.19478672985781992 0.17393364928909952 0.05308056872037915 0.06066350710900474
1 0.05687203791469194 0.16966824644549763 0.058767772511848344 0.05781990521327014
6 0.15545023696682464 0.1791469194312796 0.03981042654028436 0.046445497630331754
6 0.12796208530805686 0.1909952606635071 0.03886255924170616 0.043601895734597156
6 0.1033175355450237 0.18578199052132702 0.04549763033175355 0.046445497630331754
6 0.07156398104265403 0.190521327014218 0.037914691943127965 0.04265402843601896
8 0.9654028436018958 0.07298578199052133 0.06919431279620854 0.08151658767772511
2 0.9161137440758294 0.08530805687203792 0.043601895734597156 0.05687203791469194
9 0.8696682464454977 0.09194312796208531 0.05308056872037915 0.05781990521327014
1 0.8260663507109005 0.0938388625592417 0.05971563981042654 0.05308056872037915
6 0.79478672985782 0.08104265402843602 0.058767772511848344 0.04454976303317536
6 0.7748815165876777 0.06018957345971564 0.06635071090047394 0.04170616113744076
9 0.5071090047393365 0.9483412322274881 0.04549763033175355 0.06729857819905213
9 0.4966824644549763 0.9080568720379147 0.06635071090047394 0.06824644549763033
8 0.19194312796208532 0.9701421800947867 0.08436018957345971 0.05971563981042654
9 0.2184834123222749 0.9421800947867298 0.07298578199052133 0.07109004739336493
9 0.23981042654028437 0.9061611374407583 0.07203791469194312 0.07014218009478673
1 0.2739336492890995 0.8744075829383886 0.05971563981042654 0.07203791469194312
1 0.47535545023696685 0.866824644549763 0.06540284360189573 0.07014218009478673
4 0.4327014218009479 0.8729857819905213 0.034123222748815164 0.035071090047393366
4 0.32796208530805687 0.8696682464454977 0.031279620853080566 0.03696682464454976
9 0.6625592417061611 0.9710900473933649 0.06445497630331753 0.05781990521327014
9 0.6459715639810426 0.9265402843601895 0.06824644549763033 0.058767772511848344
1 0.6194312796208531 0.8876777251184834 0.061611374407582936 0.061611374407582936
6 0.5886255924170616 0.8639810426540284 0.05687203791469194 0.061611374407582936
6 0.5521327014218009 0.8545023696682464 0.04454976303317536 0.06540284360189573