9 0.024170616113744076 0.5563981042654028 0.04834123222748815 0.05308056872037915
2 0.05545023696682464 0.5289099526066351 0.04834123222748815 0.052132701421800945
3 0.09004739336492891 0.48625592417061614 0.043601895734597156 0.04549763033175355
7 0.13601895734597155 0.4483412322274882 0.058767772511848344 0.05687203791469194
8 0.6592417061611374 0.15687203791469195 0.09194312796208531 0.09289099526066351
8 0.7274881516587678 0.1895734597156398 0.09004739336492891 0.0938388625592417
9 0.7834123222748816 0.21469194312796208 0.058767772511848344 0.06729857819905213
9 0.8364928909952607 0.23222748815165878 0.06729857819905213 0.06729857819905213
1 0.8886255924170616 0.23981042654028437 0.058767772511848344 0.061611374407582936
6 0.9270142180094787 0.2213270142180095 0.06066350710900474 0.05023696682464455
6 0.9554502369668246 0.1957345971563981 0.06824644549763033 0.046445497630331754
6 0.7417061611374408 0.9890995260663508 0.05023696682464455 0.021800947867298578
6 0.7161137440758294 0.9753554502369668 0.06350710900473934 0.04928909952606635