8 0.38909952606635073 0.2123222748815166 0.08341232227488152 0.08246445497630332
8 0.3990521327014218 0.2824644549763033 0.07962085308056872 0.08151658767772511
9 0.42274881516587676 0.33127962085308055 0.06255924170616113 0.05402843601895735
9 0.44075829383886256 0.3706161137440758 0.058767772511848344 0.05687203791469194
1 0.44739336492890996 0.4075829383886256 0.054976303317535544 0.04170616113744076
6 0.47440758293838864 0.4251184834123223 0.05023696682464455 0.04265402843601896
6 0.4872037914691943 0.4308056872037915 0.024644549763033177 0.03696682464454976
3 0.7265402843601896 0.031279620853080566 0.05023696682464455 0.04928909952606635
3 0.7630331753554502 0.08767772511848342 0.05308056872037915 0.052132701421800945
9 0.7909952606635071 0.13601895734597155 0.06066350710900474 0.06350710900473934
9 0.8165876777251185 0.1791469194312796 0.05781990521327014 0.05023696682464455
1 0.9881516587677726 0.17725118483412322 0.023696682464454975 0.06255924170616113
6 0.9796208530805687 0.2004739336492891 0.04075829383886256 0.05023696682464455
6 0.9507109004739337 0.2156398104265403 0.04170616113744076 0.05687203791469194
6 0.9180094786729858 0.22227488151658767 0.03601895734597156 0.04928909952606635
6 0.8843601895734597 0.2156398104265403 0.04075829383886256 0.05402843601895735
1 0.8478672985781991 0.21421800947867298 0.04834123222748815 0.058767772511848344
8 0.4876777251184834 0.6928909952606636 0.023696682464454975 0.07203791469194312
8 0.4492890995260663 0.7071090047393365 0.08056872037914692 0.07772511848341232
4 0.3909952606635071 0.7303317535545024 0.04265402843601896 0.03981042654028436
9 0.33175355450236965 0.7218009478672985 0.055924170616113746 0.05781990521327014
9 0.2862559241706161 0.7251184834123223 0.054976303317535544 0.05687203791469194
1 0.24360189573459715 0.738388625592417 0.05402843601895735 0.06540284360189573
6 0.2066350710900474 0.7488151658767772 0.05023696682464455 0.06729857819905213
6 0.17819905213270143 0.7507109004739336 0.037914691943127965 0.04454976303317536
6 0.15687203791469195 0.7663507109004739 0.03696682464454976 0.04265402843601896
3 0.8516587677725118 0.5834123222748815 0.04739336492890995 0.04454976303317536
3 0.7535545023696683 0.6199052132701421 0.03886255924170616 0.03696682464454976
4 0.7118483412322275 0.6161137440758294 0.03696682464454976 0.03601895734597156
9 0.5928909952606635 0.47014218009478675 0.06729857819905213 0.04170616113744076
9 0.590047393364929 0.5042654028436019 0.05971563981042654 0.05781990521327014
1 0.5848341232227489 0.5459715639810426 0.06350710900473934 0.05781990521327014
6 0.6649289099526067 0.6407582938388625 0.05687203791469194 0.06066350710900474
6 0.6407582938388625 0.6222748815165877 0.04834123222748815 0.05023696682464455
6 0.6104265402843602 0.614691943127962 0.054976303317535544 0.061611374407582936
6 0.5943127962085308 0.5872037914691943 0.05687203791469194 0.055924170616113746