8 0.33696682464454975 0.05402843601895735 0.08246445497630332 0.07867298578199051
8 0.4037914691943128 0.053554502369668244 0.0881516587677725 0.0909952606635071
4 0.4549763033175355 0.05971563981042654 0.03981042654028436 0.04075829383886256
9 0.5023696682464455 0.05165876777251185 0.05971563981042654 0.06540284360189573
1 0.5450236966824644 0.03838862559241706 0.05687203791469194 0.061611374407582936
6 0.571563981042654 0.017061611374407582 0.058767772511848344 0.034123222748815164
3 0.9554502369668246 0.0966824644549763 0.04075829383886256 0.04265402843601896
8 0.3042654028436019 0.9289099526066351 0.08625592417061612 0.08625592417061612
8 0.3687203791469194 0.9364928909952607 0.09004739336492891 0.08909952606635071
9 0.47393364928909953 0.9388625592417061 0.05687203791469194 0.06066350710900474
1 0.518957345971564 0.928436018957346 0.05781990521327014 0.055924170616113746
6 0.5521327014218009 0.9085308056872038 0.061611374407582936 0.054976303317535544
6 0.5696682464454976 0.8867298578199052 0.06066350710900474 0.05118483412322275
9 0.4265402843601896 0.943127962085308 0.05687203791469194 0.06255924170616113
8 0.8639810426540284 0.9696682464454977 0.0976303317535545 0.06066350710900474
8 0.9090047393364928 0.9341232227488152 0.10426540284360189 0.11753554502369669
9 0.9587677725118483 0.885308056872038 0.08246445497630332 0.0985781990521327
9 0.985781990521327 0.8502369668246446 0.02843601895734597 0.10426540284360189