8 0.5606635071090047 0.014691943127962086 0.08625592417061612 0.029383886255924172
8 0.8981042654028436 0.00995260663507109 0.0881516587677725 0.01990521327014218
8 0.03886255924170616 0.4364928909952607 0.07772511848341232 0.08056872037914692
8 0.03838862559241706 0.5018957345971564 0.07677725118483412 0.08436018957345971
8 0.3 0.5867298578199052 0.03886255924170616 0.08720379146919431
9 0.2772511848341232 0.6227488151658768 0.05971563981042654 0.06540284360189573
9 0.24786729857819906 0.6492890995260664 0.055924170616113746 0.055924170616113746
1 0.21753554502369668 0.6725118483412322 0.04928909952606635 0.05402843601895735
9 0.04881516587677725 0.5545023696682464 0.05687203791469194 0.058767772511848344
9 0.05829383886255924 0.5962085308056873 0.04928909952606635 0.04928909952606635
6 0.17819905213270143 0.690521327014218 0.04928909952606635 0.05402843601895735
6 0.14407582938388624 0.6909952606635071 0.043601895734597156 0.05308056872037915
6 0.10995260663507109 0.6843601895734597 0.043601895734597156 0.04928909952606635
6 0.08767772511848342 0.6616113744075829 0.05118483412322275 0.04928909952606635
1 0.06872037914691943 0.633175355450237 0.055924170616113746 0.05118483412322275
9 0.4308056872037915 0.8777251184834123 0.07677725118483412 0.07109004739336493
9 0.7232227488151659 0.8151658767772512 0.07393364928909953 0.07298578199052133
9 0.4431279620853081 0.833175355450237 0.07298578199052133 0.07014218009478673
9 0.6947867298578199 0.7781990521327015 0.07393364928909953 0.06729857819905213
1 0.6654028436018957 0.7426540284360189 0.06635071090047394 0.06824644549763033
1 0.45118483412322274 0.7886255924170616 0.06729857819905213 0.06919431279620854
6 0.48056872037914694 0.7511848341232228 0.05402843601895735 0.061611374407582936
6 0.5203791469194313 0.7327014218009479 0.06635071090047394 0.07109004739336493
6 0.5734597156398105 0.7251184834123223 0.06729857819905213 0.07298578199052133
6 0.6218009478672986 0.7260663507109004 0.05687203791469194 0.05971563981042654