8 0.32559241706161135 0.36066350710900474 0.07109004739336493 0.03696682464454976
8 0.28151658767772514 0.3407582938388626 0.07393364928909953 0.07677725118483412
9 0.23412322274881517 0.3180094786729858 0.05308056872037915 0.061611374407582936
9 0.1938388625592417 0.2966824644549763 0.058767772511848344 0.058767772511848344
1 0.023222748815165877 0.36682464454976305 0.046445497630331754 0.024644549763033177
1 0.15639810426540285 0.28056872037914693 0.04739336492890995 0.05402843601895735
6 0.11374407582938388 0.2791469194312796 0.04928909952606635 0.05023696682464455
6 0.07014218009478673 0.27677725118483415 0.05781990521327014 0.06635071090047394
6 0.03744075829383886 0.304739336492891 0.06255924170616113 0.061611374407582936
6 0.03459715639810427 0.34170616113744073 0.052132701421800945 0.04834123222748815
9 0.7127962085308057 0.3137440758293839 0.06919431279620854 0.06445497630331753
9 0.6848341232227488 0.26919431279620853 0.06635071090047394 0.06635071090047394
1 0.495260663507109 0.25165876777251184 0.012322274881516588 0.07109004739336493
6 0.5075829383886256 0.22559241706161137 0.03696682464454976 0.06635071090047394
6 0.5327014218009478 0.20853080568720378 0.05023696682464455 0.06540284360189573
6 0.5725118483412323 0.2104265402843602 0.04834123222748815 0.058767772511848344
6 0.6170616113744076 0.21137440758293838 0.05402843601895735 0.06540284360189573
1 0.6526066350710901 0.23886255924170616 0.054976303317535544 0.06824644549763033
8 0.11658767772511848 0.8056872037914692 0.09289099526066351 0.09194312796208531
9 0.46445497630331756 0.7317535545023697 0.04928909952606635 0.06445497630331753
9 0.13412322274881516 0.7464454976303317 0.07393364928909953 0.061611374407582936
9 0.15971563981042655 0.7 0.07582938388625593 0.061611374407582936
1 0.17725118483412322 0.6454976303317536 0.061611374407582936 0.06255924170616113
6 0.2161137440758294 0.6161137440758294 0.05971563981042654 0.05971563981042654
6 0.27440758293838863 0.6037914691943128 0.06919431279620854 0.07393364928909953
6 0.33981042654028437 0.5971563981042654 0.06824644549763033 0.07298578199052133
6 0.3976303317535545 0.6109004739336493 0.058767772511848344 0.05687203791469194
1 0.43364928909952605 0.6369668246445498 0.06066350710900474 0.06350710900473934
4 0.6786729857819905 0.5545023696682464 0.04075829383886256 0.03981042654028436
3 0.6436018957345971 0.6104265402843602 0.03696682464454976 0.037914691943127965
1 0.6137440758293838 0.7208530805687203 0.05308056872037915 0.05971563981042654
9 0.633175355450237 0.6791469194312796 0.06350710900473934 0.055924170616113746
6 0.5748815165876777 0.7402843601895734 0.05402843601895735 0.05687203791469194
6 0.5270142180094787 0.7592417061611374 0.061611374407582936 0.06729857819905213
6 0.49715639810426543 0.7563981042654029 0.016113744075829384 0.07014218009478673