8 0.08293838862559241 0.43981042654028435 0.07203791469194312 0.06350710900473934
8 0.08862559241706161 0.3872037914691943 0.07393364928909953 0.06824644549763033
9 0.0938388625592417 0.3407582938388626 0.058767772511848344 0.04834123222748815
9 0.1080568720379147 0.3052132701421801 0.06255924170616113 0.06066350710900474
1 0.12369668246445498 0.26066350710900477 0.06066350710900474 0.06729857819905213
6 0.14407582938388624 0.2156398104265403 0.06255924170616113 0.06540284360189573
6 0.17156398104265402 0.1853080568720379 0.055924170616113746 0.06255924170616113
6 0.22748815165876776 0.1876777251184834 0.06919431279620854 0.08151658767772511
6 0.27109004739336495 0.2028436018957346 0.055924170616113746 0.06350710900473934
1 0.3052132701421801 0.22511848341232227 0.054976303317535544 0.06066350710900474
9 0.33364928909952607 0.26303317535545023 0.06540284360189573 0.06066350710900474
9 0.3691943127962085 0.2914691943127962 0.06066350710900474 0.06729857819905213
8 0.3938388625592417 0.3289099526066351 0.07867298578199051 0.08436018957345971
8 0.4165876777251185 0.36824644549763036 0.08056872037914692 0.08056872037914692
8 0.918957345971564 0.042180094786729856 0.0938388625592417 0.08436018957345971
9 0.8848341232227488 0.0867298578199052 0.06255924170616113 0.06255924170616113
9 0.8606635071090047 0.12369668246445498 0.061611374407582936 0.05687203791469194
9 0.9800947867298578 0.2796208530805687 0.03981042654028436 0.06255924170616113
9 0.9478672985781991 0.29241706161137443 0.058767772511848344 0.06066350710900474
1 0.8450236966824645 0.16255924170616115 0.06066350710900474 0.055924170616113746
1 0.904739336492891 0.2834123222748815 0.055924170616113746 0.06066350710900474
6 0.8327014218009479 0.2014218009478673 0.06066350710900474 0.05308056872037915
6 0.8691943127962085 0.27582938388625594 0.05402843601895735 0.061611374407582936
6 0.8355450236966825 0.23270142180094786 0.061611374407582936 0.05687203791469194
6 0.8417061611374408 0.262085308056872 0.052132701421800945 0.05402843601895735
3 0.11232227488151658 0.7090047393364929 0.04549763033175355 0.043601895734597156
3 0.15829383886255924 0.7421800947867299 0.046445497630331754 0.04739336492890995
9 0.204739336492891 0.7767772511848341 0.06066350710900474 0.07109004739336493
4 0.23744075829383887 0.790521327014218 0.03601895734597156 0.04075829383886256
8 0.3933649289099526 0.5289099526066351 0.0909952606635071 0.018957345971563982
3 0.3990521327014218 0.5582938388625592 0.046445497630331754 0.04454976303317536
9 0.42227488151658765 0.5881516587677725 0.07109004739336493 0.061611374407582936
9 0.43838862559241704 0.6279620853080569 0.07393364928909953 0.06540284360189573
1 0.44218009478672987 0.671090047393365 0.07488151658767772 0.06635071090047394
6 0.33649289099526064 0.8213270142180095 0.06824644549763033 0.07298578199052133
6 0.3824644549763033 0.8090047393364929 0.08246445497630332 0.08056872037914692
6 0.41753554502369666 0.7706161137440758 0.08530805687203792 0.07772511848341232
6 0.44028436018957345 0.7232227488151659 0.07109004739336493 0.06350710900473934
1 0.2890995260663507 0.8113744075829384 0.07582938388625593 0.07298578199052133
8 0.7454976303317535 0.6739336492890995 0.09194312796208531 0.07867298578199051
8 0.7668246445497631 0.6255924170616114 0.09289099526066351 0.08720379146919431
8 0.7881516587677725 0.590047393364929 0.06540284360189573 0.05687203791469194
9 0.8104265402843602 0.5644549763033175 0.07203791469194312 0.06445497630331753
9 0.8355450236966825 0.5407582938388625 0.07488151658767772 0.04265402843601896